accelerometer_x,accelerometer_y,accelerometer_z,fall,x_lag_1,x_lag_2,y_lag_1,y_lag_2,z_lag_1,z_lag_2
3826,1258,-352,0,,,,,,
3827,1258,-352,0,3826.0,,1258.0,,-352.0,
3824,1253,-351,0,3827.0,3826.0,1258.0,1258.0,-352.0,-352.0
3819,1246,-357,0,3824.0,3827.0,1253.0,1258.0,-351.0,-352.0
3819,1243,-354,0,3819.0,3824.0,1246.0,1253.0,-357.0,-351.0
3817,1241,-350,0,3819.0,3819.0,1243.0,1246.0,-354.0,-357.0
3816,1237,-353,0,3817.0,3819.0,1241.0,1243.0,-350.0,-354.0
3813,1241,-351,0,3816.0,3817.0,1237.0,1241.0,-353.0,-350.0
3810,1240,-351,0,3813.0,3816.0,1241.0,1237.0,-351.0,-353.0
3805,1240,-347,0,3810.0,3813.0,1240.0,1241.0,-351.0,-351.0
3804,1242,-344,0,3805.0,3810.0,1240.0,1240.0,-347.0,-351.0
3799,1241,-346,0,3804.0,3805.0,1242.0,1240.0,-344.0,-347.0
3800,1240,-347,0,3799.0,3804.0,1241.0,1242.0,-346.0,-344.0
3799,1239,-347,0,3800.0,3799.0,1240.0,1241.0,-347.0,-346.0
3802,1236,-350,0,3799.0,3800.0,1239.0,1240.0,-347.0,-347.0
3805,1236,-350,0,3802.0,3799.0,1236.0,1239.0,-350.0,-347.0
3808,1240,-352,0,3805.0,3802.0,1236.0,1236.0,-350.0,-350.0
3814,1242,-358,0,3808.0,3805.0,1240.0,1236.0,-352.0,-350.0
3819,1243,-357,0,3814.0,3808.0,1242.0,1240.0,-358.0,-352.0
3822,1241,-354,0,3819.0,3814.0,1243.0,1242.0,-357.0,-358.0
3828,1241,-353,0,3822.0,3819.0,1241.0,1243.0,-354.0,-357.0
3836,1240,-350,0,3828.0,3822.0,1241.0,1241.0,-353.0,-354.0
3843,1243,-348,0,3836.0,3828.0,1240.0,1241.0,-350.0,-353.0
3842,1240,-345,0,3843.0,3836.0,1243.0,1240.0,-348.0,-350.0
3843,1239,-338,0,3842.0,3843.0,1240.0,1243.0,-345.0,-348.0
3841,1238,-335,0,3843.0,3842.0,1239.0,1240.0,-338.0,-345.0
3837,1238,-337,0,3841.0,3843.0,1238.0,1239.0,-335.0,-338.0
3833,1238,-344,0,3837.0,3841.0,1238.0,1238.0,-337.0,-335.0
3830,1240,-351,0,3833.0,3837.0,1238.0,1238.0,-344.0,-337.0
3826,1242,-356,0,3830.0,3833.0,1240.0,1238.0,-351.0,-344.0
3823,1240,-362,0,3826.0,3830.0,1242.0,1240.0,-356.0,-351.0
3818,1237,-368,0,3823.0,3826.0,1240.0,1242.0,-362.0,-356.0
3817,1231,-374,0,3818.0,3823.0,1237.0,1240.0,-368.0,-362.0
3820,1232,-377,0,3817.0,3818.0,1231.0,1237.0,-374.0,-368.0
3824,1232,-377,0,3820.0,3817.0,1232.0,1231.0,-377.0,-374.0
3833,1229,-365,0,3824.0,3820.0,1232.0,1232.0,-377.0,-377.0
3845,1224,-352,0,3833.0,3824.0,1229.0,1232.0,-365.0,-377.0
3857,1223,-341,0,3845.0,3833.0,1224.0,1229.0,-352.0,-365.0
3866,1218,-331,0,3857.0,3845.0,1223.0,1224.0,-341.0,-352.0
3861,1219,-333,0,3866.0,3857.0,1218.0,1223.0,-331.0,-341.0
3858,1225,-332,0,3861.0,3866.0,1219.0,1218.0,-333.0,-331.0
3851,1233,-331,0,3858.0,3861.0,1225.0,1219.0,-332.0,-333.0
3840,1235,-331,0,3851.0,3858.0,1233.0,1225.0,-331.0,-332.0
3830,1241,-326,0,3840.0,3851.0,1235.0,1233.0,-331.0,-331.0
3820,1242,-327,0,3830.0,3840.0,1241.0,1235.0,-326.0,-331.0
3807,1239,-330,0,3820.0,3830.0,1242.0,1241.0,-327.0,-326.0
3800,1234,-332,0,3807.0,3820.0,1239.0,1242.0,-330.0,-327.0
3796,1228,-326,0,3800.0,3807.0,1234.0,1239.0,-332.0,-330.0
3793,1229,-329,0,3796.0,3800.0,1228.0,1234.0,-326.0,-332.0
3794,1227,-328,0,3793.0,3796.0,1229.0,1228.0,-329.0,-326.0
3799,1226,-324,0,3794.0,3793.0,1227.0,1229.0,-328.0,-329.0
3804,1222,-320,0,3799.0,3794.0,1226.0,1227.0,-324.0,-328.0
3812,1220,-322,0,3804.0,3799.0,1222.0,1226.0,-320.0,-324.0
3816,1221,-326,0,3812.0,3804.0,1220.0,1222.0,-322.0,-320.0
3817,1223,-329,0,3816.0,3812.0,1221.0,1220.0,-326.0,-322.0
3817,1226,-333,0,3817.0,3816.0,1223.0,1221.0,-329.0,-326.0
3821,1225,-338,0,3817.0,3817.0,1226.0,1223.0,-333.0,-329.0
3825,1231,-341,0,3821.0,3817.0,1225.0,1226.0,-338.0,-333.0
3832,1231,-346,0,3825.0,3821.0,1231.0,1225.0,-341.0,-338.0
3835,1228,-345,0,3832.0,3825.0,1231.0,1231.0,-346.0,-341.0
3839,1228,-346,0,3835.0,3832.0,1228.0,1231.0,-345.0,-346.0
3842,1226,-347,0,3839.0,3835.0,1228.0,1228.0,-346.0,-345.0
3840,1226,-347,0,3842.0,3839.0,1226.0,1228.0,-347.0,-346.0
3834,1231,-349,0,3840.0,3842.0,1226.0,1226.0,-347.0,-347.0
3825,1239,-351,0,3834.0,3840.0,1231.0,1226.0,-349.0,-347.0
3821,1245,-351,0,3825.0,3834.0,1239.0,1231.0,-351.0,-349.0
3814,1249,-353,0,3821.0,3825.0,1245.0,1239.0,-351.0,-351.0
3811,1252,-349,0,3814.0,3821.0,1249.0,1245.0,-353.0,-351.0
3809,1261,-349,0,3811.0,3814.0,1252.0,1249.0,-349.0,-353.0
3812,1263,-346,0,3809.0,3811.0,1261.0,1252.0,-349.0,-349.0
3816,1270,-345,0,3812.0,3809.0,1263.0,1261.0,-346.0,-349.0
3819,1274,-348,0,3816.0,3812.0,1270.0,1263.0,-345.0,-346.0
3822,1276,-347,0,3819.0,3816.0,1274.0,1270.0,-348.0,-345.0
3823,1276,-345,0,3822.0,3819.0,1276.0,1274.0,-347.0,-348.0
3828,1273,-344,0,3823.0,3822.0,1276.0,1276.0,-345.0,-347.0
3834,1272,-346,0,3828.0,3823.0,1273.0,1276.0,-344.0,-345.0
3835,1268,-346,0,3834.0,3828.0,1272.0,1273.0,-346.0,-344.0
3836,1266,-344,0,3835.0,3834.0,1268.0,1272.0,-346.0,-346.0
3836,1261,-343,0,3836.0,3835.0,1266.0,1268.0,-344.0,-346.0
3837,1257,-337,0,3836.0,3836.0,1261.0,1266.0,-343.0,-344.0
3832,1255,-333,0,3837.0,3836.0,1257.0,1261.0,-337.0,-343.0
3830,1250,-330,0,3832.0,3837.0,1255.0,1257.0,-333.0,-337.0
3827,1247,-330,0,3830.0,3832.0,1250.0,1255.0,-330.0,-333.0
3823,1239,-330,0,3827.0,3830.0,1247.0,1250.0,-330.0,-330.0
3820,1234,-329,0,3823.0,3827.0,1239.0,1247.0,-330.0,-330.0
3816,1229,-328,0,3820.0,3823.0,1234.0,1239.0,-329.0,-330.0
3815,1231,-329,0,3816.0,3820.0,1229.0,1234.0,-328.0,-329.0
3810,1229,-324,0,3815.0,3816.0,1231.0,1229.0,-329.0,-328.0
3808,1232,-320,0,3810.0,3815.0,1229.0,1231.0,-324.0,-329.0
3810,1235,-318,0,3808.0,3810.0,1232.0,1229.0,-320.0,-324.0
3808,1236,-317,0,3810.0,3808.0,1235.0,1232.0,-318.0,-320.0
3806,1236,-316,0,3808.0,3810.0,1236.0,1235.0,-317.0,-318.0
3810,1235,-315,0,3806.0,3808.0,1236.0,1236.0,-316.0,-317.0
3810,1235,-316,0,3810.0,3806.0,1235.0,1236.0,-315.0,-316.0
3815,1233,-321,0,3810.0,3810.0,1235.0,1235.0,-316.0,-315.0
3818,1229,-323,0,3815.0,3810.0,1233.0,1235.0,-321.0,-316.0
3819,1227,-327,0,3818.0,3815.0,1229.0,1233.0,-323.0,-321.0
3825,1225,-330,0,3819.0,3818.0,1227.0,1229.0,-327.0,-323.0
3825,1224,-334,0,3825.0,3819.0,1225.0,1227.0,-330.0,-327.0
3827,1227,-332,0,3825.0,3825.0,1224.0,1225.0,-334.0,-330.0
3830,1227,-325,0,3827.0,3825.0,1227.0,1224.0,-332.0,-334.0
3834,1228,-317,0,3830.0,3827.0,1227.0,1227.0,-325.0,-332.0
3837,1222,-308,0,3834.0,3830.0,1228.0,1227.0,-317.0,-325.0
3843,1223,-304,0,3837.0,3834.0,1222.0,1228.0,-308.0,-317.0
3844,1220,-300,0,3843.0,3837.0,1223.0,1222.0,-304.0,-308.0
3840,1215,-297,0,3844.0,3843.0,1220.0,1223.0,-300.0,-304.0
3835,1216,-299,0,3840.0,3844.0,1215.0,1220.0,-297.0,-300.0
3828,1214,-306,0,3835.0,3840.0,1216.0,1215.0,-299.0,-297.0
3828,1215,-311,0,3828.0,3835.0,1214.0,1216.0,-306.0,-299.0
3829,1214,-316,0,3828.0,3828.0,1215.0,1214.0,-311.0,-306.0
3827,1216,-326,0,3829.0,3828.0,1214.0,1215.0,-316.0,-311.0
3828,1218,-334,0,3827.0,3829.0,1216.0,1214.0,-326.0,-316.0
3826,1217,-344,0,3828.0,3827.0,1218.0,1216.0,-334.0,-326.0
3828,1216,-348,0,3826.0,3828.0,1217.0,1218.0,-344.0,-334.0
3833,1217,-347,0,3828.0,3826.0,1216.0,1217.0,-348.0,-344.0
3841,1215,-338,0,3833.0,3828.0,1217.0,1216.0,-347.0,-348.0
3850,1214,-325,0,3841.0,3833.0,1215.0,1217.0,-338.0,-347.0
3856,1213,-311,0,3850.0,3841.0,1214.0,1215.0,-325.0,-338.0
3856,1211,-298,0,3856.0,3850.0,1213.0,1214.0,-311.0,-325.0
3854,1216,-289,0,3856.0,3856.0,1211.0,1213.0,-298.0,-311.0
3851,1224,-284,0,3854.0,3856.0,1216.0,1211.0,-289.0,-298.0
3847,1227,-283,0,3851.0,3854.0,1224.0,1216.0,-284.0,-289.0
3837,1228,-288,0,3847.0,3851.0,1227.0,1224.0,-283.0,-284.0
3825,1236,-293,0,3837.0,3847.0,1228.0,1227.0,-288.0,-283.0
3817,1231,-291,0,3825.0,3837.0,1236.0,1228.0,-293.0,-288.0
3815,1234,-290,0,3817.0,3825.0,1231.0,1236.0,-291.0,-293.0
3808,1235,-288,0,3815.0,3817.0,1234.0,1231.0,-290.0,-291.0
3805,1238,-285,0,3808.0,3815.0,1235.0,1234.0,-288.0,-290.0
3800,1237,-283,0,3805.0,3808.0,1238.0,1235.0,-285.0,-288.0
3799,1237,-283,0,3800.0,3805.0,1237.0,1238.0,-283.0,-285.0
3798,1240,-277,0,3799.0,3800.0,1237.0,1237.0,-283.0,-283.0
3803,1240,-272,0,3798.0,3799.0,1240.0,1237.0,-277.0,-283.0
3808,1234,-274,0,3803.0,3798.0,1240.0,1240.0,-272.0,-277.0
3809,1236,-279,0,3808.0,3803.0,1234.0,1240.0,-274.0,-272.0
3813,1237,-286,0,3809.0,3808.0,1236.0,1234.0,-279.0,-274.0
3814,1235,-294,0,3813.0,3809.0,1237.0,1236.0,-286.0,-279.0
3821,1241,-296,0,3814.0,3813.0,1235.0,1237.0,-294.0,-286.0
3827,1243,-299,0,3821.0,3814.0,1241.0,1235.0,-296.0,-294.0
3837,1249,-303,0,3827.0,3821.0,1243.0,1241.0,-299.0,-296.0
3841,1249,-303,0,3837.0,3827.0,1249.0,1243.0,-303.0,-299.0
3850,1248,-301,0,3841.0,3837.0,1249.0,1249.0,-303.0,-303.0
3856,1253,-298,0,3850.0,3841.0,1248.0,1249.0,-301.0,-303.0
3855,1256,-297,0,3856.0,3850.0,1253.0,1248.0,-298.0,-301.0
3854,1256,-303,0,3855.0,3856.0,1256.0,1253.0,-297.0,-298.0
3849,1264,-311,0,3854.0,3855.0,1256.0,1256.0,-303.0,-297.0
3843,1268,-318,0,3849.0,3854.0,1264.0,1256.0,-311.0,-303.0
3837,1276,-319,0,3843.0,3849.0,1268.0,1264.0,-318.0,-311.0
3838,1280,-315,0,3837.0,3843.0,1276.0,1268.0,-319.0,-318.0
3843,1283,-309,0,3838.0,3837.0,1280.0,1276.0,-315.0,-319.0
3842,1285,-301,0,3843.0,3838.0,1283.0,1280.0,-309.0,-315.0
3839,1285,-299,0,3842.0,3843.0,1285.0,1283.0,-301.0,-309.0
3837,1290,-299,0,3839.0,3842.0,1285.0,1285.0,-299.0,-301.0
3837,1290,-299,0,3837.0,3839.0,1290.0,1285.0,-299.0,-299.0
3831,1287,-298,0,3837.0,3837.0,1290.0,1290.0,-299.0,-299.0
3837,1288,-288,0,3831.0,3837.0,1287.0,1290.0,-298.0,-299.0
3842,1282,-280,0,3837.0,3831.0,1288.0,1287.0,-288.0,-298.0
3843,1279,-274,0,3842.0,3837.0,1282.0,1288.0,-280.0,-288.0
3844,1272,-278,0,3843.0,3842.0,1279.0,1282.0,-274.0,-280.0
3840,1263,-282,0,3844.0,3843.0,1272.0,1279.0,-278.0,-274.0
3843,1256,-282,0,3840.0,3844.0,1263.0,1272.0,-282.0,-278.0
3837,1246,-281,0,3843.0,3840.0,1256.0,1263.0,-282.0,-282.0
3840,1235,-287,0,3837.0,3843.0,1246.0,1256.0,-281.0,-282.0
3837,1227,-292,0,3840.0,3837.0,1235.0,1246.0,-287.0,-281.0
3830,1224,-301,0,3837.0,3840.0,1227.0,1235.0,-292.0,-287.0
3823,1222,-307,0,3830.0,3837.0,1224.0,1227.0,-301.0,-292.0
3819,1221,-302,0,3823.0,3830.0,1222.0,1224.0,-307.0,-301.0
3815,1220,-299,0,3819.0,3823.0,1221.0,1222.0,-302.0,-307.0
3815,1227,-298,0,3815.0,3819.0,1220.0,1221.0,-299.0,-302.0
3812,1227,-297,0,3815.0,3815.0,1227.0,1220.0,-298.0,-299.0
3810,1228,-292,0,3812.0,3815.0,1227.0,1227.0,-297.0,-298.0
3807,1225,-291,0,3810.0,3812.0,1228.0,1227.0,-292.0,-297.0
3804,1221,-289,0,3807.0,3810.0,1225.0,1228.0,-291.0,-292.0
3806,1216,-285,0,3804.0,3807.0,1221.0,1225.0,-289.0,-291.0
3807,1217,-284,0,3806.0,3804.0,1216.0,1221.0,-285.0,-289.0
3812,1209,-281,0,3807.0,3806.0,1217.0,1216.0,-284.0,-285.0
3811,1206,-278,0,3812.0,3807.0,1209.0,1217.0,-281.0,-284.0
3810,1200,-281,0,3811.0,3812.0,1206.0,1209.0,-278.0,-281.0
3805,1193,-283,0,3810.0,3811.0,1200.0,1206.0,-281.0,-278.0
3808,1191,-289,0,3805.0,3810.0,1193.0,1200.0,-283.0,-281.0
3813,1185,-288,0,3808.0,3805.0,1191.0,1193.0,-289.0,-283.0
3819,1180,-287,0,3813.0,3808.0,1185.0,1191.0,-288.0,-289.0
3829,1171,-280,0,3819.0,3813.0,1180.0,1185.0,-287.0,-288.0
3836,1166,-283,0,3829.0,3819.0,1171.0,1180.0,-280.0,-287.0
3840,1163,-277,0,3836.0,3829.0,1166.0,1171.0,-283.0,-280.0
3843,1163,-275,0,3840.0,3836.0,1163.0,1166.0,-277.0,-283.0
3848,1160,-270,0,3843.0,3840.0,1163.0,1163.0,-275.0,-277.0
3854,1157,-267,0,3848.0,3843.0,1160.0,1163.0,-270.0,-275.0
3849,1156,-270,0,3854.0,3848.0,1157.0,1160.0,-267.0,-270.0
3849,1160,-273,0,3849.0,3854.0,1156.0,1157.0,-270.0,-267.0
3850,1167,-275,0,3849.0,3849.0,1160.0,1156.0,-273.0,-270.0
3848,1168,-281,0,3850.0,3849.0,1167.0,1160.0,-275.0,-273.0
3840,1170,-286,0,3848.0,3850.0,1168.0,1167.0,-281.0,-275.0
3834,1175,-294,0,3840.0,3848.0,1170.0,1168.0,-286.0,-281.0
3830,1177,-299,0,3834.0,3840.0,1175.0,1170.0,-294.0,-286.0
3832,1174,-296,0,3830.0,3834.0,1177.0,1175.0,-299.0,-294.0
3840,1177,-288,0,3832.0,3830.0,1174.0,1177.0,-296.0,-299.0
3851,1170,-273,0,3840.0,3832.0,1177.0,1174.0,-288.0,-296.0
3856,1165,-259,0,3851.0,3840.0,1170.0,1177.0,-273.0,-288.0
3857,1158,-249,0,3856.0,3851.0,1165.0,1170.0,-259.0,-273.0
3856,1154,-242,0,3857.0,3856.0,1158.0,1165.0,-249.0,-259.0
3849,1150,-242,0,3856.0,3857.0,1154.0,1158.0,-242.0,-249.0
3837,1151,-245,0,3849.0,3856.0,1150.0,1154.0,-242.0,-242.0
3828,1156,-249,0,3837.0,3849.0,1151.0,1150.0,-245.0,-242.0
3824,1162,-246,0,3828.0,3837.0,1156.0,1151.0,-249.0,-245.0
3827,1170,-243,0,3824.0,3828.0,1162.0,1156.0,-246.0,-249.0
3824,1171,-244,0,3827.0,3824.0,1170.0,1162.0,-243.0,-246.0
3828,1172,-248,0,3824.0,3827.0,1171.0,1170.0,-244.0,-243.0
3836,1170,-252,0,3828.0,3824.0,1172.0,1171.0,-248.0,-244.0
3844,1171,-252,0,3836.0,3828.0,1170.0,1172.0,-252.0,-248.0
3855,1171,-256,0,3844.0,3836.0,1171.0,1170.0,-252.0,-252.0
3860,1171,-255,0,3855.0,3844.0,1171.0,1171.0,-256.0,-252.0
3862,1170,-256,0,3860.0,3855.0,1171.0,1171.0,-255.0,-256.0
3863,1172,-253,0,3862.0,3860.0,1170.0,1171.0,-256.0,-255.0
3863,1171,-252,0,3863.0,3862.0,1172.0,1170.0,-253.0,-256.0
3860,1170,-254,0,3863.0,3863.0,1171.0,1172.0,-252.0,-253.0
3853,1174,-255,0,3860.0,3863.0,1170.0,1171.0,-254.0,-252.0
3847,1172,-261,0,3853.0,3860.0,1174.0,1170.0,-255.0,-254.0
3838,1174,-262,0,3847.0,3853.0,1172.0,1174.0,-261.0,-255.0
3828,1176,-260,0,3838.0,3847.0,1174.0,1172.0,-262.0,-261.0
3826,1177,-255,0,3828.0,3838.0,1176.0,1174.0,-260.0,-262.0
3827,1179,-251,0,3826.0,3828.0,1177.0,1176.0,-255.0,-260.0
3825,1181,-250,0,3827.0,3826.0,1179.0,1177.0,-251.0,-255.0
3822,1187,-246,0,3825.0,3827.0,1181.0,1179.0,-250.0,-251.0
3821,1191,-252,0,3822.0,3825.0,1187.0,1181.0,-246.0,-250.0
3815,1200,-259,0,3821.0,3822.0,1191.0,1187.0,-252.0,-246.0
3812,1211,-260,0,3815.0,3821.0,1200.0,1191.0,-259.0,-252.0
3813,1217,-259,0,3812.0,3815.0,1211.0,1200.0,-260.0,-259.0
3815,1224,-251,0,3813.0,3812.0,1217.0,1211.0,-259.0,-260.0
3816,1228,-250,0,3815.0,3813.0,1224.0,1217.0,-251.0,-259.0
3822,1232,-252,0,3816.0,3815.0,1228.0,1224.0,-250.0,-251.0
3823,1237,-255,0,3822.0,3816.0,1232.0,1228.0,-252.0,-250.0
3828,1239,-259,0,3823.0,3822.0,1237.0,1232.0,-255.0,-252.0
3833,1244,-258,0,3828.0,3823.0,1239.0,1237.0,-259.0,-255.0
3836,1247,-256,0,3833.0,3828.0,1244.0,1239.0,-258.0,-259.0
3843,1249,-253,0,3836.0,3833.0,1247.0,1244.0,-256.0,-258.0
3847,1241,-250,0,3843.0,3836.0,1249.0,1247.0,-253.0,-256.0
3848,1240,-249,0,3847.0,3843.0,1241.0,1249.0,-250.0,-253.0
3851,1238,-248,0,3848.0,3847.0,1240.0,1241.0,-249.0,-250.0
3849,1235,-244,0,3851.0,3848.0,1238.0,1240.0,-248.0,-249.0
3846,1232,-242,0,3849.0,3851.0,1235.0,1238.0,-244.0,-248.0
3848,1232,-244,0,3846.0,3849.0,1232.0,1235.0,-242.0,-244.0
3840,1228,-243,0,3848.0,3846.0,1232.0,1232.0,-244.0,-242.0
3831,1227,-246,0,3840.0,3848.0,1228.0,1232.0,-243.0,-244.0
3825,1228,-245,0,3831.0,3840.0,1227.0,1228.0,-246.0,-243.0
3820,1225,-246,0,3825.0,3831.0,1228.0,1227.0,-245.0,-246.0
3814,1220,-252,0,3820.0,3825.0,1225.0,1228.0,-246.0,-245.0
3812,1217,-258,0,3814.0,3820.0,1220.0,1225.0,-252.0,-246.0
3810,1216,-261,0,3812.0,3814.0,1217.0,1220.0,-258.0,-252.0
3809,1213,-261,0,3810.0,3812.0,1216.0,1217.0,-261.0,-258.0
3805,1211,-263,0,3809.0,3810.0,1213.0,1216.0,-261.0,-261.0
3806,1210,-266,0,3805.0,3809.0,1211.0,1213.0,-263.0,-261.0
3807,1213,-267,0,3806.0,3805.0,1210.0,1211.0,-266.0,-263.0
3809,1222,-268,0,3807.0,3806.0,1213.0,1210.0,-267.0,-266.0
3812,1232,-269,0,3809.0,3807.0,1222.0,1213.0,-268.0,-267.0
3816,1237,-267,0,3812.0,3809.0,1232.0,1222.0,-269.0,-268.0
3821,1247,-265,0,3816.0,3812.0,1237.0,1232.0,-267.0,-269.0
3830,1255,-266,0,3821.0,3816.0,1247.0,1237.0,-265.0,-267.0
3831,1261,-269,0,3830.0,3821.0,1255.0,1247.0,-266.0,-265.0
3829,1271,-277,0,3831.0,3830.0,1261.0,1255.0,-269.0,-266.0
3827,1274,-282,0,3829.0,3831.0,1271.0,1261.0,-277.0,-269.0
3834,1279,-280,0,3827.0,3829.0,1274.0,1271.0,-282.0,-277.0
3841,1282,-270,0,3834.0,3827.0,1279.0,1274.0,-280.0,-282.0
3845,1284,-259,0,3841.0,3834.0,1282.0,1279.0,-270.0,-280.0
3848,1281,-260,0,3845.0,3841.0,1284.0,1282.0,-259.0,-270.0
3845,1274,-262,0,3848.0,3845.0,1281.0,1284.0,-260.0,-259.0
3839,1267,-263,0,3845.0,3848.0,1274.0,1281.0,-262.0,-260.0
3834,1259,-268,0,3839.0,3845.0,1267.0,1274.0,-263.0,-262.0
3834,1252,-275,0,3834.0,3839.0,1259.0,1267.0,-268.0,-263.0
3836,1242,-282,0,3834.0,3834.0,1252.0,1259.0,-275.0,-268.0
3840,1232,-290,0,3836.0,3834.0,1242.0,1252.0,-282.0,-275.0
3840,1229,-305,0,3840.0,3836.0,1232.0,1242.0,-290.0,-282.0
3840,1225,-319,0,3840.0,3840.0,1229.0,1232.0,-305.0,-290.0
3841,1223,-333,0,3840.0,3840.0,1225.0,1229.0,-319.0,-305.0
3842,1222,-339,0,3841.0,3840.0,1223.0,1225.0,-333.0,-319.0
3847,1218,-338,0,3842.0,3841.0,1222.0,1223.0,-339.0,-333.0
3853,1216,-326,0,3847.0,3842.0,1218.0,1222.0,-338.0,-339.0
3865,1206,-311,0,3853.0,3847.0,1216.0,1218.0,-326.0,-338.0
3877,1203,-295,0,3865.0,3853.0,1206.0,1216.0,-311.0,-326.0
3882,1193,-286,0,3877.0,3865.0,1203.0,1206.0,-295.0,-311.0
3879,1185,-275,0,3882.0,3877.0,1193.0,1203.0,-286.0,-295.0
3873,1180,-272,0,3879.0,3882.0,1185.0,1193.0,-275.0,-286.0
3861,1177,-272,0,3873.0,3879.0,1180.0,1185.0,-272.0,-275.0
3847,1175,-276,0,3861.0,3873.0,1177.0,1180.0,-272.0,-272.0
3837,1173,-274,0,3847.0,3861.0,1175.0,1177.0,-276.0,-272.0
3831,1171,-267,0,3837.0,3847.0,1173.0,1175.0,-274.0,-276.0
3826,1166,-266,0,3831.0,3837.0,1171.0,1173.0,-267.0,-274.0
3821,1161,-270,0,3826.0,3831.0,1166.0,1171.0,-266.0,-267.0
3820,1156,-273,0,3821.0,3826.0,1161.0,1166.0,-270.0,-266.0
3815,1154,-269,0,3820.0,3821.0,1156.0,1161.0,-273.0,-270.0
3814,1152,-268,0,3815.0,3820.0,1154.0,1156.0,-269.0,-273.0
3816,1156,-266,0,3814.0,3815.0,1152.0,1154.0,-268.0,-269.0
3818,1162,-267,0,3816.0,3814.0,1156.0,1152.0,-266.0,-268.0
3819,1168,-268,0,3818.0,3816.0,1162.0,1156.0,-267.0,-266.0
3825,1172,-276,0,3819.0,3818.0,1168.0,1162.0,-268.0,-267.0
3832,1182,-277,0,3825.0,3819.0,1172.0,1168.0,-276.0,-268.0
3838,1189,-284,0,3832.0,3825.0,1182.0,1172.0,-277.0,-276.0
3843,1195,-294,0,3838.0,3832.0,1189.0,1182.0,-284.0,-277.0
3847,1204,-299,0,3843.0,3838.0,1195.0,1189.0,-294.0,-284.0
3856,1213,-301,0,3847.0,3843.0,1204.0,1195.0,-299.0,-294.0
3860,1219,-306,0,3856.0,3847.0,1213.0,1204.0,-301.0,-299.0
3859,1222,-306,0,3860.0,3856.0,1219.0,1213.0,-306.0,-301.0
3859,1222,-305,0,3859.0,3860.0,1222.0,1219.0,-306.0,-306.0
3856,1226,-301,0,3859.0,3859.0,1222.0,1222.0,-305.0,-306.0
3851,1226,-295,0,3856.0,3859.0,1226.0,1222.0,-301.0,-305.0
3841,1229,-294,0,3851.0,3856.0,1226.0,1226.0,-295.0,-301.0
3832,1232,-293,0,3841.0,3851.0,1229.0,1226.0,-294.0,-295.0
3825,1231,-289,0,3832.0,3841.0,1232.0,1229.0,-293.0,-294.0
3820,1230,-288,0,3825.0,3832.0,1231.0,1232.0,-289.0,-293.0
3815,1233,-288,0,3820.0,3825.0,1230.0,1231.0,-288.0,-289.0
3810,1232,-288,0,3815.0,3820.0,1233.0,1230.0,-288.0,-288.0
3810,1233,-283,0,3810.0,3815.0,1232.0,1233.0,-288.0,-288.0
3810,1235,-281,0,3810.0,3810.0,1233.0,1232.0,-283.0,-288.0
3813,1235,-280,0,3810.0,3810.0,1235.0,1233.0,-281.0,-283.0
3820,1238,-280,0,3813.0,3810.0,1235.0,1235.0,-280.0,-281.0
3824,1242,-279,0,3820.0,3813.0,1238.0,1235.0,-280.0,-280.0
3827,1244,-277,0,3824.0,3820.0,1242.0,1238.0,-279.0,-280.0
3826,1243,-278,0,3827.0,3824.0,1244.0,1242.0,-277.0,-279.0
3826,1245,-280,0,3826.0,3827.0,1243.0,1244.0,-278.0,-277.0
3824,1248,-283,0,3826.0,3826.0,1245.0,1243.0,-280.0,-278.0
3825,1250,-282,0,3824.0,3826.0,1248.0,1245.0,-283.0,-280.0
3830,1250,-278,0,3825.0,3824.0,1250.0,1248.0,-282.0,-283.0
3827,1253,-273,0,3830.0,3825.0,1250.0,1250.0,-278.0,-282.0
3829,1253,-271,0,3827.0,3830.0,1253.0,1250.0,-273.0,-278.0
3824,1253,-267,0,3829.0,3827.0,1253.0,1253.0,-271.0,-273.0
3821,1250,-265,0,3824.0,3829.0,1253.0,1253.0,-267.0,-271.0
3817,1249,-263,0,3821.0,3824.0,1250.0,1253.0,-265.0,-267.0
3817,1249,-265,0,3817.0,3821.0,1249.0,1250.0,-263.0,-265.0
3818,1251,-268,0,3817.0,3817.0,1249.0,1249.0,-265.0,-263.0
3815,1251,-267,0,3818.0,3817.0,1251.0,1249.0,-268.0,-265.0
3813,1253,-263,0,3815.0,3818.0,1251.0,1251.0,-267.0,-268.0
3804,1258,-263,0,3813.0,3815.0,1253.0,1251.0,-263.0,-267.0
3803,1266,-263,0,3804.0,3813.0,1258.0,1253.0,-263.0,-263.0
3804,1271,-265,0,3803.0,3804.0,1266.0,1258.0,-263.0,-263.0
3801,1274,-271,0,3804.0,3803.0,1271.0,1266.0,-265.0,-263.0
3806,1276,-273,0,3801.0,3804.0,1274.0,1271.0,-271.0,-265.0
3812,1279,-275,0,3806.0,3801.0,1276.0,1274.0,-273.0,-271.0
3817,1280,-274,0,3812.0,3806.0,1279.0,1276.0,-275.0,-273.0
3819,1283,-277,0,3817.0,3812.0,1280.0,1279.0,-274.0,-275.0
3826,1283,-283,0,3819.0,3817.0,1283.0,1280.0,-277.0,-274.0
3829,1283,-284,0,3826.0,3819.0,1283.0,1283.0,-283.0,-277.0
3835,1285,-281,0,3829.0,3826.0,1283.0,1283.0,-284.0,-283.0
3839,1283,-277,0,3835.0,3829.0,1285.0,1283.0,-281.0,-284.0
3843,1282,-269,0,3839.0,3835.0,1283.0,1285.0,-277.0,-281.0
3845,1276,-266,0,3843.0,3839.0,1282.0,1283.0,-269.0,-277.0
3844,1271,-262,0,3845.0,3843.0,1276.0,1282.0,-266.0,-269.0
3843,1262,-260,0,3844.0,3845.0,1271.0,1276.0,-262.0,-266.0
3842,1257,-258,0,3843.0,3844.0,1262.0,1271.0,-260.0,-262.0
3840,1249,-257,0,3842.0,3843.0,1257.0,1262.0,-258.0,-260.0
3831,1248,-263,0,3840.0,3842.0,1249.0,1257.0,-257.0,-258.0
3824,1247,-265,0,3831.0,3840.0,1248.0,1249.0,-263.0,-257.0
3820,1249,-270,0,3824.0,3831.0,1247.0,1248.0,-265.0,-263.0
3811,1251,-280,0,3820.0,3824.0,1249.0,1247.0,-270.0,-265.0
3802,1250,-293,0,3811.0,3820.0,1251.0,1249.0,-280.0,-270.0
3794,1249,-306,0,3802.0,3811.0,1250.0,1251.0,-293.0,-280.0
3794,1246,-312,0,3794.0,3802.0,1249.0,1250.0,-306.0,-293.0
3794,1245,-312,0,3794.0,3794.0,1246.0,1249.0,-312.0,-306.0
3808,1245,-299,0,3794.0,3794.0,1245.0,1246.0,-312.0,-312.0
3821,1244,-280,0,3808.0,3794.0,1245.0,1245.0,-299.0,-312.0
3836,1246,-262,0,3821.0,3808.0,1244.0,1245.0,-280.0,-299.0
3845,1246,-252,0,3836.0,3821.0,1246.0,1244.0,-262.0,-280.0
3850,1246,-249,0,3845.0,3836.0,1246.0,1246.0,-252.0,-262.0
3843,1246,-253,0,3850.0,3845.0,1246.0,1246.0,-249.0,-252.0
3842,1247,-256,0,3843.0,3850.0,1246.0,1246.0,-253.0,-249.0
3835,1249,-255,0,3842.0,3843.0,1247.0,1246.0,-256.0,-253.0
3832,1250,-254,0,3835.0,3842.0,1249.0,1247.0,-255.0,-256.0
3831,1250,-248,0,3832.0,3835.0,1250.0,1249.0,-254.0,-255.0
3833,1251,-246,0,3831.0,3832.0,1250.0,1250.0,-248.0,-254.0
3831,1248,-247,0,3833.0,3831.0,1251.0,1250.0,-246.0,-248.0
3827,1243,-249,0,3831.0,3833.0,1248.0,1251.0,-247.0,-246.0
3821,1247,-247,0,3827.0,3831.0,1243.0,1248.0,-249.0,-247.0
3819,1251,-246,0,3821.0,3827.0,1247.0,1243.0,-247.0,-249.0
3818,1253,-243,0,3819.0,3821.0,1251.0,1247.0,-246.0,-247.0
3815,1256,-242,0,3818.0,3819.0,1253.0,1251.0,-243.0,-246.0
3814,1253,-244,0,3815.0,3818.0,1256.0,1253.0,-242.0,-243.0
3813,1248,-250,0,3814.0,3815.0,1253.0,1256.0,-244.0,-242.0
3812,1244,-254,0,3813.0,3814.0,1248.0,1253.0,-250.0,-244.0
3815,1246,-263,0,3812.0,3813.0,1244.0,1248.0,-254.0,-250.0
3820,1249,-266,0,3815.0,3812.0,1246.0,1244.0,-263.0,-254.0
3824,1250,-268,0,3820.0,3815.0,1249.0,1246.0,-266.0,-263.0
3832,1252,-272,0,3824.0,3820.0,1250.0,1249.0,-268.0,-266.0
3837,1254,-273,0,3832.0,3824.0,1252.0,1250.0,-272.0,-268.0
3839,1255,-275,0,3837.0,3832.0,1254.0,1252.0,-273.0,-272.0
3840,1252,-273,0,3839.0,3837.0,1255.0,1254.0,-275.0,-273.0
3844,1256,-279,0,3840.0,3839.0,1252.0,1255.0,-273.0,-275.0
3840,1258,-281,0,3844.0,3840.0,1256.0,1252.0,-279.0,-273.0
3833,1257,-282,0,3840.0,3844.0,1258.0,1256.0,-281.0,-279.0
3829,1264,-279,0,3833.0,3840.0,1257.0,1258.0,-282.0,-281.0
3826,1268,-271,0,3829.0,3833.0,1264.0,1257.0,-279.0,-282.0
3828,1273,-273,0,3826.0,3829.0,1268.0,1264.0,-271.0,-279.0
3827,1272,-271,0,3828.0,3826.0,1273.0,1268.0,-273.0,-271.0
3830,1272,-266,0,3827.0,3828.0,1272.0,1273.0,-271.0,-273.0
3831,1274,-264,0,3830.0,3827.0,1272.0,1272.0,-266.0,-271.0
3834,1269,-268,0,3831.0,3830.0,1274.0,1272.0,-264.0,-266.0
3838,1267,-265,0,3834.0,3831.0,1269.0,1274.0,-268.0,-264.0
3839,1266,-264,0,3838.0,3834.0,1267.0,1269.0,-265.0,-268.0
3839,1265,-256,0,3839.0,3838.0,1266.0,1267.0,-264.0,-265.0
3837,1262,-255,0,3839.0,3839.0,1265.0,1266.0,-256.0,-264.0
3836,1257,-251,0,3837.0,3839.0,1262.0,1265.0,-255.0,-256.0
3835,1253,-250,0,3836.0,3837.0,1257.0,1262.0,-251.0,-255.0
3829,1255,-253,0,3835.0,3836.0,1253.0,1257.0,-250.0,-251.0
3822,1253,-255,0,3829.0,3835.0,1255.0,1253.0,-253.0,-250.0
3820,1246,-251,0,3822.0,3829.0,1253.0,1255.0,-255.0,-253.0
3821,1247,-248,0,3820.0,3822.0,1246.0,1253.0,-251.0,-255.0
3820,1247,-247,0,3821.0,3820.0,1247.0,1246.0,-248.0,-251.0
3817,1246,-246,0,3820.0,3821.0,1247.0,1247.0,-247.0,-248.0
3814,1240,-246,0,3817.0,3820.0,1246.0,1247.0,-246.0,-247.0
3811,1240,-244,0,3814.0,3817.0,1240.0,1246.0,-246.0,-246.0
3807,1229,-245,0,3811.0,3814.0,1240.0,1240.0,-244.0,-246.0
3806,1224,-244,0,3807.0,3811.0,1229.0,1240.0,-245.0,-244.0
3808,1222,-246,0,3806.0,3807.0,1224.0,1229.0,-244.0,-245.0
3810,1216,-243,0,3808.0,3806.0,1222.0,1224.0,-246.0,-244.0
3814,1215,-242,0,3810.0,3808.0,1216.0,1222.0,-243.0,-246.0
3816,1211,-244,0,3814.0,3810.0,1215.0,1216.0,-242.0,-243.0
3816,1206,-245,0,3816.0,3814.0,1211.0,1215.0,-244.0,-242.0
3819,1206,-247,0,3816.0,3816.0,1206.0,1211.0,-245.0,-244.0
3824,1205,-244,0,3819.0,3816.0,1206.0,1206.0,-247.0,-245.0
3827,1204,-248,0,3824.0,3819.0,1205.0,1206.0,-244.0,-247.0
3832,1205,-253,0,3827.0,3824.0,1204.0,1205.0,-248.0,-244.0
3839,1205,-258,0,3832.0,3827.0,1205.0,1204.0,-253.0,-248.0
3844,1207,-255,0,3839.0,3832.0,1205.0,1205.0,-258.0,-253.0
3845,1208,-260,0,3844.0,3839.0,1207.0,1205.0,-255.0,-258.0
3851,1208,-258,0,3845.0,3844.0,1208.0,1207.0,-260.0,-255.0
3853,1211,-255,0,3851.0,3845.0,1208.0,1208.0,-258.0,-260.0
3858,1209,-249,0,3853.0,3851.0,1211.0,1208.0,-255.0,-258.0
3862,1210,-243,0,3858.0,3853.0,1209.0,1211.0,-249.0,-255.0
3863,1210,-241,0,3862.0,3858.0,1210.0,1209.0,-243.0,-249.0
3862,1211,-243,0,3863.0,3862.0,1210.0,1210.0,-241.0,-243.0
3857,1211,-242,0,3862.0,3863.0,1211.0,1210.0,-243.0,-241.0
3856,1212,-245,0,3857.0,3862.0,1211.0,1211.0,-242.0,-243.0
3850,1215,-247,0,3856.0,3857.0,1212.0,1211.0,-245.0,-242.0
3841,1219,-252,0,3850.0,3856.0,1215.0,1212.0,-247.0,-245.0
3837,1219,-253,0,3841.0,3850.0,1219.0,1215.0,-252.0,-247.0
3831,1220,-258,0,3837.0,3841.0,1219.0,1219.0,-253.0,-252.0
3826,1220,-265,0,3831.0,3837.0,1220.0,1219.0,-258.0,-253.0
3822,1216,-272,0,3826.0,3831.0,1220.0,1220.0,-265.0,-258.0
3820,1213,-273,0,3822.0,3826.0,1216.0,1220.0,-272.0,-265.0
3823,1208,-266,0,3820.0,3822.0,1213.0,1216.0,-273.0,-272.0
3833,1203,-256,0,3823.0,3820.0,1208.0,1213.0,-266.0,-273.0
3842,1199,-243,0,3833.0,3823.0,1203.0,1208.0,-256.0,-266.0
3849,1195,-231,0,3842.0,3833.0,1199.0,1203.0,-243.0,-256.0
3851,1194,-226,0,3849.0,3842.0,1195.0,1199.0,-231.0,-243.0
3851,1194,-220,0,3851.0,3849.0,1194.0,1195.0,-226.0,-231.0
3844,1200,-222,0,3851.0,3851.0,1194.0,1194.0,-220.0,-226.0
3833,1204,-227,0,3844.0,3851.0,1200.0,1194.0,-222.0,-220.0
3827,1211,-232,0,3833.0,3844.0,1204.0,1200.0,-227.0,-222.0
3821,1217,-228,0,3827.0,3833.0,1211.0,1204.0,-232.0,-227.0
3818,1221,-226,0,3821.0,3827.0,1217.0,1211.0,-228.0,-232.0
3813,1224,-230,0,3818.0,3821.0,1221.0,1217.0,-226.0,-228.0
3804,1224,-232,0,3813.0,3818.0,1224.0,1221.0,-230.0,-226.0
3800,1226,-235,0,3804.0,3813.0,1224.0,1224.0,-232.0,-230.0
3802,1229,-228,0,3800.0,3804.0,1226.0,1224.0,-235.0,-232.0
3805,1232,-222,0,3802.0,3800.0,1229.0,1226.0,-228.0,-235.0
3807,1240,-223,0,3805.0,3802.0,1232.0,1229.0,-222.0,-228.0
3807,1238,-226,0,3807.0,3805.0,1240.0,1232.0,-223.0,-222.0
3811,1242,-237,0,3807.0,3807.0,1238.0,1240.0,-226.0,-223.0
3814,1240,-245,0,3811.0,3807.0,1242.0,1238.0,-237.0,-226.0
3818,1237,-250,0,3814.0,3811.0,1240.0,1242.0,-245.0,-237.0
3824,1232,-253,0,3818.0,3814.0,1237.0,1240.0,-250.0,-245.0
3835,1231,-254,0,3824.0,3818.0,1232.0,1237.0,-253.0,-250.0
3847,1232,-259,0,3835.0,3824.0,1231.0,1232.0,-254.0,-253.0
3854,1232,-261,0,3847.0,3835.0,1232.0,1231.0,-259.0,-254.0
3864,1234,-260,0,3854.0,3847.0,1232.0,1232.0,-261.0,-259.0
3871,1232,-260,0,3864.0,3854.0,1234.0,1232.0,-260.0,-261.0
3874,1228,-257,0,3871.0,3864.0,1232.0,1234.0,-260.0,-260.0
3872,1224,-261,0,3874.0,3871.0,1228.0,1232.0,-257.0,-260.0
3870,1218,-264,0,3872.0,3874.0,1224.0,1228.0,-261.0,-257.0
3870,1216,-269,0,3870.0,3872.0,1218.0,1224.0,-264.0,-261.0
3858,1212,-269,0,3870.0,3870.0,1216.0,1218.0,-269.0,-264.0
3853,1214,-264,0,3858.0,3870.0,1212.0,1216.0,-269.0,-269.0
3848,1214,-258,0,3853.0,3858.0,1214.0,1212.0,-264.0,-269.0
3845,1212,-258,0,3848.0,3853.0,1214.0,1214.0,-258.0,-264.0
3844,1208,-258,0,3845.0,3848.0,1212.0,1214.0,-258.0,-258.0
3839,1210,-257,0,3844.0,3845.0,1208.0,1212.0,-258.0,-258.0
3834,1211,-255,0,3839.0,3844.0,1210.0,1208.0,-257.0,-258.0
3829,1209,-251,0,3834.0,3839.0,1211.0,1210.0,-255.0,-257.0
3832,1213,-245,0,3829.0,3834.0,1209.0,1211.0,-251.0,-255.0
3834,1210,-241,0,3832.0,3829.0,1213.0,1209.0,-245.0,-251.0
3836,1210,-238,0,3834.0,3832.0,1210.0,1213.0,-241.0,-245.0
3838,1215,-240,0,3836.0,3834.0,1210.0,1210.0,-238.0,-241.0
3837,1218,-239,0,3838.0,3836.0,1215.0,1210.0,-240.0,-238.0
3840,1218,-237,0,3837.0,3838.0,1218.0,1215.0,-239.0,-240.0
3839,1212,-236,0,3840.0,3837.0,1218.0,1218.0,-237.0,-239.0
3839,1214,-236,0,3839.0,3840.0,1212.0,1218.0,-236.0,-237.0
3838,1213,-233,0,3839.0,3839.0,1214.0,1212.0,-236.0,-236.0
3834,1209,-233,0,3838.0,3839.0,1213.0,1214.0,-233.0,-236.0
3836,1207,-234,0,3834.0,3838.0,1209.0,1213.0,-233.0,-233.0
3829,1203,-234,0,3836.0,3834.0,1207.0,1209.0,-234.0,-233.0
3826,1200,-235,0,3829.0,3836.0,1203.0,1207.0,-234.0,-234.0
3826,1200,-236,0,3826.0,3829.0,1200.0,1203.0,-235.0,-234.0
3824,1198,-232,0,3826.0,3826.0,1200.0,1200.0,-236.0,-235.0
3821,1197,-235,0,3824.0,3826.0,1198.0,1200.0,-232.0,-236.0
3820,1196,-235,0,3821.0,3824.0,1197.0,1198.0,-235.0,-232.0
3820,1199,-238,0,3820.0,3821.0,1196.0,1197.0,-235.0,-235.0
3821,1197,-239,0,3820.0,3820.0,1199.0,1196.0,-238.0,-235.0
3824,1197,-238,0,3821.0,3820.0,1197.0,1199.0,-239.0,-238.0
3830,1196,-234,0,3824.0,3821.0,1197.0,1197.0,-238.0,-239.0
3834,1197,-236,0,3830.0,3824.0,1196.0,1197.0,-234.0,-238.0
3838,1192,-232,0,3834.0,3830.0,1197.0,1196.0,-236.0,-234.0
3840,1195,-233,0,3838.0,3834.0,1192.0,1197.0,-232.0,-236.0
3843,1193,-237,0,3840.0,3838.0,1195.0,1192.0,-233.0,-232.0
3844,1192,-241,0,3843.0,3840.0,1193.0,1195.0,-237.0,-233.0
3848,1191,-245,0,3844.0,3843.0,1192.0,1193.0,-241.0,-237.0
3848,1192,-247,0,3848.0,3844.0,1191.0,1192.0,-245.0,-241.0
3851,1191,-243,0,3848.0,3848.0,1192.0,1191.0,-247.0,-245.0
3853,1191,-242,0,3851.0,3848.0,1191.0,1192.0,-243.0,-247.0
3854,1190,-238,0,3853.0,3851.0,1191.0,1191.0,-242.0,-243.0
3856,1188,-233,0,3854.0,3853.0,1190.0,1191.0,-238.0,-242.0
3853,1184,-230,0,3856.0,3854.0,1188.0,1190.0,-233.0,-238.0
3851,1185,-228,0,3853.0,3856.0,1184.0,1188.0,-230.0,-233.0
3844,1185,-233,0,3851.0,3853.0,1185.0,1184.0,-228.0,-230.0
3842,1186,-235,0,3844.0,3851.0,1185.0,1185.0,-233.0,-228.0
3837,1187,-238,0,3842.0,3844.0,1186.0,1185.0,-235.0,-233.0
3834,1188,-236,0,3837.0,3842.0,1187.0,1186.0,-238.0,-235.0
3829,1186,-244,0,3834.0,3837.0,1188.0,1187.0,-236.0,-238.0
3824,1189,-253,0,3829.0,3834.0,1186.0,1188.0,-244.0,-236.0
3824,1190,-259,0,3824.0,3829.0,1189.0,1186.0,-253.0,-244.0
3825,1188,-263,0,3824.0,3824.0,1190.0,1189.0,-259.0,-253.0
3827,1187,-259,0,3825.0,3824.0,1188.0,1190.0,-263.0,-259.0
3833,1182,-255,0,3827.0,3825.0,1187.0,1188.0,-259.0,-263.0
3844,1182,-246,0,3833.0,3827.0,1182.0,1187.0,-255.0,-259.0
3854,1178,-237,0,3844.0,3833.0,1182.0,1182.0,-246.0,-255.0
3862,1176,-227,0,3854.0,3844.0,1178.0,1182.0,-237.0,-246.0
3869,1177,-217,0,3862.0,3854.0,1176.0,1178.0,-227.0,-237.0
3873,1182,-216,0,3869.0,3862.0,1177.0,1176.0,-217.0,-227.0
3876,1188,-216,0,3873.0,3869.0,1182.0,1177.0,-216.0,-217.0
3878,1200,-218,0,3876.0,3873.0,1188.0,1182.0,-216.0,-216.0
3880,1209,-219,0,3878.0,3876.0,1200.0,1188.0,-218.0,-216.0
3878,1213,-220,0,3880.0,3878.0,1209.0,1200.0,-219.0,-218.0
3869,1209,-219,0,3878.0,3880.0,1213.0,1209.0,-220.0,-219.0
3872,1208,-214,0,3869.0,3878.0,1209.0,1213.0,-219.0,-220.0
3869,1206,-209,0,3872.0,3869.0,1208.0,1209.0,-214.0,-219.0
3861,1206,-203,0,3869.0,3872.0,1206.0,1208.0,-209.0,-214.0
3852,1206,-197,0,3861.0,3869.0,1206.0,1206.0,-203.0,-209.0
3839,1206,-193,0,3852.0,3861.0,1206.0,1206.0,-197.0,-203.0
3825,1203,-193,0,3839.0,3852.0,1206.0,1206.0,-193.0,-197.0
3817,1195,-193,0,3825.0,3839.0,1203.0,1206.0,-193.0,-193.0
3808,1188,-196,0,3817.0,3825.0,1195.0,1203.0,-193.0,-193.0
3800,1178,-203,0,3808.0,3817.0,1188.0,1195.0,-196.0,-193.0
3795,1176,-205,0,3800.0,3808.0,1178.0,1188.0,-203.0,-196.0
3795,1174,-209,0,3795.0,3800.0,1176.0,1178.0,-205.0,-203.0
3795,1175,-208,0,3795.0,3795.0,1174.0,1176.0,-209.0,-205.0
3801,1175,-215,0,3795.0,3795.0,1175.0,1174.0,-208.0,-209.0
3812,1178,-216,0,3801.0,3795.0,1175.0,1175.0,-215.0,-208.0
3821,1180,-224,0,3812.0,3801.0,1178.0,1175.0,-216.0,-215.0
3834,1183,-230,0,3821.0,3812.0,1180.0,1178.0,-224.0,-216.0
3843,1183,-238,0,3834.0,3821.0,1183.0,1180.0,-230.0,-224.0
3855,1187,-243,0,3843.0,3834.0,1183.0,1183.0,-238.0,-230.0
3868,1192,-241,0,3855.0,3843.0,1187.0,1183.0,-243.0,-238.0
3873,1195,-248,0,3868.0,3855.0,1192.0,1187.0,-241.0,-243.0
3878,1202,-254,0,3873.0,3868.0,1195.0,1192.0,-248.0,-241.0
3880,1205,-253,0,3878.0,3873.0,1202.0,1195.0,-254.0,-248.0
3881,1206,-251,0,3880.0,3878.0,1205.0,1202.0,-253.0,-254.0
3880,1209,-249,0,3881.0,3880.0,1206.0,1205.0,-251.0,-253.0
3875,1212,-244,0,3880.0,3881.0,1209.0,1206.0,-249.0,-251.0
3869,1214,-237,0,3875.0,3880.0,1212.0,1209.0,-244.0,-249.0
3861,1215,-235,0,3869.0,3875.0,1214.0,1212.0,-237.0,-244.0
3852,1213,-231,0,3861.0,3869.0,1215.0,1214.0,-235.0,-237.0
3842,1215,-231,0,3852.0,3861.0,1213.0,1215.0,-231.0,-235.0
3833,1213,-231,0,3842.0,3852.0,1215.0,1213.0,-231.0,-231.0
3820,1213,-227,0,3833.0,3842.0,1213.0,1215.0,-231.0,-231.0
3817,1213,-223,0,3820.0,3833.0,1213.0,1213.0,-227.0,-231.0
3814,1211,-222,0,3817.0,3820.0,1213.0,1213.0,-223.0,-227.0
3813,1204,-228,0,3814.0,3817.0,1211.0,1213.0,-222.0,-223.0
3812,1206,-236,0,3813.0,3814.0,1204.0,1211.0,-228.0,-222.0
3814,1205,-239,0,3812.0,3813.0,1206.0,1204.0,-236.0,-228.0
3818,1202,-238,0,3814.0,3812.0,1205.0,1206.0,-239.0,-236.0
3826,1200,-236,0,3818.0,3814.0,1202.0,1205.0,-238.0,-239.0
3838,1200,-238,0,3826.0,3818.0,1200.0,1202.0,-236.0,-238.0
3843,1196,-241,0,3838.0,3826.0,1200.0,1200.0,-238.0,-236.0
3847,1190,-243,0,3843.0,3838.0,1196.0,1200.0,-241.0,-238.0
3851,1189,-242,0,3847.0,3843.0,1190.0,1196.0,-243.0,-241.0
3852,1187,-243,0,3851.0,3847.0,1189.0,1190.0,-242.0,-243.0
3854,1185,-244,0,3852.0,3851.0,1187.0,1189.0,-243.0,-242.0
3852,1183,-239,0,3854.0,3852.0,1185.0,1187.0,-244.0,-243.0
3847,1185,-238,0,3852.0,3854.0,1183.0,1185.0,-239.0,-244.0
3844,1187,-234,0,3847.0,3852.0,1185.0,1183.0,-238.0,-239.0
3836,1190,-231,0,3844.0,3847.0,1187.0,1185.0,-234.0,-238.0
3827,1193,-228,0,3836.0,3844.0,1190.0,1187.0,-231.0,-234.0
3822,1199,-228,0,3827.0,3836.0,1193.0,1190.0,-228.0,-231.0
3817,1202,-228,0,3822.0,3827.0,1199.0,1193.0,-228.0,-228.0
3815,1206,-229,0,3817.0,3822.0,1202.0,1199.0,-228.0,-228.0
3819,1206,-228,0,3815.0,3817.0,1206.0,1202.0,-229.0,-228.0
3824,1207,-227,0,3819.0,3815.0,1206.0,1206.0,-228.0,-229.0
3834,1206,-228,0,3824.0,3819.0,1207.0,1206.0,-227.0,-228.0
3840,1206,-227,0,3834.0,3824.0,1206.0,1207.0,-228.0,-227.0
3849,1205,-223,0,3840.0,3834.0,1206.0,1206.0,-227.0,-228.0
3856,1199,-222,0,3849.0,3840.0,1205.0,1206.0,-223.0,-227.0
3864,1194,-221,0,3856.0,3849.0,1199.0,1205.0,-222.0,-223.0
3867,1189,-221,0,3864.0,3856.0,1194.0,1199.0,-221.0,-222.0
3866,1183,-222,0,3867.0,3864.0,1189.0,1194.0,-221.0,-221.0
3858,1177,-223,0,3866.0,3867.0,1183.0,1189.0,-222.0,-221.0
3849,1176,-223,0,3858.0,3866.0,1177.0,1183.0,-223.0,-222.0
3842,1177,-226,0,3849.0,3858.0,1176.0,1177.0,-223.0,-223.0
3831,1176,-230,0,3842.0,3849.0,1177.0,1176.0,-226.0,-223.0
3821,1181,-241,0,3831.0,3842.0,1176.0,1177.0,-230.0,-226.0
3809,1184,-249,0,3821.0,3831.0,1181.0,1176.0,-241.0,-230.0
3807,1184,-254,0,3809.0,3821.0,1184.0,1181.0,-249.0,-241.0
3815,1178,-252,0,3807.0,3809.0,1184.0,1184.0,-254.0,-249.0
3820,1176,-250,0,3815.0,3807.0,1178.0,1184.0,-252.0,-254.0
3836,1181,-246,0,3820.0,3815.0,1176.0,1178.0,-250.0,-252.0
3852,1181,-238,0,3836.0,3820.0,1181.0,1176.0,-246.0,-250.0
3861,1178,-234,0,3852.0,3836.0,1181.0,1181.0,-238.0,-246.0
3870,1176,-227,0,3861.0,3852.0,1178.0,1181.0,-234.0,-238.0
3877,1177,-223,0,3870.0,3861.0,1176.0,1178.0,-227.0,-234.0
3876,1179,-222,0,3877.0,3870.0,1177.0,1176.0,-223.0,-227.0
3874,1181,-227,0,3876.0,3877.0,1179.0,1177.0,-222.0,-223.0
3866,1188,-226,0,3874.0,3876.0,1181.0,1179.0,-227.0,-222.0
3862,1190,-223,0,3866.0,3874.0,1188.0,1181.0,-226.0,-227.0
3855,1191,-222,0,3862.0,3866.0,1190.0,1188.0,-223.0,-226.0
3844,1189,-220,0,3855.0,3862.0,1191.0,1190.0,-222.0,-223.0
3839,1189,-217,0,3844.0,3855.0,1189.0,1191.0,-220.0,-222.0
3836,1192,-207,0,3839.0,3844.0,1189.0,1189.0,-217.0,-220.0
3835,1190,-210,0,3836.0,3839.0,1192.0,1189.0,-207.0,-217.0
3826,1189,-214,0,3835.0,3836.0,1190.0,1192.0,-210.0,-207.0
3822,1187,-214,0,3826.0,3835.0,1189.0,1190.0,-214.0,-210.0
3819,1184,-215,0,3822.0,3826.0,1187.0,1189.0,-214.0,-214.0
3825,1183,-216,0,3819.0,3822.0,1184.0,1187.0,-215.0,-214.0
3828,1180,-219,0,3825.0,3819.0,1183.0,1184.0,-216.0,-215.0
3832,1176,-224,0,3828.0,3825.0,1180.0,1183.0,-219.0,-216.0
3838,1177,-228,0,3832.0,3828.0,1176.0,1180.0,-224.0,-219.0
3848,1177,-232,0,3838.0,3832.0,1177.0,1176.0,-228.0,-224.0
3859,1179,-230,0,3848.0,3838.0,1177.0,1177.0,-232.0,-228.0
3867,1177,-233,0,3859.0,3848.0,1179.0,1177.0,-230.0,-232.0
3873,1171,-238,0,3867.0,3859.0,1177.0,1179.0,-233.0,-230.0
3880,1166,-245,0,3873.0,3867.0,1171.0,1177.0,-238.0,-233.0
3881,1160,-240,0,3880.0,3873.0,1166.0,1171.0,-245.0,-238.0
3879,1157,-238,0,3881.0,3880.0,1160.0,1166.0,-240.0,-245.0
3871,1156,-238,0,3879.0,3881.0,1157.0,1160.0,-238.0,-240.0
3864,1157,-245,0,3871.0,3879.0,1156.0,1157.0,-238.0,-238.0
3851,1160,-244,0,3864.0,3871.0,1157.0,1156.0,-245.0,-238.0
3840,1166,-245,0,3851.0,3864.0,1160.0,1157.0,-244.0,-245.0
3833,1174,-238,0,3840.0,3851.0,1166.0,1160.0,-245.0,-244.0
3827,1176,-236,0,3833.0,3840.0,1174.0,1166.0,-238.0,-245.0
3825,1180,-231,0,3827.0,3833.0,1176.0,1174.0,-236.0,-238.0
3826,1182,-230,0,3825.0,3827.0,1180.0,1176.0,-231.0,-236.0
3828,1182,-230,0,3826.0,3825.0,1182.0,1180.0,-230.0,-231.0
3836,1184,-228,0,3828.0,3826.0,1182.0,1182.0,-230.0,-230.0
3836,1189,-225,0,3836.0,3828.0,1184.0,1182.0,-228.0,-230.0
3835,1193,-224,0,3836.0,3836.0,1189.0,1184.0,-225.0,-228.0
3840,1198,-226,0,3835.0,3836.0,1193.0,1189.0,-224.0,-225.0
3841,1202,-229,0,3840.0,3835.0,1198.0,1193.0,-226.0,-224.0
3847,1205,-233,0,3841.0,3840.0,1202.0,1198.0,-229.0,-226.0
3855,1204,-234,0,3847.0,3841.0,1205.0,1202.0,-233.0,-229.0
3856,1204,-236,0,3855.0,3847.0,1204.0,1205.0,-234.0,-233.0
3857,1204,-236,0,3856.0,3855.0,1204.0,1204.0,-236.0,-234.0
3861,1202,-243,0,3857.0,3856.0,1204.0,1204.0,-236.0,-236.0
3865,1204,-241,0,3861.0,3857.0,1202.0,1204.0,-243.0,-236.0
3868,1204,-239,0,3865.0,3861.0,1204.0,1202.0,-241.0,-243.0
3865,1202,-238,0,3868.0,3865.0,1204.0,1204.0,-239.0,-241.0
3862,1201,-237,0,3865.0,3868.0,1202.0,1204.0,-238.0,-239.0
3857,1196,-233,0,3862.0,3865.0,1201.0,1202.0,-237.0,-238.0
3853,1192,-232,0,3857.0,3862.0,1196.0,1201.0,-233.0,-237.0
3852,1190,-230,0,3853.0,3857.0,1192.0,1196.0,-232.0,-233.0
3850,1188,-229,0,3852.0,3853.0,1190.0,1192.0,-230.0,-232.0
3847,1187,-226,0,3850.0,3852.0,1188.0,1190.0,-229.0,-230.0
3839,1184,-223,0,3847.0,3850.0,1187.0,1188.0,-226.0,-229.0
3834,1182,-223,0,3839.0,3847.0,1184.0,1187.0,-223.0,-226.0
3832,1180,-219,0,3834.0,3839.0,1182.0,1184.0,-223.0,-223.0
3829,1182,-219,0,3832.0,3834.0,1180.0,1182.0,-219.0,-223.0
3826,1179,-216,0,3829.0,3832.0,1182.0,1180.0,-219.0,-219.0
3823,1182,-218,0,3826.0,3829.0,1179.0,1182.0,-216.0,-219.0
3823,1182,-223,0,3823.0,3826.0,1182.0,1179.0,-218.0,-216.0
3823,1182,-225,0,3823.0,3823.0,1182.0,1182.0,-223.0,-218.0
3826,1180,-228,0,3823.0,3823.0,1182.0,1182.0,-225.0,-223.0
3830,1181,-226,0,3826.0,3823.0,1180.0,1182.0,-228.0,-225.0
3839,1181,-222,0,3830.0,3826.0,1181.0,1180.0,-226.0,-228.0
3850,1181,-215,0,3839.0,3830.0,1181.0,1181.0,-222.0,-226.0
3860,1183,-212,0,3850.0,3839.0,1181.0,1181.0,-215.0,-222.0
3869,1182,-208,0,3860.0,3850.0,1183.0,1181.0,-212.0,-215.0
3877,1181,-204,0,3869.0,3860.0,1182.0,1183.0,-208.0,-212.0
3882,1179,-204,0,3877.0,3869.0,1181.0,1182.0,-204.0,-208.0
3879,1180,-207,0,3882.0,3877.0,1179.0,1181.0,-204.0,-204.0
3877,1183,-211,0,3879.0,3882.0,1180.0,1179.0,-207.0,-204.0
3872,1186,-217,0,3877.0,3879.0,1183.0,1180.0,-211.0,-207.0
3869,1184,-225,0,3872.0,3877.0,1186.0,1183.0,-217.0,-211.0
3863,1184,-233,0,3869.0,3872.0,1184.0,1186.0,-225.0,-217.0
3861,1188,-235,0,3863.0,3869.0,1184.0,1184.0,-233.0,-225.0
3857,1187,-239,0,3861.0,3863.0,1188.0,1184.0,-235.0,-233.0
3857,1184,-240,0,3857.0,3861.0,1187.0,1188.0,-239.0,-235.0
3857,1184,-237,0,3857.0,3857.0,1184.0,1187.0,-240.0,-239.0
3860,1180,-230,0,3857.0,3857.0,1184.0,1184.0,-237.0,-240.0
3868,1181,-217,0,3860.0,3857.0,1180.0,1184.0,-230.0,-237.0
3878,1175,-211,0,3868.0,3860.0,1181.0,1180.0,-217.0,-230.0
3881,1173,-206,0,3878.0,3868.0,1175.0,1181.0,-211.0,-217.0
3883,1174,-198,0,3881.0,3878.0,1173.0,1175.0,-206.0,-211.0
3883,1173,-195,0,3883.0,3881.0,1174.0,1173.0,-198.0,-206.0
3885,1181,-193,0,3883.0,3883.0,1173.0,1174.0,-195.0,-198.0
3881,1184,-189,0,3885.0,3883.0,1181.0,1173.0,-193.0,-195.0
3873,1187,-187,0,3881.0,3885.0,1184.0,1181.0,-189.0,-193.0
3870,1192,-190,0,3873.0,3881.0,1187.0,1184.0,-187.0,-189.0
3863,1191,-192,0,3870.0,3873.0,1192.0,1187.0,-190.0,-187.0
3856,1188,-193,0,3863.0,3870.0,1191.0,1192.0,-192.0,-190.0
3852,1186,-190,0,3856.0,3863.0,1188.0,1191.0,-193.0,-192.0
3848,1183,-190,0,3852.0,3856.0,1186.0,1188.0,-190.0,-193.0
3845,1176,-192,0,3848.0,3852.0,1183.0,1186.0,-190.0,-190.0
3834,1173,-191,0,3845.0,3848.0,1176.0,1183.0,-192.0,-190.0
3830,1168,-189,0,3834.0,3845.0,1173.0,1176.0,-191.0,-192.0
3825,1171,-188,0,3830.0,3834.0,1168.0,1173.0,-189.0,-191.0
3823,1170,-185,0,3825.0,3830.0,1171.0,1168.0,-188.0,-189.0
3825,1171,-182,0,3823.0,3825.0,1170.0,1171.0,-185.0,-188.0
3831,1171,-181,0,3825.0,3823.0,1171.0,1170.0,-182.0,-185.0
3834,1171,-180,0,3831.0,3825.0,1171.0,1171.0,-181.0,-182.0
3835,1168,-188,0,3834.0,3831.0,1171.0,1171.0,-180.0,-181.0
3840,1165,-188,0,3835.0,3834.0,1168.0,1171.0,-188.0,-180.0
3844,1161,-189,0,3840.0,3835.0,1165.0,1168.0,-188.0,-188.0
3848,1152,-189,0,3844.0,3840.0,1161.0,1165.0,-189.0,-188.0
3852,1148,-193,0,3848.0,3844.0,1152.0,1161.0,-189.0,-189.0
3852,1148,-197,0,3852.0,3848.0,1148.0,1152.0,-193.0,-189.0
3849,1148,-198,0,3852.0,3852.0,1148.0,1148.0,-197.0,-193.0
3850,1154,-198,0,3849.0,3852.0,1148.0,1148.0,-198.0,-197.0
3846,1156,-196,0,3850.0,3849.0,1154.0,1148.0,-198.0,-198.0
3847,1156,-191,0,3846.0,3850.0,1156.0,1154.0,-196.0,-198.0
3846,1160,-193,0,3847.0,3846.0,1156.0,1156.0,-191.0,-196.0
3843,1163,-193,0,3846.0,3847.0,1160.0,1156.0,-193.0,-191.0
3840,1163,-191,0,3843.0,3846.0,1163.0,1160.0,-193.0,-193.0
3843,1165,-188,0,3840.0,3843.0,1163.0,1163.0,-191.0,-193.0
3841,1166,-182,0,3843.0,3840.0,1165.0,1163.0,-188.0,-191.0
3845,1172,-182,0,3841.0,3843.0,1166.0,1165.0,-182.0,-188.0
3843,1170,-179,0,3845.0,3841.0,1172.0,1166.0,-182.0,-182.0
3844,1173,-178,0,3843.0,3845.0,1170.0,1172.0,-179.0,-182.0
3842,1173,-181,0,3844.0,3843.0,1173.0,1170.0,-178.0,-179.0
3841,1175,-186,0,3842.0,3844.0,1173.0,1173.0,-181.0,-178.0
3837,1175,-187,0,3841.0,3842.0,1175.0,1173.0,-186.0,-181.0
3841,1172,-186,0,3837.0,3841.0,1175.0,1175.0,-187.0,-186.0
3836,1175,-187,0,3841.0,3837.0,1172.0,1175.0,-186.0,-187.0
3833,1176,-190,0,3836.0,3841.0,1175.0,1172.0,-187.0,-186.0
3835,1173,-188,0,3833.0,3836.0,1176.0,1175.0,-190.0,-187.0
3835,1177,-191,0,3835.0,3833.0,1173.0,1176.0,-188.0,-190.0
3835,1178,-191,0,3835.0,3835.0,1177.0,1173.0,-191.0,-188.0
3834,1179,-193,0,3835.0,3835.0,1178.0,1177.0,-191.0,-191.0
3830,1182,-197,0,3834.0,3835.0,1179.0,1178.0,-193.0,-191.0
3834,1187,-195,0,3830.0,3834.0,1182.0,1179.0,-197.0,-193.0
3836,1190,-189,0,3834.0,3830.0,1187.0,1182.0,-195.0,-197.0
3834,1197,-189,0,3836.0,3834.0,1190.0,1187.0,-189.0,-195.0
3831,1199,-187,0,3834.0,3836.0,1197.0,1190.0,-189.0,-189.0
3829,1201,-185,0,3831.0,3834.0,1199.0,1197.0,-187.0,-189.0
3829,1202,-187,0,3829.0,3831.0,1201.0,1199.0,-185.0,-187.0
3829,1202,-190,0,3829.0,3829.0,1202.0,1201.0,-187.0,-185.0
3830,1201,-187,0,3829.0,3829.0,1202.0,1202.0,-190.0,-187.0
3833,1198,-186,0,3830.0,3829.0,1201.0,1202.0,-187.0,-190.0
3837,1198,-183,0,3833.0,3830.0,1198.0,1201.0,-186.0,-187.0
3836,1197,-184,0,3837.0,3833.0,1198.0,1198.0,-183.0,-186.0
3836,1197,-189,0,3836.0,3837.0,1197.0,1198.0,-184.0,-183.0
3840,1196,-188,0,3836.0,3836.0,1197.0,1197.0,-189.0,-184.0
3843,1195,-184,0,3840.0,3836.0,1196.0,1197.0,-188.0,-189.0
3848,1195,-182,0,3843.0,3840.0,1195.0,1196.0,-184.0,-188.0
3856,1197,-176,0,3848.0,3843.0,1195.0,1195.0,-182.0,-184.0
3865,1199,-171,0,3856.0,3848.0,1197.0,1195.0,-176.0,-182.0
3870,1198,-172,0,3865.0,3856.0,1199.0,1197.0,-171.0,-176.0
3866,1197,-172,0,3870.0,3865.0,1198.0,1199.0,-172.0,-171.0
3862,1195,-167,0,3866.0,3870.0,1197.0,1198.0,-172.0,-172.0
3858,1197,-171,0,3862.0,3866.0,1195.0,1197.0,-167.0,-172.0
3854,1202,-170,0,3858.0,3862.0,1197.0,1195.0,-171.0,-167.0
3848,1207,-171,0,3854.0,3858.0,1202.0,1197.0,-170.0,-171.0
3844,1208,-180,0,3848.0,3854.0,1207.0,1202.0,-171.0,-170.0
3834,1212,-188,0,3844.0,3848.0,1208.0,1207.0,-180.0,-171.0
3826,1212,-194,0,3834.0,3844.0,1212.0,1208.0,-188.0,-180.0
3822,1215,-198,0,3826.0,3834.0,1212.0,1212.0,-194.0,-188.0
3820,1211,-205,0,3822.0,3826.0,1215.0,1212.0,-198.0,-194.0
3823,1204,-205,0,3820.0,3822.0,1211.0,1215.0,-205.0,-198.0
3825,1197,-200,0,3823.0,3820.0,1204.0,1211.0,-205.0,-205.0
3836,1194,-189,0,3825.0,3823.0,1197.0,1204.0,-200.0,-205.0
3844,1194,-178,0,3836.0,3825.0,1194.0,1197.0,-189.0,-200.0
3850,1190,-165,0,3844.0,3836.0,1194.0,1194.0,-178.0,-189.0
3854,1191,-161,0,3850.0,3844.0,1190.0,1194.0,-165.0,-178.0
3851,1193,-158,0,3854.0,3850.0,1191.0,1190.0,-161.0,-165.0
3852,1197,-155,0,3851.0,3854.0,1193.0,1191.0,-158.0,-161.0
3847,1203,-152,0,3852.0,3851.0,1197.0,1193.0,-155.0,-158.0
3843,1210,-150,0,3847.0,3852.0,1203.0,1197.0,-152.0,-155.0
3837,1216,-153,0,3843.0,3847.0,1210.0,1203.0,-150.0,-152.0
3831,1216,-155,0,3837.0,3843.0,1216.0,1210.0,-153.0,-150.0
3833,1218,-153,0,3831.0,3837.0,1216.0,1216.0,-155.0,-153.0
3834,1220,-148,0,3833.0,3831.0,1218.0,1216.0,-153.0,-155.0
3838,1222,-144,0,3834.0,3833.0,1220.0,1218.0,-148.0,-153.0
3845,1222,-140,0,3838.0,3834.0,1222.0,1220.0,-144.0,-148.0
3847,1226,-133,0,3845.0,3838.0,1222.0,1222.0,-140.0,-144.0
3849,1228,-128,0,3847.0,3845.0,1226.0,1222.0,-133.0,-140.0
3850,1231,-133,0,3849.0,3847.0,1228.0,1226.0,-128.0,-133.0
3845,1235,-142,0,3850.0,3849.0,1231.0,1228.0,-133.0,-128.0
3841,1232,-150,0,3845.0,3850.0,1235.0,1231.0,-142.0,-133.0
3835,1235,-156,0,3841.0,3845.0,1232.0,1235.0,-150.0,-142.0
3830,1232,-163,0,3835.0,3841.0,1235.0,1232.0,-156.0,-150.0
3829,1230,-166,0,3830.0,3835.0,1232.0,1235.0,-163.0,-156.0
3829,1228,-169,0,3829.0,3830.0,1230.0,1232.0,-166.0,-163.0
3836,1227,-168,0,3829.0,3829.0,1228.0,1230.0,-169.0,-166.0
3841,1225,-163,0,3836.0,3829.0,1227.0,1228.0,-168.0,-169.0
3847,1226,-157,0,3841.0,3836.0,1225.0,1227.0,-163.0,-168.0
3852,1226,-152,0,3847.0,3841.0,1226.0,1225.0,-157.0,-163.0
3851,1226,-152,0,3852.0,3847.0,1226.0,1226.0,-152.0,-157.0
3850,1225,-154,0,3851.0,3852.0,1226.0,1226.0,-152.0,-152.0
3847,1224,-156,0,3850.0,3851.0,1225.0,1226.0,-154.0,-152.0
3843,1224,-161,0,3847.0,3850.0,1224.0,1225.0,-156.0,-154.0
3836,1220,-163,0,3843.0,3847.0,1224.0,1224.0,-161.0,-156.0
3827,1218,-170,0,3836.0,3843.0,1220.0,1224.0,-163.0,-161.0
3823,1215,-174,0,3827.0,3836.0,1218.0,1220.0,-170.0,-163.0
3819,1210,-177,0,3823.0,3827.0,1215.0,1218.0,-174.0,-170.0
3818,1208,-180,0,3819.0,3823.0,1210.0,1215.0,-177.0,-174.0
3818,1204,-176,0,3818.0,3819.0,1208.0,1210.0,-180.0,-177.0
3819,1205,-173,0,3818.0,3818.0,1204.0,1208.0,-176.0,-180.0
3822,1202,-168,0,3819.0,3818.0,1205.0,1204.0,-173.0,-176.0
3821,1199,-165,0,3822.0,3819.0,1202.0,1205.0,-168.0,-173.0
3825,1202,-159,0,3821.0,3822.0,1199.0,1202.0,-165.0,-168.0
3832,1207,-157,0,3825.0,3821.0,1202.0,1199.0,-159.0,-165.0
3833,1213,-154,0,3832.0,3825.0,1207.0,1202.0,-157.0,-159.0
3839,1213,-148,0,3833.0,3832.0,1213.0,1207.0,-154.0,-157.0
3847,1220,-146,0,3839.0,3833.0,1213.0,1213.0,-148.0,-154.0
3858,1224,-143,0,3847.0,3839.0,1220.0,1213.0,-146.0,-148.0
3866,1231,-137,0,3858.0,3847.0,1224.0,1220.0,-143.0,-146.0
3873,1233,-135,0,3866.0,3858.0,1231.0,1224.0,-137.0,-143.0
3874,1231,-135,0,3873.0,3866.0,1233.0,1231.0,-135.0,-137.0
3871,1224,-134,0,3874.0,3873.0,1231.0,1233.0,-135.0,-135.0
3866,1219,-135,0,3871.0,3874.0,1224.0,1231.0,-134.0,-135.0
3865,1210,-139,0,3866.0,3871.0,1219.0,1224.0,-135.0,-134.0
3863,1204,-142,0,3865.0,3866.0,1210.0,1219.0,-139.0,-135.0
3861,1196,-140,0,3863.0,3865.0,1204.0,1210.0,-142.0,-139.0
3856,1188,-141,0,3861.0,3863.0,1196.0,1204.0,-140.0,-142.0
3853,1181,-138,0,3856.0,3861.0,1188.0,1196.0,-141.0,-140.0
3849,1176,-137,0,3853.0,3856.0,1181.0,1188.0,-138.0,-141.0
3846,1170,-136,0,3849.0,3853.0,1176.0,1181.0,-137.0,-138.0
3841,1163,-136,0,3846.0,3849.0,1170.0,1176.0,-136.0,-137.0
3833,1160,-134,0,3841.0,3846.0,1163.0,1170.0,-136.0,-136.0
3828,1154,-135,0,3833.0,3841.0,1160.0,1163.0,-134.0,-136.0
3825,1147,-137,0,3828.0,3833.0,1154.0,1160.0,-135.0,-134.0
3816,1144,-141,0,3825.0,3828.0,1147.0,1154.0,-137.0,-135.0
3815,1140,-141,0,3816.0,3825.0,1144.0,1147.0,-141.0,-137.0
3813,1142,-138,0,3815.0,3816.0,1140.0,1144.0,-141.0,-141.0
3814,1142,-130,0,3813.0,3815.0,1142.0,1140.0,-138.0,-141.0
3816,1146,-127,0,3814.0,3813.0,1142.0,1142.0,-130.0,-138.0
3819,1148,-125,0,3816.0,3814.0,1146.0,1142.0,-127.0,-130.0
3828,1153,-118,0,3819.0,3816.0,1148.0,1146.0,-125.0,-127.0
3835,1158,-115,0,3828.0,3819.0,1153.0,1148.0,-118.0,-125.0
3837,1161,-116,0,3835.0,3828.0,1158.0,1153.0,-115.0,-118.0
3840,1168,-119,0,3837.0,3835.0,1161.0,1158.0,-116.0,-115.0
3845,1175,-124,0,3840.0,3837.0,1168.0,1161.0,-119.0,-116.0
3846,1183,-131,0,3845.0,3840.0,1175.0,1168.0,-124.0,-119.0
3851,1190,-132,0,3846.0,3845.0,1183.0,1175.0,-131.0,-124.0
3853,1197,-141,0,3851.0,3846.0,1190.0,1183.0,-132.0,-131.0
3854,1203,-150,0,3853.0,3851.0,1197.0,1190.0,-141.0,-132.0
3860,1202,-157,0,3854.0,3853.0,1203.0,1197.0,-150.0,-141.0
3862,1199,-156,0,3860.0,3854.0,1202.0,1203.0,-157.0,-150.0
3867,1197,-143,0,3862.0,3860.0,1199.0,1202.0,-156.0,-157.0
3873,1190,-130,0,3867.0,3862.0,1197.0,1199.0,-143.0,-156.0
3875,1187,-120,0,3873.0,3867.0,1190.0,1197.0,-130.0,-143.0
3879,1185,-109,0,3875.0,3873.0,1187.0,1190.0,-120.0,-130.0
3874,1188,-97,0,3879.0,3875.0,1185.0,1187.0,-109.0,-120.0
3864,1187,-92,0,3874.0,3879.0,1188.0,1185.0,-97.0,-109.0
3853,1188,-97,0,3864.0,3874.0,1187.0,1188.0,-92.0,-97.0
3838,1186,-103,0,3853.0,3864.0,1188.0,1187.0,-97.0,-92.0
3827,1186,-107,0,3838.0,3853.0,1186.0,1188.0,-103.0,-97.0
3816,1185,-107,0,3827.0,3838.0,1186.0,1186.0,-107.0,-103.0
3807,1184,-109,0,3816.0,3827.0,1185.0,1186.0,-107.0,-107.0
3801,1184,-111,0,3807.0,3816.0,1184.0,1185.0,-109.0,-107.0
3793,1184,-120,0,3801.0,3807.0,1184.0,1184.0,-111.0,-109.0
3790,1181,-121,0,3793.0,3801.0,1184.0,1184.0,-120.0,-111.0
3793,1180,-122,0,3790.0,3793.0,1181.0,1184.0,-121.0,-120.0
3797,1182,-125,0,3793.0,3790.0,1180.0,1181.0,-122.0,-121.0
3800,1183,-126,0,3797.0,3793.0,1182.0,1180.0,-125.0,-122.0
3808,1187,-127,0,3800.0,3797.0,1183.0,1182.0,-126.0,-125.0
3817,1192,-131,0,3808.0,3800.0,1187.0,1183.0,-127.0,-126.0
3832,1193,-140,0,3817.0,3808.0,1192.0,1187.0,-131.0,-127.0
3847,1199,-141,0,3832.0,3817.0,1193.0,1192.0,-140.0,-131.0
3859,1201,-147,0,3847.0,3832.0,1199.0,1193.0,-141.0,-140.0
3870,1203,-155,0,3859.0,3847.0,1201.0,1199.0,-147.0,-141.0
3877,1207,-158,0,3870.0,3859.0,1203.0,1201.0,-155.0,-147.0
3885,1207,-160,0,3877.0,3870.0,1207.0,1203.0,-158.0,-155.0
3892,1208,-159,0,3885.0,3877.0,1207.0,1207.0,-160.0,-158.0
3896,1208,-156,0,3892.0,3885.0,1208.0,1207.0,-159.0,-160.0
3897,1205,-157,0,3896.0,3892.0,1208.0,1208.0,-156.0,-159.0
3892,1205,-156,0,3897.0,3896.0,1205.0,1208.0,-157.0,-156.0
3886,1210,-154,0,3892.0,3897.0,1205.0,1205.0,-156.0,-157.0
3876,1210,-152,0,3886.0,3892.0,1210.0,1205.0,-154.0,-156.0
3867,1210,-150,0,3876.0,3886.0,1210.0,1210.0,-152.0,-154.0
3862,1210,-145,0,3867.0,3876.0,1210.0,1210.0,-150.0,-152.0
3854,1207,-141,0,3862.0,3867.0,1210.0,1210.0,-145.0,-150.0
3845,1206,-139,0,3854.0,3862.0,1207.0,1210.0,-141.0,-145.0
3836,1205,-141,0,3845.0,3854.0,1206.0,1207.0,-139.0,-141.0
3831,1200,-137,0,3836.0,3845.0,1205.0,1206.0,-141.0,-139.0
3828,1198,-132,0,3831.0,3836.0,1200.0,1205.0,-137.0,-141.0
3827,1196,-130,0,3828.0,3831.0,1198.0,1200.0,-132.0,-137.0
3827,1193,-129,0,3827.0,3828.0,1196.0,1198.0,-130.0,-132.0
3822,1192,-130,0,3827.0,3827.0,1193.0,1196.0,-129.0,-130.0
3823,1192,-127,0,3822.0,3827.0,1192.0,1193.0,-130.0,-129.0
3821,1194,-125,0,3823.0,3822.0,1192.0,1192.0,-127.0,-130.0
3823,1197,-124,0,3821.0,3823.0,1194.0,1192.0,-125.0,-127.0
3822,1198,-128,0,3823.0,3821.0,1197.0,1194.0,-124.0,-125.0
3823,1199,-130,0,3822.0,3823.0,1198.0,1197.0,-128.0,-124.0
3824,1200,-130,0,3823.0,3822.0,1199.0,1198.0,-130.0,-128.0
3827,1202,-124,0,3824.0,3823.0,1200.0,1199.0,-130.0,-130.0
3829,1200,-121,0,3827.0,3824.0,1202.0,1200.0,-124.0,-130.0
3836,1201,-120,0,3829.0,3827.0,1200.0,1202.0,-121.0,-124.0
3842,1198,-123,0,3836.0,3829.0,1201.0,1200.0,-120.0,-121.0
3844,1193,-127,0,3842.0,3836.0,1198.0,1201.0,-123.0,-120.0
3847,1197,-127,0,3844.0,3842.0,1193.0,1198.0,-127.0,-123.0
3850,1195,-129,0,3847.0,3844.0,1197.0,1193.0,-127.0,-127.0
3852,1191,-127,0,3850.0,3847.0,1195.0,1197.0,-129.0,-127.0
3850,1191,-128,0,3852.0,3850.0,1191.0,1195.0,-127.0,-129.0
3852,1192,-127,0,3850.0,3852.0,1191.0,1191.0,-128.0,-127.0
3853,1195,-125,0,3852.0,3850.0,1192.0,1191.0,-127.0,-128.0
3852,1196,-125,0,3853.0,3852.0,1195.0,1192.0,-125.0,-127.0
3852,1197,-125,0,3852.0,3853.0,1196.0,1195.0,-125.0,-125.0
3851,1197,-125,0,3852.0,3852.0,1197.0,1196.0,-125.0,-125.0
3851,1197,-122,0,3851.0,3852.0,1197.0,1197.0,-125.0,-125.0
3848,1196,-126,0,3851.0,3851.0,1197.0,1197.0,-122.0,-125.0
3844,1199,-129,0,3848.0,3851.0,1196.0,1197.0,-126.0,-122.0
3845,1199,-135,0,3844.0,3848.0,1199.0,1196.0,-129.0,-126.0
3843,1196,-136,0,3845.0,3844.0,1199.0,1199.0,-135.0,-129.0
3847,1194,-136,0,3843.0,3845.0,1196.0,1199.0,-136.0,-135.0
3850,1193,-132,0,3847.0,3843.0,1194.0,1196.0,-136.0,-136.0
3853,1193,-127,0,3850.0,3847.0,1193.0,1194.0,-132.0,-136.0
3856,1189,-128,0,3853.0,3850.0,1193.0,1193.0,-127.0,-132.0
3855,1190,-129,0,3856.0,3853.0,1189.0,1193.0,-128.0,-127.0
3853,1191,-134,0,3855.0,3856.0,1190.0,1189.0,-129.0,-128.0
3854,1195,-138,0,3853.0,3855.0,1191.0,1190.0,-134.0,-129.0
3854,1202,-143,0,3854.0,3853.0,1195.0,1191.0,-138.0,-134.0
3853,1208,-146,0,3854.0,3854.0,1202.0,1195.0,-143.0,-138.0
3851,1219,-153,0,3853.0,3854.0,1208.0,1202.0,-146.0,-143.0
3851,1226,-159,0,3851.0,3853.0,1219.0,1208.0,-153.0,-146.0
3845,1226,-164,0,3851.0,3851.0,1226.0,1219.0,-159.0,-153.0
3843,1228,-172,0,3845.0,3851.0,1226.0,1226.0,-164.0,-159.0
3846,1228,-173,0,3843.0,3845.0,1228.0,1226.0,-172.0,-164.0
3851,1227,-167,0,3846.0,3843.0,1228.0,1228.0,-173.0,-172.0
3858,1226,-161,0,3851.0,3846.0,1227.0,1228.0,-167.0,-173.0
3866,1222,-148,0,3858.0,3851.0,1226.0,1227.0,-161.0,-167.0
3875,1216,-137,0,3866.0,3858.0,1222.0,1226.0,-148.0,-161.0
3880,1214,-129,0,3875.0,3866.0,1216.0,1222.0,-137.0,-148.0
3881,1216,-122,0,3880.0,3875.0,1214.0,1216.0,-129.0,-137.0
3877,1214,-122,0,3881.0,3880.0,1216.0,1214.0,-122.0,-129.0
3877,1213,-120,0,3877.0,3881.0,1214.0,1216.0,-122.0,-122.0
3867,1217,-118,0,3877.0,3877.0,1213.0,1214.0,-120.0,-122.0
3859,1223,-114,0,3867.0,3877.0,1217.0,1213.0,-118.0,-120.0
3851,1225,-113,0,3859.0,3867.0,1223.0,1217.0,-114.0,-118.0
3844,1227,-110,0,3851.0,3859.0,1225.0,1223.0,-113.0,-114.0
3838,1230,-111,0,3844.0,3851.0,1227.0,1225.0,-110.0,-113.0
3827,1229,-109,0,3838.0,3844.0,1230.0,1227.0,-111.0,-110.0
3818,1231,-110,0,3827.0,3838.0,1229.0,1230.0,-109.0,-111.0
3809,1228,-107,0,3818.0,3827.0,1231.0,1229.0,-110.0,-109.0
3801,1227,-109,0,3809.0,3818.0,1228.0,1231.0,-107.0,-110.0
3800,1223,-109,0,3801.0,3809.0,1227.0,1228.0,-109.0,-107.0
3797,1216,-109,0,3800.0,3801.0,1223.0,1227.0,-109.0,-109.0
3795,1209,-109,0,3797.0,3800.0,1216.0,1223.0,-109.0,-109.0
3803,1201,-113,0,3795.0,3797.0,1209.0,1216.0,-109.0,-109.0
3810,1194,-116,0,3803.0,3795.0,1201.0,1209.0,-113.0,-109.0
3815,1190,-118,0,3810.0,3803.0,1194.0,1201.0,-116.0,-113.0
3822,1188,-122,0,3815.0,3810.0,1190.0,1194.0,-118.0,-116.0
3831,1188,-132,0,3822.0,3815.0,1188.0,1190.0,-122.0,-118.0
3839,1188,-135,0,3831.0,3822.0,1188.0,1188.0,-132.0,-122.0
3847,1185,-136,0,3839.0,3831.0,1188.0,1188.0,-135.0,-132.0
3853,1181,-138,0,3847.0,3839.0,1185.0,1188.0,-136.0,-135.0
3858,1182,-140,0,3853.0,3847.0,1181.0,1185.0,-138.0,-136.0
3867,1182,-139,0,3858.0,3853.0,1182.0,1181.0,-140.0,-138.0
3867,1174,-137,0,3867.0,3858.0,1182.0,1182.0,-139.0,-140.0
3869,1173,-138,0,3867.0,3867.0,1174.0,1182.0,-137.0,-139.0
3864,1171,-136,0,3869.0,3867.0,1173.0,1174.0,-138.0,-137.0
3865,1168,-134,0,3864.0,3869.0,1171.0,1173.0,-136.0,-138.0
3860,1168,-129,0,3865.0,3864.0,1168.0,1171.0,-134.0,-136.0
3857,1165,-130,0,3860.0,3865.0,1168.0,1168.0,-129.0,-134.0
3855,1163,-126,0,3857.0,3860.0,1165.0,1168.0,-130.0,-129.0
3853,1160,-124,0,3855.0,3857.0,1163.0,1165.0,-126.0,-130.0
3855,1157,-124,0,3853.0,3855.0,1160.0,1163.0,-124.0,-126.0
3854,1156,-122,0,3855.0,3853.0,1157.0,1160.0,-124.0,-124.0
3854,1161,-122,0,3854.0,3855.0,1156.0,1157.0,-122.0,-124.0
3855,1163,-117,0,3854.0,3854.0,1161.0,1156.0,-122.0,-122.0
3855,1166,-116,0,3855.0,3854.0,1163.0,1161.0,-117.0,-122.0
3854,1170,-117,0,3855.0,3855.0,1166.0,1163.0,-116.0,-117.0
3854,1169,-119,0,3854.0,3855.0,1170.0,1166.0,-117.0,-116.0
3852,1171,-119,0,3854.0,3854.0,1169.0,1170.0,-119.0,-117.0
3854,1172,-118,0,3852.0,3854.0,1171.0,1169.0,-119.0,-119.0
3852,1175,-120,0,3854.0,3852.0,1172.0,1171.0,-118.0,-119.0
3851,1175,-125,0,3852.0,3854.0,1175.0,1172.0,-120.0,-118.0
3851,1176,-133,0,3851.0,3852.0,1175.0,1175.0,-125.0,-120.0
3849,1181,-132,0,3851.0,3851.0,1176.0,1175.0,-133.0,-125.0
3847,1182,-131,0,3849.0,3851.0,1181.0,1176.0,-132.0,-133.0
3845,1186,-136,0,3847.0,3849.0,1182.0,1181.0,-131.0,-132.0
3846,1187,-136,0,3845.0,3847.0,1186.0,1182.0,-136.0,-131.0
3843,1186,-133,0,3846.0,3845.0,1187.0,1186.0,-136.0,-136.0
3841,1188,-135,0,3843.0,3846.0,1186.0,1187.0,-133.0,-136.0
3834,1185,-138,0,3841.0,3843.0,1188.0,1186.0,-135.0,-133.0
3830,1187,-142,0,3834.0,3841.0,1185.0,1188.0,-138.0,-135.0
3831,1184,-144,0,3830.0,3834.0,1187.0,1185.0,-142.0,-138.0
3825,1183,-149,0,3831.0,3830.0,1184.0,1187.0,-144.0,-142.0
3824,1181,-147,0,3825.0,3831.0,1183.0,1184.0,-149.0,-144.0
3824,1180,-143,0,3824.0,3825.0,1181.0,1183.0,-147.0,-149.0
3822,1178,-143,0,3824.0,3824.0,1180.0,1181.0,-143.0,-147.0
3826,1178,-146,0,3822.0,3824.0,1178.0,1180.0,-143.0,-143.0
3829,1179,-140,0,3826.0,3822.0,1178.0,1178.0,-146.0,-143.0
3834,1180,-132,0,3829.0,3826.0,1179.0,1178.0,-140.0,-146.0
3838,1180,-123,0,3834.0,3829.0,1180.0,1179.0,-132.0,-140.0
3845,1185,-109,0,3838.0,3834.0,1180.0,1180.0,-123.0,-132.0
3850,1186,-100,0,3845.0,3838.0,1185.0,1180.0,-109.0,-123.0
3850,1189,-97,0,3850.0,3845.0,1186.0,1185.0,-100.0,-109.0
3845,1196,-94,0,3850.0,3850.0,1189.0,1186.0,-97.0,-100.0
3841,1201,-94,0,3845.0,3850.0,1196.0,1189.0,-94.0,-97.0
3838,1207,-94,0,3841.0,3845.0,1201.0,1196.0,-94.0,-94.0
3833,1212,-96,0,3838.0,3841.0,1207.0,1201.0,-94.0,-94.0
3829,1219,-100,0,3833.0,3838.0,1212.0,1207.0,-96.0,-94.0
3824,1221,-106,0,3829.0,3833.0,1219.0,1212.0,-100.0,-96.0
3823,1222,-121,0,3824.0,3829.0,1221.0,1219.0,-106.0,-100.0
3816,1223,-136,0,3823.0,3824.0,1222.0,1221.0,-121.0,-106.0
3814,1220,-148,0,3816.0,3823.0,1223.0,1222.0,-136.0,-121.0
3812,1215,-155,0,3814.0,3816.0,1220.0,1223.0,-148.0,-136.0
3820,1210,-155,0,3812.0,3814.0,1215.0,1220.0,-155.0,-148.0
3834,1205,-149,0,3820.0,3812.0,1210.0,1215.0,-155.0,-155.0
3845,1193,-140,0,3834.0,3820.0,1205.0,1210.0,-149.0,-155.0
3851,1181,-141,0,3845.0,3834.0,1193.0,1205.0,-140.0,-149.0
3854,1173,-139,0,3851.0,3845.0,1181.0,1193.0,-141.0,-140.0
3857,1166,-128,0,3854.0,3851.0,1173.0,1181.0,-139.0,-141.0
3856,1163,-128,0,3857.0,3854.0,1166.0,1173.0,-128.0,-139.0
3856,1164,-134,0,3856.0,3857.0,1163.0,1166.0,-128.0,-128.0
3853,1172,-135,0,3856.0,3856.0,1164.0,1163.0,-134.0,-128.0
3849,1174,-130,0,3853.0,3856.0,1172.0,1164.0,-135.0,-134.0
3851,1171,-125,0,3849.0,3853.0,1174.0,1172.0,-130.0,-135.0
3850,1172,-125,0,3851.0,3849.0,1171.0,1174.0,-125.0,-130.0
3846,1172,-134,0,3850.0,3851.0,1172.0,1171.0,-125.0,-125.0
3846,1168,-135,0,3846.0,3850.0,1172.0,1172.0,-134.0,-125.0
3848,1166,-127,0,3846.0,3846.0,1168.0,1172.0,-135.0,-134.0
3847,1164,-123,0,3848.0,3846.0,1166.0,1168.0,-127.0,-135.0
3849,1160,-120,0,3847.0,3848.0,1164.0,1166.0,-123.0,-127.0
3849,1159,-120,0,3849.0,3847.0,1160.0,1164.0,-120.0,-123.0
3849,1152,-122,0,3849.0,3849.0,1159.0,1160.0,-120.0,-120.0
3852,1153,-122,0,3849.0,3849.0,1152.0,1159.0,-122.0,-120.0
3852,1156,-127,0,3852.0,3849.0,1153.0,1152.0,-122.0,-122.0
3857,1157,-129,0,3852.0,3852.0,1156.0,1153.0,-127.0,-122.0
3860,1161,-131,0,3857.0,3852.0,1157.0,1156.0,-129.0,-127.0
3861,1165,-131,0,3860.0,3857.0,1161.0,1157.0,-131.0,-129.0
3861,1170,-134,0,3861.0,3860.0,1165.0,1161.0,-131.0,-131.0
3863,1174,-131,0,3861.0,3861.0,1170.0,1165.0,-134.0,-131.0
3864,1175,-134,0,3863.0,3861.0,1174.0,1170.0,-131.0,-134.0
3862,1170,-139,0,3864.0,3863.0,1175.0,1174.0,-134.0,-131.0
3861,1170,-137,0,3862.0,3864.0,1170.0,1175.0,-139.0,-134.0
3854,1170,-142,0,3861.0,3862.0,1170.0,1170.0,-137.0,-139.0
3850,1171,-147,0,3854.0,3861.0,1170.0,1170.0,-142.0,-137.0
3847,1172,-146,0,3850.0,3854.0,1171.0,1170.0,-147.0,-142.0
3847,1173,-143,0,3847.0,3850.0,1172.0,1171.0,-146.0,-147.0
3848,1175,-142,0,3847.0,3847.0,1173.0,1172.0,-143.0,-146.0
3848,1174,-139,0,3848.0,3847.0,1175.0,1173.0,-142.0,-143.0
3850,1178,-142,0,3848.0,3848.0,1174.0,1175.0,-139.0,-142.0
3851,1178,-141,0,3850.0,3848.0,1178.0,1174.0,-142.0,-139.0
3852,1182,-140,0,3851.0,3850.0,1178.0,1178.0,-141.0,-142.0
3854,1184,-141,0,3852.0,3851.0,1182.0,1178.0,-140.0,-141.0
3854,1188,-138,0,3854.0,3852.0,1184.0,1182.0,-141.0,-140.0
3853,1196,-138,0,3854.0,3854.0,1188.0,1184.0,-138.0,-141.0
3854,1200,-139,0,3853.0,3854.0,1196.0,1188.0,-138.0,-138.0
3855,1208,-134,0,3854.0,3853.0,1200.0,1196.0,-139.0,-138.0
3855,1214,-131,0,3855.0,3854.0,1208.0,1200.0,-134.0,-139.0
3853,1221,-131,0,3855.0,3855.0,1214.0,1208.0,-131.0,-134.0
3851,1229,-131,0,3853.0,3855.0,1221.0,1214.0,-131.0,-131.0
3849,1232,-132,0,3851.0,3853.0,1229.0,1221.0,-131.0,-131.0
3848,1232,-138,0,3849.0,3851.0,1232.0,1229.0,-132.0,-131.0
3848,1230,-141,0,3848.0,3849.0,1232.0,1232.0,-138.0,-132.0
3847,1227,-146,0,3848.0,3848.0,1230.0,1232.0,-141.0,-138.0
3847,1223,-148,0,3847.0,3848.0,1227.0,1230.0,-146.0,-141.0
3846,1217,-154,0,3847.0,3847.0,1223.0,1227.0,-148.0,-146.0
3842,1209,-152,0,3846.0,3847.0,1217.0,1223.0,-154.0,-148.0
3848,1203,-151,0,3842.0,3846.0,1209.0,1217.0,-152.0,-154.0
3850,1194,-153,0,3848.0,3842.0,1203.0,1209.0,-151.0,-152.0
3850,1189,-153,0,3850.0,3848.0,1194.0,1203.0,-153.0,-151.0
3847,1186,-156,0,3850.0,3850.0,1189.0,1194.0,-153.0,-153.0
3849,1184,-155,0,3847.0,3850.0,1186.0,1189.0,-156.0,-153.0
3846,1187,-153,0,3849.0,3847.0,1184.0,1186.0,-155.0,-156.0
3844,1191,-149,0,3846.0,3849.0,1187.0,1184.0,-153.0,-155.0
3839,1194,-144,0,3844.0,3846.0,1191.0,1187.0,-149.0,-153.0
3835,1199,-141,0,3839.0,3844.0,1194.0,1191.0,-144.0,-149.0
3830,1201,-142,0,3835.0,3839.0,1199.0,1194.0,-141.0,-144.0
3826,1207,-146,0,3830.0,3835.0,1201.0,1199.0,-142.0,-141.0
3826,1217,-150,0,3826.0,3830.0,1207.0,1201.0,-146.0,-142.0
3825,1223,-152,0,3826.0,3826.0,1217.0,1207.0,-150.0,-146.0
3827,1225,-150,0,3825.0,3826.0,1223.0,1217.0,-152.0,-150.0
3830,1231,-145,0,3827.0,3825.0,1225.0,1223.0,-150.0,-152.0
3837,1235,-143,0,3830.0,3827.0,1231.0,1225.0,-145.0,-150.0
3841,1235,-143,0,3837.0,3830.0,1235.0,1231.0,-143.0,-145.0
3844,1237,-142,0,3841.0,3837.0,1235.0,1235.0,-143.0,-143.0
3846,1240,-141,0,3844.0,3841.0,1237.0,1235.0,-142.0,-143.0
3851,1243,-141,0,3846.0,3844.0,1240.0,1237.0,-141.0,-142.0
3849,1239,-140,0,3851.0,3846.0,1243.0,1240.0,-141.0,-141.0
3846,1236,-144,0,3849.0,3851.0,1239.0,1243.0,-140.0,-141.0
3843,1233,-147,0,3846.0,3849.0,1236.0,1239.0,-144.0,-140.0
3834,1226,-159,0,3843.0,3846.0,1233.0,1236.0,-147.0,-144.0
3832,1215,-173,0,3834.0,3843.0,1226.0,1233.0,-159.0,-147.0
3827,1208,-186,0,3832.0,3834.0,1215.0,1226.0,-173.0,-159.0
3828,1198,-195,0,3827.0,3832.0,1208.0,1215.0,-186.0,-173.0
3828,1188,-197,0,3828.0,3827.0,1198.0,1208.0,-195.0,-186.0
3837,1179,-194,0,3828.0,3828.0,1188.0,1198.0,-197.0,-195.0
3848,1172,-186,0,3837.0,3828.0,1179.0,1188.0,-194.0,-197.0
3864,1164,-173,0,3848.0,3837.0,1172.0,1179.0,-186.0,-194.0
3877,1160,-160,0,3864.0,3848.0,1164.0,1172.0,-173.0,-186.0
3885,1154,-151,0,3877.0,3864.0,1160.0,1164.0,-160.0,-173.0
3888,1154,-142,0,3885.0,3877.0,1154.0,1160.0,-151.0,-160.0
3887,1155,-142,0,3888.0,3885.0,1154.0,1154.0,-142.0,-151.0
3880,1157,-147,0,3887.0,3888.0,1155.0,1154.0,-142.0,-142.0
3875,1160,-147,0,3880.0,3887.0,1157.0,1155.0,-147.0,-142.0
3868,1164,-144,0,3875.0,3880.0,1160.0,1157.0,-147.0,-147.0
3866,1168,-140,0,3868.0,3875.0,1164.0,1160.0,-144.0,-147.0
3861,1168,-138,0,3866.0,3868.0,1168.0,1164.0,-140.0,-144.0
3854,1168,-134,0,3861.0,3866.0,1168.0,1168.0,-138.0,-140.0
3847,1170,-134,0,3854.0,3861.0,1168.0,1168.0,-134.0,-138.0
3839,1175,-128,0,3847.0,3854.0,1170.0,1168.0,-134.0,-134.0
3833,1179,-127,0,3839.0,3847.0,1175.0,1170.0,-128.0,-134.0
3826,1181,-127,0,3833.0,3839.0,1179.0,1175.0,-127.0,-128.0
3822,1182,-127,0,3826.0,3833.0,1181.0,1179.0,-127.0,-127.0
3822,1177,-127,0,3822.0,3826.0,1182.0,1181.0,-127.0,-127.0
3818,1175,-131,0,3822.0,3822.0,1177.0,1182.0,-127.0,-127.0
3823,1173,-138,0,3818.0,3822.0,1175.0,1177.0,-131.0,-127.0
3833,1172,-139,0,3823.0,3818.0,1173.0,1175.0,-138.0,-131.0
3839,1174,-143,0,3833.0,3823.0,1172.0,1173.0,-139.0,-138.0
3848,1171,-150,0,3839.0,3833.0,1174.0,1172.0,-143.0,-139.0
3852,1171,-151,0,3848.0,3839.0,1171.0,1174.0,-150.0,-143.0
3856,1169,-150,0,3852.0,3848.0,1171.0,1171.0,-151.0,-150.0
3865,1170,-152,0,3856.0,3852.0,1169.0,1171.0,-150.0,-151.0
3866,1168,-156,0,3865.0,3856.0,1170.0,1169.0,-152.0,-150.0
3865,1164,-154,0,3866.0,3865.0,1168.0,1170.0,-156.0,-152.0
3866,1167,-154,0,3865.0,3866.0,1164.0,1168.0,-154.0,-156.0
3863,1169,-158,0,3866.0,3865.0,1167.0,1164.0,-154.0,-154.0
3858,1167,-156,0,3863.0,3866.0,1169.0,1167.0,-158.0,-154.0
3850,1168,-156,0,3858.0,3863.0,1167.0,1169.0,-156.0,-158.0
3844,1174,-156,0,3850.0,3858.0,1168.0,1167.0,-156.0,-156.0
3838,1177,-155,0,3844.0,3850.0,1174.0,1168.0,-156.0,-156.0
3835,1181,-153,0,3838.0,3844.0,1177.0,1174.0,-155.0,-156.0
3830,1180,-151,0,3835.0,3838.0,1181.0,1177.0,-153.0,-155.0
3831,1181,-152,0,3830.0,3835.0,1180.0,1181.0,-151.0,-153.0
3828,1185,-154,0,3831.0,3830.0,1181.0,1180.0,-152.0,-151.0
3835,1187,-156,0,3828.0,3831.0,1185.0,1181.0,-154.0,-152.0
3837,1190,-157,0,3835.0,3828.0,1187.0,1185.0,-156.0,-154.0
3841,1195,-163,0,3837.0,3835.0,1190.0,1187.0,-157.0,-156.0
3847,1199,-161,0,3841.0,3837.0,1195.0,1190.0,-163.0,-157.0
3849,1201,-163,0,3847.0,3841.0,1199.0,1195.0,-161.0,-163.0
3854,1203,-168,0,3849.0,3847.0,1201.0,1199.0,-163.0,-161.0
3864,1199,-169,0,3854.0,3849.0,1203.0,1201.0,-168.0,-163.0
3871,1198,-168,0,3864.0,3854.0,1199.0,1203.0,-169.0,-168.0
3871,1194,-172,0,3871.0,3864.0,1198.0,1199.0,-168.0,-169.0
3875,1191,-173,0,3871.0,3871.0,1194.0,1198.0,-172.0,-168.0
3877,1191,-171,0,3875.0,3871.0,1191.0,1194.0,-173.0,-172.0
3876,1188,-174,0,3877.0,3875.0,1191.0,1191.0,-171.0,-173.0
3878,1186,-174,0,3876.0,3877.0,1188.0,1191.0,-174.0,-171.0
3876,1182,-173,0,3878.0,3876.0,1186.0,1188.0,-174.0,-174.0
3874,1179,-171,0,3876.0,3878.0,1182.0,1186.0,-173.0,-174.0
3870,1178,-170,0,3874.0,3876.0,1179.0,1182.0,-171.0,-173.0
3861,1175,-170,0,3870.0,3874.0,1178.0,1179.0,-170.0,-171.0
3857,1167,-167,0,3861.0,3870.0,1175.0,1178.0,-170.0,-170.0
3853,1165,-163,0,3857.0,3861.0,1167.0,1175.0,-167.0,-170.0
3845,1167,-158,0,3853.0,3857.0,1165.0,1167.0,-163.0,-167.0
3843,1167,-155,0,3845.0,3853.0,1167.0,1165.0,-158.0,-163.0
3839,1165,-151,0,3843.0,3845.0,1167.0,1167.0,-155.0,-158.0
3841,1162,-147,0,3839.0,3843.0,1165.0,1167.0,-151.0,-155.0
3837,1161,-146,0,3841.0,3839.0,1162.0,1165.0,-147.0,-151.0
3831,1165,-148,0,3837.0,3841.0,1161.0,1162.0,-146.0,-147.0
3831,1163,-150,0,3831.0,3837.0,1165.0,1161.0,-148.0,-146.0
3828,1163,-154,0,3831.0,3831.0,1163.0,1165.0,-150.0,-148.0
3831,1166,-152,0,3828.0,3831.0,1163.0,1163.0,-154.0,-150.0
3836,1166,-148,0,3831.0,3828.0,1166.0,1163.0,-152.0,-154.0
3843,1169,-145,0,3836.0,3831.0,1166.0,1166.0,-148.0,-152.0
3846,1167,-141,0,3843.0,3836.0,1169.0,1166.0,-145.0,-148.0
3850,1167,-137,0,3846.0,3843.0,1167.0,1169.0,-141.0,-145.0
3853,1169,-134,0,3850.0,3846.0,1167.0,1167.0,-137.0,-141.0
3852,1169,-133,0,3853.0,3850.0,1169.0,1167.0,-134.0,-137.0
3850,1173,-139,0,3852.0,3853.0,1169.0,1169.0,-133.0,-134.0
3848,1176,-146,0,3850.0,3852.0,1173.0,1169.0,-139.0,-133.0
3841,1178,-155,0,3848.0,3850.0,1176.0,1173.0,-146.0,-139.0
3841,1181,-169,0,3841.0,3848.0,1178.0,1176.0,-155.0,-146.0
3838,1176,-179,0,3841.0,3841.0,1181.0,1178.0,-169.0,-155.0
3838,1172,-190,0,3838.0,3841.0,1176.0,1181.0,-179.0,-169.0
3840,1171,-198,0,3838.0,3838.0,1172.0,1176.0,-190.0,-179.0
3846,1174,-203,0,3840.0,3838.0,1171.0,1172.0,-198.0,-190.0
3854,1172,-199,0,3846.0,3840.0,1174.0,1171.0,-203.0,-198.0
3865,1170,-191,0,3854.0,3846.0,1172.0,1174.0,-199.0,-203.0
3875,1170,-180,0,3865.0,3854.0,1170.0,1172.0,-191.0,-199.0
3881,1176,-166,0,3875.0,3865.0,1170.0,1170.0,-180.0,-191.0
3885,1176,-157,0,3881.0,3875.0,1176.0,1170.0,-166.0,-180.0
3886,1175,-154,0,3885.0,3881.0,1176.0,1176.0,-157.0,-166.0
3877,1180,-159,0,3886.0,3885.0,1175.0,1176.0,-154.0,-157.0
3872,1178,-160,0,3877.0,3886.0,1180.0,1175.0,-159.0,-154.0
3865,1181,-162,0,3872.0,3877.0,1178.0,1180.0,-160.0,-159.0
3865,1181,-162,0,3865.0,3872.0,1181.0,1178.0,-162.0,-160.0
3862,1179,-164,0,3865.0,3865.0,1181.0,1181.0,-162.0,-162.0
3856,1171,-164,0,3862.0,3865.0,1179.0,1181.0,-164.0,-162.0
3849,1170,-166,0,3856.0,3862.0,1171.0,1179.0,-164.0,-164.0
3841,1170,-161,0,3849.0,3856.0,1170.0,1171.0,-166.0,-164.0
3834,1168,-159,0,3841.0,3849.0,1170.0,1170.0,-161.0,-166.0
3827,1171,-154,0,3834.0,3841.0,1168.0,1170.0,-159.0,-161.0
3827,1171,-154,0,3827.0,3834.0,1171.0,1168.0,-154.0,-159.0
3826,1172,-159,0,3827.0,3827.0,1171.0,1171.0,-154.0,-154.0
3823,1174,-161,0,3826.0,3827.0,1172.0,1171.0,-159.0,-154.0
3825,1172,-165,0,3823.0,3826.0,1174.0,1172.0,-161.0,-159.0
3826,1174,-167,0,3825.0,3823.0,1172.0,1174.0,-165.0,-161.0
3829,1172,-172,0,3826.0,3825.0,1174.0,1172.0,-167.0,-165.0
3835,1172,-174,0,3829.0,3826.0,1172.0,1174.0,-172.0,-167.0
3845,1174,-182,0,3835.0,3829.0,1172.0,1172.0,-174.0,-172.0
3855,1174,-186,0,3845.0,3835.0,1174.0,1172.0,-182.0,-174.0
3860,1172,-192,0,3855.0,3845.0,1174.0,1174.0,-186.0,-182.0
3869,1172,-192,0,3860.0,3855.0,1172.0,1174.0,-192.0,-186.0
3873,1171,-194,0,3869.0,3860.0,1172.0,1172.0,-192.0,-192.0
3875,1170,-196,0,3873.0,3869.0,1171.0,1172.0,-194.0,-192.0
3879,1168,-195,0,3875.0,3873.0,1170.0,1171.0,-196.0,-194.0
3876,1171,-198,0,3879.0,3875.0,1168.0,1170.0,-195.0,-196.0
3867,1176,-197,0,3876.0,3879.0,1171.0,1168.0,-198.0,-195.0
3863,1175,-196,0,3867.0,3876.0,1176.0,1171.0,-197.0,-198.0
3857,1176,-201,0,3863.0,3867.0,1175.0,1176.0,-196.0,-197.0
3854,1180,-200,0,3857.0,3863.0,1176.0,1175.0,-201.0,-196.0
3851,1176,-198,0,3854.0,3857.0,1180.0,1176.0,-200.0,-201.0
3849,1180,-194,0,3851.0,3854.0,1176.0,1180.0,-198.0,-200.0
3848,1185,-193,0,3849.0,3851.0,1180.0,1176.0,-194.0,-198.0
3844,1189,-188,0,3848.0,3849.0,1185.0,1180.0,-193.0,-194.0
3844,1190,-189,0,3844.0,3848.0,1189.0,1185.0,-188.0,-193.0
3844,1193,-190,0,3844.0,3844.0,1190.0,1189.0,-189.0,-188.0
3843,1192,-191,0,3844.0,3844.0,1193.0,1190.0,-190.0,-189.0
3845,1191,-193,0,3843.0,3844.0,1192.0,1193.0,-191.0,-190.0
3844,1192,-194,0,3845.0,3843.0,1191.0,1192.0,-193.0,-191.0
3849,1190,-195,0,3844.0,3845.0,1192.0,1191.0,-194.0,-193.0
3850,1190,-193,0,3849.0,3844.0,1190.0,1192.0,-195.0,-194.0
3850,1192,-198,0,3850.0,3849.0,1190.0,1190.0,-193.0,-195.0
3851,1194,-196,0,3850.0,3850.0,1192.0,1190.0,-198.0,-193.0
3853,1194,-192,0,3851.0,3850.0,1194.0,1192.0,-196.0,-198.0
3853,1192,-192,0,3853.0,3851.0,1194.0,1194.0,-192.0,-196.0
3852,1187,-194,0,3853.0,3853.0,1192.0,1194.0,-192.0,-192.0
3852,1186,-198,0,3852.0,3853.0,1187.0,1192.0,-194.0,-192.0
3851,1183,-195,0,3852.0,3852.0,1186.0,1187.0,-198.0,-194.0
3850,1179,-193,0,3851.0,3852.0,1183.0,1186.0,-195.0,-198.0
3849,1179,-191,0,3850.0,3851.0,1179.0,1183.0,-193.0,-195.0
3850,1176,-190,0,3849.0,3850.0,1179.0,1179.0,-191.0,-193.0
3848,1176,-194,0,3850.0,3849.0,1176.0,1179.0,-190.0,-191.0
3847,1175,-194,0,3848.0,3850.0,1176.0,1176.0,-194.0,-190.0
3843,1179,-191,0,3847.0,3848.0,1175.0,1176.0,-194.0,-194.0
3842,1176,-193,0,3843.0,3847.0,1179.0,1175.0,-191.0,-194.0
3838,1178,-193,0,3842.0,3843.0,1176.0,1179.0,-193.0,-191.0
3837,1180,-195,0,3838.0,3842.0,1178.0,1176.0,-193.0,-193.0
3834,1181,-195,0,3837.0,3838.0,1180.0,1178.0,-195.0,-193.0
3838,1179,-201,0,3834.0,3837.0,1181.0,1180.0,-195.0,-195.0
3838,1179,-205,0,3838.0,3834.0,1179.0,1181.0,-201.0,-195.0
3837,1181,-207,0,3838.0,3838.0,1179.0,1179.0,-205.0,-201.0
3841,1184,-204,0,3837.0,3838.0,1181.0,1179.0,-207.0,-205.0
3844,1185,-201,0,3841.0,3837.0,1184.0,1181.0,-204.0,-207.0
3850,1187,-196,0,3844.0,3841.0,1185.0,1184.0,-201.0,-204.0
3856,1183,-192,0,3850.0,3844.0,1187.0,1185.0,-196.0,-201.0
3858,1183,-191,0,3856.0,3850.0,1183.0,1187.0,-192.0,-196.0
3865,1181,-189,0,3858.0,3856.0,1183.0,1183.0,-191.0,-192.0
3863,1182,-196,0,3865.0,3858.0,1181.0,1183.0,-189.0,-191.0
3863,1179,-202,0,3863.0,3865.0,1182.0,1181.0,-196.0,-189.0
3859,1178,-208,0,3863.0,3863.0,1179.0,1182.0,-202.0,-196.0
3856,1181,-214,0,3859.0,3863.0,1178.0,1179.0,-208.0,-202.0
3852,1188,-226,0,3856.0,3859.0,1181.0,1178.0,-214.0,-208.0
3844,1194,-236,0,3852.0,3856.0,1188.0,1181.0,-226.0,-214.0
3843,1193,-245,0,3844.0,3852.0,1194.0,1188.0,-236.0,-226.0
3844,1195,-250,0,3843.0,3844.0,1193.0,1194.0,-245.0,-236.0
3846,1198,-245,0,3844.0,3843.0,1195.0,1193.0,-250.0,-245.0
3850,1198,-239,0,3846.0,3844.0,1198.0,1195.0,-245.0,-250.0
3856,1200,-229,0,3850.0,3846.0,1198.0,1198.0,-239.0,-245.0
3859,1202,-221,0,3856.0,3850.0,1200.0,1198.0,-229.0,-239.0
3868,1205,-210,0,3859.0,3856.0,1202.0,1200.0,-221.0,-229.0
3872,1200,-198,0,3868.0,3859.0,1205.0,1202.0,-210.0,-221.0
3871,1197,-198,0,3872.0,3868.0,1200.0,1205.0,-198.0,-210.0
3871,1201,-201,0,3871.0,3872.0,1197.0,1200.0,-198.0,-198.0
3861,1203,-204,0,3871.0,3871.0,1201.0,1197.0,-201.0,-198.0
3854,1212,-203,0,3861.0,3871.0,1203.0,1201.0,-204.0,-201.0
3849,1219,-205,0,3854.0,3861.0,1212.0,1203.0,-203.0,-204.0
3841,1221,-204,0,3849.0,3854.0,1219.0,1212.0,-205.0,-203.0
3836,1221,-205,0,3841.0,3849.0,1221.0,1219.0,-204.0,-205.0
3828,1219,-204,0,3836.0,3841.0,1221.0,1221.0,-205.0,-204.0
3822,1216,-204,0,3828.0,3836.0,1219.0,1221.0,-204.0,-205.0
3817,1213,-207,0,3822.0,3828.0,1216.0,1219.0,-204.0,-204.0
3813,1212,-211,0,3817.0,3822.0,1213.0,1216.0,-207.0,-204.0
3813,1215,-208,0,3813.0,3817.0,1212.0,1213.0,-211.0,-207.0
3815,1216,-206,0,3813.0,3813.0,1215.0,1212.0,-208.0,-211.0
3815,1216,-210,0,3815.0,3813.0,1216.0,1215.0,-206.0,-208.0
3817,1219,-217,0,3815.0,3815.0,1216.0,1216.0,-210.0,-206.0
3821,1221,-221,0,3817.0,3815.0,1219.0,1216.0,-217.0,-210.0
3824,1226,-223,0,3821.0,3817.0,1221.0,1219.0,-221.0,-217.0
3833,1232,-220,0,3824.0,3821.0,1226.0,1221.0,-223.0,-221.0
3838,1234,-224,0,3833.0,3824.0,1232.0,1226.0,-220.0,-223.0
3840,1235,-224,0,3838.0,3833.0,1234.0,1232.0,-224.0,-220.0
3845,1236,-223,0,3840.0,3838.0,1235.0,1234.0,-224.0,-224.0
3851,1234,-221,0,3845.0,3840.0,1236.0,1235.0,-223.0,-224.0
3853,1232,-218,0,3851.0,3845.0,1234.0,1236.0,-221.0,-223.0
3854,1230,-224,0,3853.0,3851.0,1232.0,1234.0,-218.0,-221.0
3855,1229,-228,0,3854.0,3853.0,1230.0,1232.0,-224.0,-218.0
3853,1231,-230,0,3855.0,3854.0,1229.0,1230.0,-228.0,-224.0
3851,1232,-232,0,3853.0,3855.0,1231.0,1229.0,-230.0,-228.0
3848,1236,-231,0,3851.0,3853.0,1232.0,1231.0,-232.0,-230.0
3840,1237,-232,0,3848.0,3851.0,1236.0,1232.0,-231.0,-232.0
3837,1242,-231,0,3840.0,3848.0,1237.0,1236.0,-232.0,-231.0
3833,1244,-226,0,3837.0,3840.0,1242.0,1237.0,-231.0,-232.0
3828,1249,-218,0,3833.0,3837.0,1244.0,1242.0,-226.0,-231.0
3829,1253,-213,0,3828.0,3833.0,1249.0,1244.0,-218.0,-226.0
3825,1251,-215,0,3829.0,3828.0,1253.0,1249.0,-213.0,-218.0
3823,1253,-213,0,3825.0,3829.0,1251.0,1253.0,-215.0,-213.0
3825,1256,-207,0,3823.0,3825.0,1253.0,1251.0,-213.0,-215.0
3828,1254,-206,0,3825.0,3823.0,1256.0,1253.0,-207.0,-213.0
3824,1251,-210,0,3828.0,3825.0,1254.0,1256.0,-206.0,-207.0
3828,1248,-213,0,3824.0,3828.0,1251.0,1254.0,-210.0,-206.0
3830,1245,-208,0,3828.0,3824.0,1248.0,1251.0,-213.0,-210.0
3832,1244,-202,0,3830.0,3828.0,1245.0,1248.0,-208.0,-213.0
3834,1245,-203,0,3832.0,3830.0,1244.0,1245.0,-202.0,-208.0
3835,1241,-205,0,3834.0,3832.0,1245.0,1244.0,-203.0,-202.0
3835,1241,-206,0,3835.0,3834.0,1241.0,1245.0,-205.0,-203.0
3835,1242,-206,0,3835.0,3835.0,1241.0,1241.0,-206.0,-205.0
3831,1240,-205,0,3835.0,3835.0,1242.0,1241.0,-206.0,-206.0
3827,1234,-211,0,3831.0,3835.0,1240.0,1242.0,-205.0,-206.0
3831,1230,-214,0,3827.0,3831.0,1234.0,1240.0,-211.0,-205.0
3828,1229,-212,0,3831.0,3827.0,1230.0,1234.0,-214.0,-211.0
3827,1227,-215,0,3828.0,3831.0,1229.0,1230.0,-212.0,-214.0
3827,1222,-216,0,3827.0,3828.0,1227.0,1229.0,-215.0,-212.0
3826,1225,-219,0,3827.0,3827.0,1222.0,1227.0,-216.0,-215.0
3824,1224,-220,0,3826.0,3827.0,1225.0,1222.0,-219.0,-216.0
3828,1225,-217,0,3824.0,3826.0,1224.0,1225.0,-220.0,-219.0
3830,1222,-216,0,3828.0,3824.0,1225.0,1224.0,-217.0,-220.0
3830,1219,-217,0,3830.0,3828.0,1222.0,1225.0,-216.0,-217.0
3829,1219,-222,0,3830.0,3830.0,1219.0,1222.0,-217.0,-216.0
3831,1219,-226,0,3829.0,3830.0,1219.0,1219.0,-222.0,-217.0
3836,1218,-228,0,3831.0,3829.0,1219.0,1219.0,-226.0,-222.0
3833,1215,-229,0,3836.0,3831.0,1218.0,1219.0,-228.0,-226.0
3834,1212,-226,0,3833.0,3836.0,1215.0,1218.0,-229.0,-228.0
3840,1208,-223,0,3834.0,3833.0,1212.0,1215.0,-226.0,-229.0
3848,1204,-218,0,3840.0,3834.0,1208.0,1212.0,-223.0,-226.0
3857,1198,-211,0,3848.0,3840.0,1204.0,1208.0,-218.0,-223.0
3860,1198,-207,0,3857.0,3848.0,1198.0,1204.0,-211.0,-218.0
3859,1193,-203,0,3860.0,3857.0,1198.0,1198.0,-207.0,-211.0
3860,1193,-202,0,3859.0,3860.0,1193.0,1198.0,-203.0,-207.0
3857,1190,-206,0,3860.0,3859.0,1193.0,1193.0,-202.0,-203.0
3858,1191,-210,0,3857.0,3860.0,1190.0,1193.0,-206.0,-202.0
3855,1193,-216,0,3858.0,3857.0,1191.0,1190.0,-210.0,-206.0
3852,1193,-223,0,3855.0,3858.0,1193.0,1191.0,-216.0,-210.0
3844,1193,-232,0,3852.0,3855.0,1193.0,1193.0,-223.0,-216.0
3839,1192,-235,0,3844.0,3852.0,1193.0,1193.0,-232.0,-223.0
3837,1193,-237,0,3839.0,3844.0,1192.0,1193.0,-235.0,-232.0
3839,1190,-237,0,3837.0,3839.0,1193.0,1192.0,-237.0,-235.0
3842,1186,-235,0,3839.0,3837.0,1190.0,1193.0,-237.0,-237.0
3843,1187,-234,0,3842.0,3839.0,1186.0,1190.0,-235.0,-237.0
3842,1188,-228,0,3843.0,3842.0,1187.0,1186.0,-234.0,-235.0
3845,1186,-218,0,3842.0,3843.0,1188.0,1187.0,-228.0,-234.0
3849,1188,-210,0,3845.0,3842.0,1186.0,1188.0,-218.0,-228.0
3851,1192,-203,0,3849.0,3845.0,1188.0,1186.0,-210.0,-218.0
3850,1194,-200,0,3851.0,3849.0,1192.0,1188.0,-203.0,-210.0
3849,1199,-199,0,3850.0,3851.0,1194.0,1192.0,-200.0,-203.0
3844,1202,-195,0,3849.0,3850.0,1199.0,1194.0,-199.0,-200.0
3840,1206,-192,0,3844.0,3849.0,1202.0,1199.0,-195.0,-199.0
3837,1207,-193,0,3840.0,3844.0,1206.0,1202.0,-192.0,-195.0
3829,1210,-196,0,3837.0,3840.0,1207.0,1206.0,-193.0,-192.0
3822,1208,-198,0,3829.0,3837.0,1210.0,1207.0,-196.0,-193.0
3821,1207,-194,0,3822.0,3829.0,1208.0,1210.0,-198.0,-196.0
3820,1203,-192,0,3821.0,3822.0,1207.0,1208.0,-194.0,-198.0
3819,1202,-191,0,3820.0,3821.0,1203.0,1207.0,-192.0,-194.0
3821,1201,-191,0,3819.0,3820.0,1202.0,1203.0,-191.0,-192.0
3819,1202,-193,0,3821.0,3819.0,1201.0,1202.0,-191.0,-191.0
3825,1200,-192,0,3819.0,3821.0,1202.0,1201.0,-193.0,-191.0
3825,1202,-191,0,3825.0,3819.0,1200.0,1202.0,-192.0,-193.0
3829,1206,-194,0,3825.0,3825.0,1202.0,1200.0,-191.0,-192.0
3835,1206,-196,0,3829.0,3825.0,1206.0,1202.0,-194.0,-191.0
3838,1207,-195,0,3835.0,3829.0,1206.0,1206.0,-196.0,-194.0
3843,1206,-196,0,3838.0,3835.0,1207.0,1206.0,-195.0,-196.0
3848,1200,-202,0,3843.0,3838.0,1206.0,1207.0,-196.0,-195.0
3852,1196,-208,0,3848.0,3843.0,1200.0,1206.0,-202.0,-196.0
3859,1198,-208,0,3852.0,3848.0,1196.0,1200.0,-208.0,-202.0
3862,1193,-214,0,3859.0,3852.0,1198.0,1196.0,-208.0,-208.0
3864,1195,-217,0,3862.0,3859.0,1193.0,1198.0,-214.0,-208.0
3862,1193,-222,0,3864.0,3862.0,1195.0,1193.0,-217.0,-214.0
3858,1196,-220,0,3862.0,3864.0,1193.0,1195.0,-222.0,-217.0
3854,1194,-221,0,3858.0,3862.0,1196.0,1193.0,-220.0,-222.0
3852,1197,-220,0,3854.0,3858.0,1194.0,1196.0,-221.0,-220.0
3844,1193,-219,0,3852.0,3854.0,1197.0,1194.0,-220.0,-221.0
3841,1194,-214,0,3844.0,3852.0,1193.0,1197.0,-219.0,-220.0
3842,1197,-212,0,3841.0,3844.0,1194.0,1193.0,-214.0,-219.0
3839,1202,-210,0,3842.0,3841.0,1197.0,1194.0,-212.0,-214.0
3835,1200,-213,0,3839.0,3842.0,1202.0,1197.0,-210.0,-212.0
3832,1202,-214,0,3835.0,3839.0,1200.0,1202.0,-213.0,-210.0
3833,1205,-214,0,3832.0,3835.0,1202.0,1200.0,-214.0,-213.0
3835,1207,-214,0,3833.0,3832.0,1205.0,1202.0,-214.0,-214.0
3837,1209,-215,0,3835.0,3833.0,1207.0,1205.0,-214.0,-214.0
3846,1211,-214,0,3837.0,3835.0,1209.0,1207.0,-215.0,-214.0
3848,1211,-214,0,3846.0,3837.0,1211.0,1209.0,-214.0,-215.0
3852,1213,-214,0,3848.0,3846.0,1211.0,1211.0,-214.0,-214.0
3853,1213,-215,0,3852.0,3848.0,1213.0,1211.0,-214.0,-214.0
3857,1215,-215,0,3853.0,3852.0,1213.0,1213.0,-215.0,-214.0
3858,1214,-216,0,3857.0,3853.0,1215.0,1213.0,-215.0,-215.0
3859,1214,-220,0,3858.0,3857.0,1214.0,1215.0,-216.0,-215.0
3858,1212,-221,0,3859.0,3858.0,1214.0,1214.0,-220.0,-216.0
3859,1211,-218,0,3858.0,3859.0,1212.0,1214.0,-221.0,-220.0
3864,1209,-216,0,3859.0,3858.0,1211.0,1212.0,-218.0,-221.0
3862,1211,-216,0,3864.0,3859.0,1209.0,1211.0,-216.0,-218.0
3864,1209,-215,0,3862.0,3864.0,1211.0,1209.0,-216.0,-216.0
3858,1206,-219,0,3864.0,3862.0,1209.0,1211.0,-215.0,-216.0
3855,1208,-223,0,3858.0,3864.0,1206.0,1209.0,-219.0,-215.0
3848,1207,-225,0,3855.0,3858.0,1208.0,1206.0,-223.0,-219.0
3839,1209,-230,0,3848.0,3855.0,1207.0,1208.0,-225.0,-223.0
3827,1208,-242,0,3839.0,3848.0,1209.0,1207.0,-230.0,-225.0
3812,1208,-252,0,3827.0,3839.0,1208.0,1209.0,-242.0,-230.0
3791,1205,-269,0,3812.0,3827.0,1208.0,1208.0,-252.0,-242.0
3769,1209,-277,0,3791.0,3812.0,1205.0,1208.0,-269.0,-252.0
3752,1210,-275,0,3769.0,3791.0,1209.0,1205.0,-277.0,-269.0
3749,1215,-253,0,3752.0,3769.0,1210.0,1209.0,-275.0,-277.0
3758,1211,-226,0,3749.0,3752.0,1215.0,1210.0,-253.0,-275.0
3774,1206,-203,0,3758.0,3749.0,1211.0,1215.0,-226.0,-253.0
3784,1203,-198,0,3774.0,3758.0,1206.0,1211.0,-203.0,-226.0
3785,1201,-215,0,3784.0,3774.0,1203.0,1206.0,-198.0,-203.0
3785,1200,-227,0,3785.0,3784.0,1201.0,1203.0,-215.0,-198.0
3797,1196,-239,0,3785.0,3785.0,1200.0,1201.0,-227.0,-215.0
3824,1186,-243,0,3797.0,3785.0,1196.0,1200.0,-239.0,-227.0
3855,1175,-245,0,3824.0,3797.0,1186.0,1196.0,-243.0,-239.0
3877,1170,-257,0,3855.0,3824.0,1175.0,1186.0,-245.0,-243.0
3889,1175,-273,0,3877.0,3855.0,1170.0,1175.0,-257.0,-245.0
3888,1187,-289,0,3889.0,3877.0,1175.0,1170.0,-273.0,-257.0
3884,1200,-300,0,3888.0,3889.0,1187.0,1175.0,-289.0,-273.0
3879,1218,-304,0,3884.0,3888.0,1200.0,1187.0,-300.0,-289.0
3877,1235,-303,0,3879.0,3884.0,1218.0,1200.0,-304.0,-300.0
3870,1252,-303,0,3877.0,3879.0,1235.0,1218.0,-303.0,-304.0
3860,1269,-300,0,3870.0,3877.0,1252.0,1235.0,-303.0,-303.0
3853,1287,-293,0,3860.0,3870.0,1269.0,1252.0,-300.0,-303.0
3840,1301,-279,0,3853.0,3860.0,1287.0,1269.0,-293.0,-300.0
3833,1313,-265,0,3840.0,3853.0,1301.0,1287.0,-279.0,-293.0
3825,1325,-252,0,3833.0,3840.0,1313.0,1301.0,-265.0,-279.0
3817,1333,-240,0,3825.0,3833.0,1325.0,1313.0,-252.0,-265.0
3812,1339,-230,0,3817.0,3825.0,1333.0,1325.0,-240.0,-252.0
3803,1341,-225,0,3812.0,3817.0,1339.0,1333.0,-230.0,-240.0
3787,1339,-229,0,3803.0,3812.0,1341.0,1339.0,-225.0,-230.0
3778,1338,-237,0,3787.0,3803.0,1339.0,1341.0,-229.0,-225.0
3772,1336,-248,0,3778.0,3787.0,1338.0,1339.0,-237.0,-229.0
3770,1333,-252,0,3772.0,3778.0,1336.0,1338.0,-248.0,-237.0
3764,1331,-262,0,3770.0,3772.0,1333.0,1336.0,-252.0,-248.0
3768,1331,-268,0,3764.0,3770.0,1331.0,1333.0,-262.0,-252.0
3770,1328,-270,0,3768.0,3764.0,1331.0,1331.0,-268.0,-262.0
3778,1329,-273,0,3770.0,3768.0,1328.0,1331.0,-270.0,-268.0
3786,1335,-277,0,3778.0,3770.0,1329.0,1328.0,-273.0,-270.0
3796,1342,-282,0,3786.0,3778.0,1335.0,1329.0,-277.0,-273.0
3805,1354,-283,0,3796.0,3786.0,1342.0,1335.0,-282.0,-277.0
3810,1366,-286,0,3805.0,3796.0,1354.0,1342.0,-283.0,-282.0
3813,1378,-289,0,3810.0,3805.0,1366.0,1354.0,-286.0,-283.0
3821,1394,-300,0,3813.0,3810.0,1378.0,1366.0,-289.0,-286.0
3822,1412,-312,0,3821.0,3813.0,1394.0,1378.0,-300.0,-289.0
3823,1428,-321,0,3822.0,3821.0,1412.0,1394.0,-312.0,-300.0
3824,1448,-331,0,3823.0,3822.0,1428.0,1412.0,-321.0,-312.0
3828,1461,-337,0,3824.0,3823.0,1448.0,1428.0,-331.0,-321.0
3831,1476,-342,0,3828.0,3824.0,1461.0,1448.0,-337.0,-331.0
3836,1491,-342,0,3831.0,3828.0,1476.0,1461.0,-342.0,-337.0
3837,1499,-343,0,3836.0,3831.0,1491.0,1476.0,-342.0,-342.0
3840,1507,-341,0,3837.0,3836.0,1499.0,1491.0,-343.0,-342.0
3841,1511,-337,0,3840.0,3837.0,1507.0,1499.0,-341.0,-343.0
3836,1518,-334,0,3841.0,3840.0,1511.0,1507.0,-337.0,-341.0
3830,1522,-328,0,3836.0,3841.0,1518.0,1511.0,-334.0,-337.0
3826,1525,-325,0,3830.0,3836.0,1522.0,1518.0,-328.0,-334.0
3821,1527,-318,0,3826.0,3830.0,1525.0,1522.0,-325.0,-328.0
3810,1527,-313,0,3821.0,3826.0,1527.0,1525.0,-318.0,-325.0
3803,1530,-311,0,3810.0,3821.0,1527.0,1527.0,-313.0,-318.0
3796,1529,-310,0,3803.0,3810.0,1530.0,1527.0,-311.0,-313.0
3791,1531,-305,0,3796.0,3803.0,1529.0,1530.0,-310.0,-311.0
3788,1538,-307,0,3791.0,3796.0,1531.0,1529.0,-305.0,-310.0
3789,1539,-305,0,3788.0,3791.0,1538.0,1531.0,-307.0,-305.0
3786,1545,-305,0,3789.0,3788.0,1539.0,1538.0,-305.0,-307.0
3786,1551,-306,0,3786.0,3789.0,1545.0,1539.0,-305.0,-305.0
3786,1556,-308,0,3786.0,3786.0,1551.0,1545.0,-306.0,-305.0
3788,1562,-313,0,3786.0,3786.0,1556.0,1551.0,-308.0,-306.0
3789,1571,-322,0,3788.0,3786.0,1562.0,1556.0,-313.0,-308.0
3790,1575,-332,0,3789.0,3788.0,1571.0,1562.0,-322.0,-313.0
3791,1583,-347,0,3790.0,3789.0,1575.0,1571.0,-332.0,-322.0
3795,1595,-353,0,3791.0,3790.0,1583.0,1575.0,-347.0,-332.0
3796,1611,-361,0,3795.0,3791.0,1595.0,1583.0,-353.0,-347.0
3803,1623,-366,0,3796.0,3795.0,1611.0,1595.0,-361.0,-353.0
3799,1641,-377,0,3803.0,3796.0,1623.0,1611.0,-366.0,-361.0
3796,1660,-386,0,3799.0,3803.0,1641.0,1623.0,-377.0,-366.0
3786,1682,-395,0,3796.0,3799.0,1660.0,1641.0,-386.0,-377.0
3776,1697,-395,0,3786.0,3796.0,1682.0,1660.0,-395.0,-386.0
3771,1715,-380,0,3776.0,3786.0,1697.0,1682.0,-395.0,-395.0
3769,1728,-357,0,3771.0,3776.0,1715.0,1697.0,-380.0,-395.0
3770,1746,-329,0,3769.0,3771.0,1728.0,1715.0,-357.0,-380.0
3767,1765,-298,0,3770.0,3769.0,1746.0,1728.0,-329.0,-357.0
3766,1787,-269,0,3767.0,3770.0,1765.0,1746.0,-298.0,-329.0
3764,1810,-241,0,3766.0,3767.0,1787.0,1765.0,-269.0,-298.0
3760,1831,-222,0,3764.0,3766.0,1810.0,1787.0,-241.0,-269.0
3758,1847,-208,0,3760.0,3764.0,1831.0,1810.0,-222.0,-241.0
3745,1858,-205,0,3758.0,3760.0,1847.0,1831.0,-208.0,-222.0
3724,1865,-210,0,3745.0,3758.0,1858.0,1847.0,-205.0,-208.0
3717,1854,-232,0,3724.0,3745.0,1865.0,1858.0,-210.0,-205.0
3708,1847,-248,0,3717.0,3724.0,1854.0,1865.0,-232.0,-210.0
3700,1843,-253,0,3708.0,3717.0,1847.0,1854.0,-248.0,-232.0
3689,1834,-256,0,3700.0,3708.0,1843.0,1847.0,-253.0,-248.0
3681,1819,-260,0,3689.0,3700.0,1834.0,1843.0,-256.0,-253.0
3673,1801,-261,0,3681.0,3689.0,1819.0,1834.0,-260.0,-256.0
3667,1796,-255,0,3673.0,3681.0,1801.0,1819.0,-261.0,-260.0
3660,1786,-249,0,3667.0,3673.0,1796.0,1801.0,-255.0,-261.0
3650,1777,-247,0,3660.0,3667.0,1786.0,1796.0,-249.0,-255.0
3634,1773,-247,0,3650.0,3660.0,1777.0,1786.0,-247.0,-249.0
3618,1772,-248,0,3634.0,3650.0,1773.0,1777.0,-247.0,-247.0
3601,1771,-246,0,3618.0,3634.0,1772.0,1773.0,-248.0,-247.0
3583,1765,-241,0,3601.0,3618.0,1771.0,1772.0,-246.0,-248.0
3559,1760,-239,0,3583.0,3601.0,1765.0,1771.0,-241.0,-246.0
3544,1752,-236,0,3559.0,3583.0,1760.0,1765.0,-239.0,-241.0
3532,1744,-236,0,3544.0,3559.0,1752.0,1760.0,-236.0,-239.0
3518,1731,-232,0,3532.0,3544.0,1744.0,1752.0,-236.0,-236.0
3511,1718,-226,0,3518.0,3532.0,1731.0,1744.0,-232.0,-236.0
3505,1703,-216,0,3511.0,3518.0,1718.0,1731.0,-226.0,-232.0
3508,1688,-204,0,3505.0,3511.0,1703.0,1718.0,-216.0,-226.0
3514,1666,-187,0,3508.0,3505.0,1688.0,1703.0,-204.0,-216.0
3529,1649,-170,0,3514.0,3508.0,1666.0,1688.0,-187.0,-204.0
3541,1634,-147,0,3529.0,3514.0,1649.0,1666.0,-170.0,-187.0
3551,1618,-127,0,3541.0,3529.0,1634.0,1649.0,-147.0,-170.0
3565,1600,-107,0,3551.0,3541.0,1618.0,1634.0,-127.0,-147.0
3586,1581,-85,0,3565.0,3551.0,1600.0,1618.0,-107.0,-127.0
3610,1556,-56,0,3586.0,3565.0,1581.0,1600.0,-85.0,-107.0
3631,1530,-23,0,3610.0,3586.0,1556.0,1581.0,-56.0,-85.0
3655,1497,14,0,3631.0,3610.0,1530.0,1556.0,-23.0,-56.0
3674,1461,42,0,3655.0,3631.0,1497.0,1530.0,14.0,-23.0
3689,1417,65,0,3674.0,3655.0,1461.0,1497.0,42.0,14.0
3707,1375,85,0,3689.0,3674.0,1417.0,1461.0,65.0,42.0
3720,1334,98,0,3707.0,3689.0,1375.0,1417.0,85.0,65.0
3728,1289,107,0,3720.0,3707.0,1334.0,1375.0,98.0,85.0
3730,1254,116,0,3728.0,3720.0,1289.0,1334.0,107.0,98.0
3734,1220,127,0,3730.0,3728.0,1254.0,1289.0,116.0,107.0
3735,1193,144,0,3734.0,3730.0,1220.0,1254.0,127.0,116.0
3739,1175,158,0,3735.0,3734.0,1193.0,1220.0,144.0,127.0
3742,1166,177,0,3739.0,3735.0,1175.0,1193.0,158.0,144.0
3751,1161,199,0,3742.0,3739.0,1166.0,1175.0,177.0,158.0
3760,1154,223,0,3751.0,3742.0,1161.0,1166.0,199.0,177.0
3768,1141,250,0,3760.0,3751.0,1154.0,1161.0,223.0,199.0
3779,1130,275,0,3768.0,3760.0,1141.0,1154.0,250.0,223.0
3792,1122,295,0,3779.0,3768.0,1130.0,1141.0,275.0,250.0
3799,1107,308,0,3792.0,3779.0,1122.0,1130.0,295.0,275.0
3799,1085,318,0,3799.0,3792.0,1107.0,1122.0,308.0,295.0
3798,1058,325,0,3799.0,3799.0,1085.0,1107.0,318.0,308.0
3793,1032,336,0,3798.0,3799.0,1058.0,1085.0,325.0,318.0
3783,1013,347,0,3793.0,3798.0,1032.0,1058.0,336.0,325.0
3782,994,361,0,3783.0,3793.0,1013.0,1032.0,347.0,336.0
3780,973,380,0,3782.0,3783.0,994.0,1013.0,361.0,347.0
3783,957,393,0,3780.0,3782.0,973.0,994.0,380.0,361.0
3787,950,407,0,3783.0,3780.0,957.0,973.0,393.0,380.0
3788,946,422,0,3787.0,3783.0,950.0,957.0,407.0,393.0
3793,952,425,0,3788.0,3787.0,946.0,950.0,422.0,407.0
3803,967,426,0,3793.0,3788.0,952.0,946.0,425.0,422.0
3813,985,423,0,3803.0,3793.0,967.0,952.0,426.0,425.0
3829,1012,410,0,3813.0,3803.0,985.0,967.0,423.0,426.0
3846,1045,399,0,3829.0,3813.0,1012.0,985.0,410.0,423.0
3869,1071,382,0,3846.0,3829.0,1045.0,1012.0,399.0,410.0
3894,1102,365,0,3869.0,3846.0,1071.0,1045.0,382.0,399.0
3914,1135,348,0,3894.0,3869.0,1102.0,1071.0,365.0,382.0
3934,1161,330,0,3914.0,3894.0,1135.0,1102.0,348.0,365.0
3952,1189,310,0,3934.0,3914.0,1161.0,1135.0,330.0,348.0
3963,1226,303,0,3952.0,3934.0,1189.0,1161.0,310.0,330.0
3964,1260,300,0,3963.0,3952.0,1226.0,1189.0,303.0,310.0
3957,1299,292,0,3964.0,3963.0,1260.0,1226.0,300.0,303.0
3941,1331,280,0,3957.0,3964.0,1299.0,1260.0,292.0,300.0
3920,1363,279,0,3941.0,3957.0,1331.0,1299.0,280.0,292.0
3899,1394,279,0,3920.0,3941.0,1363.0,1331.0,279.0,280.0
3870,1422,283,0,3899.0,3920.0,1394.0,1363.0,279.0,279.0
3841,1445,294,0,3870.0,3899.0,1422.0,1394.0,283.0,279.0
3808,1465,309,0,3841.0,3870.0,1445.0,1422.0,294.0,283.0
3780,1479,326,0,3808.0,3841.0,1465.0,1445.0,309.0,294.0
3750,1481,346,0,3780.0,3808.0,1479.0,1465.0,326.0,309.0
3723,1473,358,0,3750.0,3780.0,1481.0,1479.0,346.0,326.0
3696,1462,366,0,3723.0,3750.0,1473.0,1481.0,358.0,346.0
3666,1452,368,0,3696.0,3723.0,1462.0,1473.0,366.0,358.0
3632,1440,358,0,3666.0,3696.0,1452.0,1462.0,368.0,366.0
3599,1421,344,0,3632.0,3666.0,1440.0,1452.0,358.0,368.0
3566,1406,326,0,3599.0,3632.0,1421.0,1440.0,344.0,358.0
3541,1395,313,0,3566.0,3599.0,1406.0,1421.0,326.0,344.0
3524,1382,310,0,3541.0,3566.0,1395.0,1406.0,313.0,326.0
3516,1372,309,0,3524.0,3541.0,1382.0,1395.0,310.0,313.0
3521,1361,318,0,3516.0,3524.0,1372.0,1382.0,309.0,310.0
3530,1354,326,0,3521.0,3516.0,1361.0,1372.0,318.0,309.0
3544,1352,333,0,3530.0,3521.0,1354.0,1361.0,326.0,318.0
3552,1351,341,0,3544.0,3530.0,1352.0,1354.0,333.0,326.0
3563,1346,348,0,3552.0,3544.0,1351.0,1352.0,341.0,333.0
3568,1342,339,0,3563.0,3552.0,1346.0,1351.0,348.0,341.0
3574,1341,321,0,3568.0,3563.0,1342.0,1346.0,339.0,348.0
3584,1338,304,0,3574.0,3568.0,1341.0,1342.0,321.0,339.0
3599,1332,290,0,3584.0,3574.0,1338.0,1341.0,304.0,321.0
3618,1328,284,0,3599.0,3584.0,1332.0,1338.0,290.0,304.0
3640,1324,281,0,3618.0,3599.0,1328.0,1332.0,284.0,290.0
3662,1326,275,0,3640.0,3618.0,1324.0,1328.0,281.0,284.0
3693,1327,276,0,3662.0,3640.0,1326.0,1324.0,275.0,281.0
3724,1324,286,0,3693.0,3662.0,1327.0,1326.0,276.0,275.0
3755,1314,301,0,3724.0,3693.0,1324.0,1327.0,286.0,276.0
3787,1300,310,0,3755.0,3724.0,1314.0,1324.0,301.0,286.0
3808,1289,320,0,3787.0,3755.0,1300.0,1314.0,310.0,301.0
3823,1273,333,0,3808.0,3787.0,1289.0,1300.0,320.0,310.0
3835,1258,329,0,3823.0,3808.0,1273.0,1289.0,333.0,320.0
3840,1246,323,0,3835.0,3823.0,1258.0,1273.0,329.0,333.0
3844,1234,321,0,3840.0,3835.0,1246.0,1258.0,323.0,329.0
3841,1222,323,0,3844.0,3840.0,1234.0,1246.0,321.0,323.0
3842,1208,333,0,3841.0,3844.0,1222.0,1234.0,323.0,321.0
3842,1200,349,0,3842.0,3841.0,1208.0,1222.0,333.0,323.0
3845,1193,363,0,3842.0,3842.0,1200.0,1208.0,349.0,333.0
3837,1187,373,0,3845.0,3842.0,1193.0,1200.0,363.0,349.0
3824,1177,384,0,3837.0,3845.0,1187.0,1193.0,373.0,363.0
3808,1167,392,0,3824.0,3837.0,1177.0,1187.0,384.0,373.0
3791,1164,391,0,3808.0,3824.0,1167.0,1177.0,392.0,384.0
3773,1159,389,0,3791.0,3808.0,1164.0,1167.0,391.0,392.0
3758,1150,388,0,3773.0,3791.0,1159.0,1164.0,389.0,391.0
3748,1138,392,0,3758.0,3773.0,1150.0,1159.0,388.0,389.0
3742,1133,394,0,3748.0,3758.0,1138.0,1150.0,392.0,388.0
3743,1136,390,0,3742.0,3748.0,1133.0,1138.0,394.0,392.0
3743,1148,386,0,3743.0,3742.0,1136.0,1133.0,390.0,394.0
3754,1157,390,0,3743.0,3743.0,1148.0,1136.0,386.0,390.0
3778,1173,398,0,3754.0,3743.0,1157.0,1148.0,390.0,386.0
3808,1195,400,0,3778.0,3754.0,1173.0,1157.0,398.0,390.0
3835,1214,394,0,3808.0,3778.0,1195.0,1173.0,400.0,398.0
3861,1237,387,0,3835.0,3808.0,1214.0,1195.0,394.0,400.0
3888,1250,382,0,3861.0,3835.0,1237.0,1214.0,387.0,394.0
3917,1259,378,0,3888.0,3861.0,1250.0,1237.0,382.0,387.0
3943,1268,378,0,3917.0,3888.0,1259.0,1250.0,378.0,382.0
3964,1282,369,0,3943.0,3917.0,1268.0,1259.0,378.0,378.0
3973,1299,350,0,3964.0,3943.0,1282.0,1268.0,369.0,378.0
3978,1323,327,0,3973.0,3964.0,1299.0,1282.0,350.0,369.0
3977,1355,297,0,3978.0,3973.0,1323.0,1299.0,327.0,350.0
3976,1387,268,0,3977.0,3978.0,1355.0,1323.0,297.0,327.0
3971,1427,233,0,3976.0,3977.0,1387.0,1355.0,268.0,297.0
3965,1478,198,0,3971.0,3976.0,1427.0,1387.0,233.0,268.0
3960,1529,167,0,3965.0,3971.0,1478.0,1427.0,198.0,233.0
3958,1576,141,0,3960.0,3965.0,1529.0,1478.0,167.0,198.0
3965,1618,126,0,3958.0,3960.0,1576.0,1529.0,141.0,167.0
3969,1650,125,0,3965.0,3958.0,1618.0,1576.0,126.0,141.0
3973,1665,134,0,3969.0,3965.0,1650.0,1618.0,125.0,126.0
3971,1665,147,0,3973.0,3969.0,1665.0,1650.0,134.0,125.0
3960,1651,163,0,3971.0,3973.0,1665.0,1665.0,147.0,134.0
3947,1630,180,0,3960.0,3971.0,1651.0,1665.0,163.0,147.0
3922,1602,193,0,3947.0,3960.0,1630.0,1651.0,180.0,163.0
3887,1575,199,0,3922.0,3947.0,1602.0,1630.0,193.0,180.0
3845,1551,211,0,3887.0,3922.0,1575.0,1602.0,199.0,193.0
3800,1533,213,0,3845.0,3887.0,1551.0,1575.0,211.0,199.0
3757,1516,221,0,3800.0,3845.0,1533.0,1551.0,213.0,211.0
3716,1497,227,0,3757.0,3800.0,1516.0,1533.0,221.0,213.0
3684,1482,245,0,3716.0,3757.0,1497.0,1516.0,227.0,221.0
3660,1461,264,0,3684.0,3716.0,1482.0,1497.0,245.0,227.0
3642,1434,274,0,3660.0,3684.0,1461.0,1482.0,264.0,245.0
3625,1405,273,0,3642.0,3660.0,1434.0,1461.0,274.0,264.0
3609,1366,264,0,3625.0,3642.0,1405.0,1434.0,273.0,274.0
3602,1328,250,0,3609.0,3625.0,1366.0,1405.0,264.0,273.0
3602,1294,236,0,3602.0,3609.0,1328.0,1366.0,250.0,264.0
3608,1259,222,0,3602.0,3602.0,1294.0,1328.0,236.0,250.0
3621,1236,207,0,3608.0,3602.0,1259.0,1294.0,222.0,236.0
3638,1216,193,0,3621.0,3608.0,1236.0,1259.0,207.0,222.0
3650,1209,178,0,3638.0,3621.0,1216.0,1236.0,193.0,207.0
3653,1207,155,0,3650.0,3638.0,1209.0,1216.0,178.0,193.0
3655,1211,126,0,3653.0,3650.0,1207.0,1209.0,155.0,178.0
3659,1214,105,0,3655.0,3653.0,1211.0,1207.0,126.0,155.0
3678,1221,97,0,3659.0,3655.0,1214.0,1211.0,105.0,126.0
3706,1236,94,0,3678.0,3659.0,1221.0,1214.0,97.0,105.0
3723,1254,87,0,3706.0,3678.0,1236.0,1221.0,94.0,97.0
3733,1280,64,0,3723.0,3706.0,1254.0,1236.0,87.0,94.0
3722,1304,33,0,3733.0,3723.0,1280.0,1254.0,64.0,87.0
3706,1330,-3,0,3722.0,3733.0,1304.0,1280.0,33.0,64.0
3697,1369,-15,0,3706.0,3722.0,1330.0,1304.0,-3.0,33.0
3712,1409,-6,0,3697.0,3706.0,1369.0,1330.0,-15.0,-3.0
3743,1460,26,0,3712.0,3697.0,1409.0,1369.0,-6.0,-15.0
3796,1517,71,0,3743.0,3712.0,1460.0,1409.0,26.0,-6.0
3849,1568,104,0,3796.0,3743.0,1517.0,1460.0,71.0,26.0
3893,1603,111,0,3849.0,3796.0,1568.0,1517.0,104.0,71.0
3914,1627,90,0,3893.0,3849.0,1603.0,1568.0,111.0,104.0
3913,1638,63,0,3914.0,3893.0,1627.0,1603.0,90.0,111.0
3906,1637,35,0,3913.0,3914.0,1638.0,1627.0,63.0,90.0
3885,1617,7,0,3906.0,3913.0,1637.0,1638.0,35.0,63.0
3864,1584,-14,0,3885.0,3906.0,1617.0,1637.0,7.0,35.0
3844,1545,-13,0,3864.0,3885.0,1584.0,1617.0,-14.0,7.0
3830,1510,-1,0,3844.0,3864.0,1545.0,1584.0,-13.0,-14.0
3811,1490,6,0,3830.0,3844.0,1510.0,1545.0,-1.0,-13.0
3778,1482,0,0,3811.0,3830.0,1490.0,1510.0,6.0,-1.0
3737,1477,-19,0,3778.0,3811.0,1482.0,1490.0,0.0,6.0
3699,1482,-39,0,3737.0,3778.0,1477.0,1482.0,-19.0,0.0
3679,1496,-45,0,3699.0,3737.0,1482.0,1477.0,-39.0,-19.0
3689,1503,-28,0,3679.0,3699.0,1496.0,1482.0,-45.0,-39.0
3710,1504,-9,0,3689.0,3679.0,1503.0,1496.0,-28.0,-45.0
3717,1501,-7,0,3710.0,3689.0,1504.0,1503.0,-9.0,-28.0
3699,1497,-34,0,3717.0,3710.0,1501.0,1504.0,-7.0,-9.0
3676,1481,-78,0,3699.0,3717.0,1497.0,1501.0,-34.0,-7.0
3650,1460,-127,0,3676.0,3699.0,1481.0,1497.0,-78.0,-34.0
3624,1436,-165,0,3650.0,3676.0,1460.0,1481.0,-127.0,-78.0
3601,1414,-205,0,3624.0,3650.0,1436.0,1460.0,-165.0,-127.0
3582,1401,-236,0,3601.0,3624.0,1414.0,1436.0,-205.0,-165.0
3567,1405,-264,0,3582.0,3601.0,1401.0,1414.0,-236.0,-205.0
3561,1421,-283,0,3567.0,3582.0,1405.0,1401.0,-264.0,-236.0
3568,1456,-293,0,3561.0,3567.0,1421.0,1405.0,-283.0,-264.0
3586,1489,-284,0,3568.0,3561.0,1456.0,1421.0,-293.0,-283.0
3609,1514,-271,0,3586.0,3568.0,1489.0,1456.0,-284.0,-293.0
3624,1524,-256,0,3609.0,3586.0,1514.0,1489.0,-271.0,-284.0
3639,1516,-244,0,3624.0,3609.0,1524.0,1514.0,-256.0,-271.0
3642,1501,-248,0,3639.0,3624.0,1516.0,1524.0,-244.0,-256.0
3637,1482,-262,0,3642.0,3639.0,1501.0,1516.0,-248.0,-244.0
3624,1463,-294,0,3637.0,3642.0,1482.0,1501.0,-262.0,-248.0
3613,1452,-334,0,3624.0,3637.0,1463.0,1482.0,-294.0,-262.0
3594,1468,-373,0,3613.0,3624.0,1452.0,1463.0,-334.0,-294.0
3582,1507,-393,0,3594.0,3613.0,1468.0,1452.0,-373.0,-334.0
3586,1561,-393,0,3582.0,3594.0,1507.0,1468.0,-393.0,-373.0
3605,1626,-373,0,3586.0,3582.0,1561.0,1507.0,-393.0,-393.0
3633,1694,-331,0,3605.0,3586.0,1626.0,1561.0,-373.0,-393.0
3670,1755,-280,0,3633.0,3605.0,1694.0,1626.0,-331.0,-373.0
3712,1807,-229,0,3670.0,3633.0,1755.0,1694.0,-280.0,-331.0
3748,1841,-187,0,3712.0,3670.0,1807.0,1755.0,-229.0,-280.0
3773,1863,-167,0,3748.0,3712.0,1841.0,1807.0,-187.0,-229.0
3795,1874,-150,0,3773.0,3748.0,1863.0,1841.0,-167.0,-187.0
3806,1884,-135,0,3795.0,3773.0,1874.0,1863.0,-150.0,-167.0
3814,1887,-131,0,3806.0,3795.0,1884.0,1874.0,-135.0,-150.0
3815,1886,-139,0,3814.0,3806.0,1887.0,1884.0,-131.0,-135.0
3810,1888,-151,0,3815.0,3814.0,1886.0,1887.0,-139.0,-131.0
3800,1889,-170,0,3810.0,3815.0,1888.0,1886.0,-151.0,-139.0
3791,1889,-185,0,3800.0,3810.0,1889.0,1888.0,-170.0,-151.0
3786,1883,-193,0,3791.0,3800.0,1889.0,1889.0,-185.0,-170.0
3783,1866,-202,0,3786.0,3791.0,1883.0,1889.0,-193.0,-185.0
3781,1849,-212,0,3783.0,3786.0,1866.0,1883.0,-202.0,-193.0
3778,1823,-220,0,3781.0,3783.0,1849.0,1866.0,-212.0,-202.0
3773,1788,-239,0,3778.0,3781.0,1823.0,1849.0,-220.0,-212.0
3772,1739,-257,0,3773.0,3778.0,1788.0,1823.0,-239.0,-220.0
3766,1680,-275,0,3772.0,3773.0,1739.0,1788.0,-257.0,-239.0
3765,1617,-298,0,3766.0,3772.0,1680.0,1739.0,-275.0,-257.0
3760,1544,-321,0,3765.0,3766.0,1617.0,1680.0,-298.0,-275.0
3758,1468,-345,0,3760.0,3765.0,1544.0,1617.0,-321.0,-298.0
3758,1393,-371,0,3758.0,3760.0,1468.0,1544.0,-345.0,-321.0
3758,1323,-406,0,3758.0,3758.0,1393.0,1468.0,-371.0,-345.0
3757,1253,-439,0,3758.0,3758.0,1323.0,1393.0,-406.0,-371.0
3761,1188,-470,0,3757.0,3758.0,1253.0,1323.0,-439.0,-406.0
3770,1134,-500,0,3761.0,3757.0,1188.0,1253.0,-470.0,-439.0
3793,1081,-514,0,3770.0,3761.0,1134.0,1188.0,-500.0,-470.0
3812,1033,-512,0,3793.0,3770.0,1081.0,1134.0,-514.0,-500.0
3834,995,-509,0,3812.0,3793.0,1033.0,1081.0,-512.0,-514.0
3855,961,-502,0,3834.0,3812.0,995.0,1033.0,-509.0,-512.0
3867,932,-500,0,3855.0,3834.0,961.0,995.0,-502.0,-509.0
3875,914,-499,0,3867.0,3855.0,932.0,961.0,-500.0,-502.0
3875,900,-501,0,3875.0,3867.0,914.0,932.0,-499.0,-500.0
3875,894,-497,0,3875.0,3875.0,900.0,914.0,-501.0,-499.0
3877,896,-492,0,3875.0,3875.0,894.0,900.0,-497.0,-501.0
3891,901,-475,0,3877.0,3875.0,896.0,894.0,-492.0,-497.0
3902,925,-452,0,3891.0,3877.0,901.0,896.0,-475.0,-492.0
3916,962,-430,0,3902.0,3891.0,925.0,901.0,-452.0,-475.0
3929,1009,-416,0,3916.0,3902.0,962.0,925.0,-430.0,-452.0
3943,1059,-400,0,3929.0,3916.0,1009.0,962.0,-416.0,-430.0
3953,1108,-384,0,3943.0,3929.0,1059.0,1009.0,-400.0,-416.0
3966,1154,-370,0,3953.0,3943.0,1108.0,1059.0,-384.0,-400.0
3978,1191,-358,0,3966.0,3953.0,1154.0,1108.0,-370.0,-384.0
3985,1221,-359,0,3978.0,3966.0,1191.0,1154.0,-358.0,-370.0
3987,1249,-368,0,3985.0,3978.0,1221.0,1191.0,-359.0,-358.0
3981,1265,-377,0,3987.0,3985.0,1249.0,1221.0,-368.0,-359.0
3974,1281,-386,0,3981.0,3987.0,1265.0,1249.0,-377.0,-368.0
3963,1287,-386,0,3974.0,3981.0,1281.0,1265.0,-386.0,-377.0
3950,1281,-380,0,3963.0,3974.0,1287.0,1281.0,-386.0,-386.0
3946,1268,-368,0,3950.0,3963.0,1281.0,1287.0,-380.0,-386.0
3941,1238,-353,0,3946.0,3950.0,1268.0,1281.0,-368.0,-380.0
3929,1207,-331,0,3941.0,3946.0,1238.0,1268.0,-353.0,-368.0
3917,1171,-313,0,3929.0,3941.0,1207.0,1238.0,-331.0,-353.0
3904,1136,-305,0,3917.0,3929.0,1171.0,1207.0,-313.0,-331.0
3894,1108,-287,0,3904.0,3917.0,1136.0,1171.0,-305.0,-313.0
3889,1085,-264,0,3894.0,3904.0,1108.0,1136.0,-287.0,-305.0
3888,1064,-241,0,3889.0,3894.0,1085.0,1108.0,-264.0,-287.0
3890,1050,-221,0,3888.0,3889.0,1064.0,1085.0,-241.0,-264.0
3887,1035,-205,0,3890.0,3888.0,1050.0,1064.0,-221.0,-241.0
3880,1014,-193,0,3887.0,3890.0,1035.0,1050.0,-205.0,-221.0
3866,993,-197,0,3880.0,3887.0,1014.0,1035.0,-193.0,-205.0
3857,969,-201,0,3866.0,3880.0,993.0,1014.0,-197.0,-193.0
3848,951,-208,0,3857.0,3866.0,969.0,993.0,-201.0,-197.0
3841,931,-216,0,3848.0,3857.0,951.0,969.0,-208.0,-201.0
3840,923,-225,0,3841.0,3848.0,931.0,951.0,-216.0,-208.0
3840,922,-237,0,3840.0,3841.0,923.0,931.0,-225.0,-216.0
3844,932,-248,0,3840.0,3840.0,922.0,923.0,-237.0,-225.0
3852,948,-251,0,3844.0,3840.0,932.0,922.0,-248.0,-237.0
3858,966,-250,0,3852.0,3844.0,948.0,932.0,-251.0,-248.0
3868,978,-257,0,3858.0,3852.0,966.0,948.0,-250.0,-251.0
3873,991,-267,0,3868.0,3858.0,978.0,966.0,-257.0,-250.0
3880,992,-280,0,3873.0,3868.0,991.0,978.0,-267.0,-257.0
3891,990,-298,0,3880.0,3873.0,992.0,991.0,-280.0,-267.0
3899,981,-309,0,3891.0,3880.0,990.0,992.0,-298.0,-280.0
3908,979,-319,0,3899.0,3891.0,981.0,990.0,-309.0,-298.0
3912,980,-329,0,3908.0,3899.0,979.0,981.0,-319.0,-309.0
3924,989,-337,0,3912.0,3908.0,980.0,979.0,-329.0,-319.0
3928,1008,-339,0,3924.0,3912.0,989.0,980.0,-337.0,-329.0
3929,1021,-343,0,3928.0,3924.0,1008.0,989.0,-339.0,-337.0
3929,1033,-345,0,3929.0,3928.0,1021.0,1008.0,-343.0,-339.0
3924,1043,-347,0,3929.0,3929.0,1033.0,1021.0,-345.0,-343.0
3915,1050,-355,0,3924.0,3929.0,1043.0,1033.0,-347.0,-345.0
3898,1053,-373,0,3915.0,3924.0,1050.0,1043.0,-355.0,-347.0
3881,1055,-387,0,3898.0,3915.0,1053.0,1050.0,-373.0,-355.0
3865,1063,-397,0,3881.0,3898.0,1055.0,1053.0,-387.0,-373.0
3849,1079,-408,0,3865.0,3881.0,1063.0,1055.0,-397.0,-387.0
3840,1101,-411,0,3849.0,3865.0,1079.0,1063.0,-408.0,-397.0
3830,1123,-414,0,3840.0,3849.0,1101.0,1079.0,-411.0,-408.0
3821,1147,-415,0,3830.0,3840.0,1123.0,1101.0,-414.0,-411.0
3819,1167,-417,0,3821.0,3830.0,1147.0,1123.0,-415.0,-414.0
3821,1189,-411,0,3819.0,3821.0,1167.0,1147.0,-417.0,-415.0
3821,1205,-404,0,3821.0,3819.0,1189.0,1167.0,-411.0,-417.0
3816,1225,-410,0,3821.0,3821.0,1205.0,1189.0,-404.0,-411.0
3807,1242,-416,0,3816.0,3821.0,1225.0,1205.0,-410.0,-404.0
3805,1258,-419,0,3807.0,3816.0,1242.0,1225.0,-416.0,-410.0
3810,1271,-421,0,3805.0,3807.0,1258.0,1242.0,-419.0,-416.0
3815,1284,-426,0,3810.0,3805.0,1271.0,1258.0,-421.0,-419.0
3821,1293,-440,0,3815.0,3810.0,1284.0,1271.0,-426.0,-421.0
3833,1298,-448,0,3821.0,3815.0,1293.0,1284.0,-440.0,-426.0
3849,1302,-454,0,3833.0,3821.0,1298.0,1293.0,-448.0,-440.0
3869,1296,-451,0,3849.0,3833.0,1302.0,1298.0,-454.0,-448.0
3890,1284,-446,0,3869.0,3849.0,1296.0,1302.0,-451.0,-454.0
3911,1276,-444,0,3890.0,3869.0,1284.0,1296.0,-446.0,-451.0
3923,1264,-456,0,3911.0,3890.0,1276.0,1284.0,-444.0,-446.0
3928,1246,-469,0,3923.0,3911.0,1264.0,1276.0,-456.0,-444.0
3930,1234,-486,0,3928.0,3923.0,1246.0,1264.0,-469.0,-456.0
3935,1210,-500,0,3930.0,3928.0,1234.0,1246.0,-486.0,-469.0
3938,1188,-505,0,3935.0,3930.0,1210.0,1234.0,-500.0,-486.0
3942,1167,-512,0,3938.0,3935.0,1188.0,1210.0,-505.0,-500.0
3945,1153,-518,0,3942.0,3938.0,1167.0,1188.0,-512.0,-505.0
3953,1135,-521,0,3945.0,3942.0,1153.0,1167.0,-518.0,-512.0
3958,1119,-525,0,3953.0,3945.0,1135.0,1153.0,-521.0,-518.0
3963,1104,-531,0,3958.0,3953.0,1119.0,1135.0,-525.0,-521.0
3974,1088,-528,0,3963.0,3958.0,1104.0,1119.0,-531.0,-525.0
3983,1074,-529,0,3974.0,3963.0,1088.0,1104.0,-528.0,-531.0
3992,1050,-537,0,3983.0,3974.0,1074.0,1088.0,-529.0,-528.0
3996,1023,-542,0,3992.0,3983.0,1050.0,1074.0,-537.0,-529.0
3996,1001,-554,0,3996.0,3992.0,1023.0,1050.0,-542.0,-537.0
3992,977,-562,0,3996.0,3996.0,1001.0,1023.0,-554.0,-542.0
3986,949,-569,0,3992.0,3996.0,977.0,1001.0,-562.0,-554.0
3980,926,-579,0,3986.0,3992.0,949.0,977.0,-569.0,-562.0
3974,899,-586,0,3980.0,3986.0,926.0,949.0,-579.0,-569.0
3968,873,-588,0,3974.0,3980.0,899.0,926.0,-586.0,-579.0
3970,849,-592,0,3968.0,3974.0,873.0,899.0,-588.0,-586.0
3966,823,-596,0,3970.0,3968.0,849.0,873.0,-592.0,-588.0
3968,803,-602,0,3966.0,3970.0,823.0,849.0,-596.0,-592.0
3973,791,-605,0,3968.0,3966.0,803.0,823.0,-602.0,-596.0
3979,789,-596,0,3973.0,3968.0,791.0,803.0,-605.0,-602.0
3980,801,-578,0,3979.0,3973.0,789.0,791.0,-596.0,-605.0
3984,818,-555,0,3980.0,3979.0,801.0,789.0,-578.0,-596.0
3984,838,-528,0,3984.0,3980.0,818.0,801.0,-555.0,-578.0
3983,861,-500,0,3984.0,3984.0,838.0,818.0,-528.0,-555.0
3976,880,-475,0,3983.0,3984.0,861.0,838.0,-500.0,-528.0
3965,888,-454,0,3976.0,3983.0,880.0,861.0,-475.0,-500.0
3951,891,-444,0,3965.0,3976.0,888.0,880.0,-454.0,-475.0
3934,887,-436,0,3951.0,3965.0,891.0,888.0,-444.0,-454.0
3923,881,-429,0,3934.0,3951.0,887.0,891.0,-436.0,-444.0
3915,874,-417,0,3923.0,3934.0,881.0,887.0,-429.0,-436.0
3907,862,-394,0,3915.0,3923.0,874.0,881.0,-417.0,-429.0
3908,858,-366,0,3907.0,3915.0,862.0,874.0,-394.0,-417.0
3910,859,-343,0,3908.0,3907.0,858.0,862.0,-366.0,-394.0
3912,858,-321,0,3910.0,3908.0,859.0,858.0,-343.0,-366.0
3908,858,-306,0,3912.0,3910.0,858.0,859.0,-321.0,-343.0
3897,859,-300,0,3908.0,3912.0,858.0,858.0,-306.0,-321.0
3884,856,-284,0,3897.0,3908.0,859.0,858.0,-300.0,-306.0
3870,857,-273,0,3884.0,3897.0,856.0,859.0,-284.0,-300.0
3855,858,-274,0,3870.0,3884.0,857.0,856.0,-273.0,-284.0
3831,865,-292,0,3855.0,3870.0,858.0,857.0,-274.0,-273.0
3821,869,-299,0,3831.0,3855.0,865.0,858.0,-292.0,-274.0
3821,869,-295,0,3821.0,3831.0,869.0,865.0,-299.0,-292.0
3829,873,-291,0,3821.0,3821.0,869.0,869.0,-295.0,-299.0
3850,881,-286,0,3829.0,3821.0,873.0,869.0,-291.0,-295.0
3882,889,-279,0,3850.0,3829.0,881.0,873.0,-286.0,-291.0
3919,901,-273,0,3882.0,3850.0,889.0,881.0,-279.0,-286.0
3952,914,-286,0,3919.0,3882.0,901.0,889.0,-273.0,-279.0
3981,933,-310,0,3952.0,3919.0,914.0,901.0,-286.0,-273.0
4003,947,-342,0,3981.0,3952.0,933.0,914.0,-310.0,-286.0
4027,971,-367,0,4003.0,3981.0,947.0,933.0,-342.0,-310.0
4049,1003,-387,0,4027.0,4003.0,971.0,947.0,-367.0,-342.0
4064,1047,-397,0,4049.0,4027.0,1003.0,971.0,-387.0,-367.0
4070,1097,-398,0,4064.0,4049.0,1047.0,1003.0,-397.0,-387.0
4052,1155,-402,0,4070.0,4064.0,1097.0,1047.0,-398.0,-397.0
4022,1206,-400,0,4052.0,4070.0,1155.0,1097.0,-402.0,-398.0
3984,1247,-388,0,4022.0,4052.0,1206.0,1155.0,-400.0,-402.0
3937,1268,-370,0,3984.0,4022.0,1247.0,1206.0,-388.0,-400.0
3891,1272,-354,0,3937.0,3984.0,1268.0,1247.0,-370.0,-388.0
3841,1256,-343,0,3891.0,3937.0,1272.0,1268.0,-354.0,-370.0
3795,1221,-342,0,3841.0,3891.0,1256.0,1272.0,-343.0,-354.0
3760,1173,-337,0,3795.0,3841.0,1221.0,1256.0,-342.0,-343.0
3736,1118,-336,0,3760.0,3795.0,1173.0,1221.0,-337.0,-342.0
3715,1059,-345,0,3736.0,3760.0,1118.0,1173.0,-336.0,-337.0
3699,1009,-361,0,3715.0,3736.0,1059.0,1118.0,-345.0,-336.0
3692,964,-375,0,3699.0,3715.0,1009.0,1059.0,-361.0,-345.0
3697,925,-382,0,3692.0,3699.0,964.0,1009.0,-375.0,-361.0
3711,897,-387,0,3697.0,3692.0,925.0,964.0,-382.0,-375.0
3726,884,-404,0,3711.0,3697.0,897.0,925.0,-387.0,-382.0
3750,884,-420,0,3726.0,3711.0,884.0,897.0,-404.0,-387.0
3766,903,-445,0,3750.0,3726.0,884.0,884.0,-420.0,-404.0
3788,940,-472,0,3766.0,3750.0,903.0,884.0,-445.0,-420.0
3816,986,-491,0,3788.0,3766.0,940.0,903.0,-472.0,-445.0
3847,1039,-504,0,3816.0,3788.0,986.0,940.0,-491.0,-472.0
3878,1105,-512,0,3847.0,3816.0,1039.0,986.0,-504.0,-491.0
3916,1171,-509,0,3878.0,3847.0,1105.0,1039.0,-512.0,-504.0
3954,1233,-497,0,3916.0,3878.0,1171.0,1105.0,-509.0,-512.0
3982,1287,-483,0,3954.0,3916.0,1233.0,1171.0,-497.0,-509.0
3999,1330,-480,0,3982.0,3954.0,1287.0,1233.0,-483.0,-497.0
4003,1360,-481,0,3999.0,3982.0,1330.0,1287.0,-480.0,-483.0
3991,1373,-480,0,4003.0,3999.0,1360.0,1330.0,-481.0,-480.0
3977,1379,-484,0,3991.0,4003.0,1373.0,1360.0,-480.0,-481.0
3958,1382,-481,0,3977.0,3991.0,1379.0,1373.0,-484.0,-480.0
3936,1385,-468,0,3958.0,3977.0,1382.0,1379.0,-481.0,-484.0
3913,1391,-457,0,3936.0,3958.0,1385.0,1382.0,-468.0,-481.0
3892,1403,-444,0,3913.0,3936.0,1391.0,1385.0,-457.0,-468.0
3876,1423,-424,0,3892.0,3913.0,1403.0,1391.0,-444.0,-457.0
3864,1444,-397,0,3876.0,3892.0,1423.0,1403.0,-424.0,-444.0
3849,1470,-372,0,3864.0,3876.0,1444.0,1423.0,-397.0,-424.0
3826,1497,-361,0,3849.0,3864.0,1470.0,1444.0,-372.0,-397.0
3793,1524,-359,0,3826.0,3849.0,1497.0,1470.0,-361.0,-372.0
3757,1546,-348,0,3793.0,3826.0,1524.0,1497.0,-359.0,-361.0
3722,1567,-332,0,3757.0,3793.0,1546.0,1524.0,-348.0,-359.0
3697,1580,-299,0,3722.0,3757.0,1567.0,1546.0,-332.0,-348.0
3685,1592,-265,0,3697.0,3722.0,1580.0,1567.0,-299.0,-332.0
3677,1600,-229,0,3685.0,3697.0,1592.0,1580.0,-265.0,-299.0
3675,1618,-196,0,3677.0,3685.0,1600.0,1592.0,-229.0,-265.0
3664,1640,-173,0,3675.0,3677.0,1618.0,1600.0,-196.0,-229.0
3645,1664,-160,0,3664.0,3675.0,1640.0,1618.0,-173.0,-196.0
3622,1694,-160,0,3645.0,3664.0,1664.0,1640.0,-160.0,-173.0
3604,1730,-167,0,3622.0,3645.0,1694.0,1664.0,-160.0,-160.0
3590,1764,-174,0,3604.0,3622.0,1730.0,1694.0,-167.0,-160.0
3583,1791,-179,0,3590.0,3604.0,1764.0,1730.0,-174.0,-167.0
3576,1817,-183,0,3583.0,3590.0,1791.0,1764.0,-179.0,-174.0
3574,1838,-187,0,3576.0,3583.0,1817.0,1791.0,-183.0,-179.0
3574,1855,-191,0,3574.0,3576.0,1838.0,1817.0,-187.0,-183.0
3582,1865,-189,0,3574.0,3574.0,1855.0,1838.0,-191.0,-187.0
3600,1868,-184,0,3582.0,3574.0,1865.0,1855.0,-189.0,-191.0
3626,1869,-173,0,3600.0,3582.0,1868.0,1865.0,-184.0,-189.0
3658,1857,-161,0,3626.0,3600.0,1869.0,1868.0,-173.0,-184.0
3694,1843,-148,0,3658.0,3626.0,1857.0,1869.0,-161.0,-173.0
3724,1820,-136,0,3694.0,3658.0,1843.0,1857.0,-148.0,-161.0
3747,1793,-131,0,3724.0,3694.0,1820.0,1843.0,-136.0,-148.0
3770,1761,-137,0,3747.0,3724.0,1793.0,1820.0,-131.0,-136.0
3788,1737,-151,0,3770.0,3747.0,1761.0,1793.0,-137.0,-131.0
3801,1715,-168,0,3788.0,3770.0,1737.0,1761.0,-151.0,-137.0
3810,1690,-191,0,3801.0,3788.0,1715.0,1737.0,-168.0,-151.0
3814,1664,-206,0,3810.0,3801.0,1690.0,1715.0,-191.0,-168.0
3813,1635,-220,0,3814.0,3810.0,1664.0,1690.0,-206.0,-191.0
3808,1608,-231,0,3813.0,3814.0,1635.0,1664.0,-220.0,-206.0
3786,1574,-253,0,3808.0,3813.0,1608.0,1635.0,-231.0,-220.0
3758,1531,-269,0,3786.0,3808.0,1574.0,1608.0,-253.0,-231.0
3736,1478,-271,0,3758.0,3786.0,1531.0,1574.0,-269.0,-253.0
3732,1416,-252,0,3736.0,3758.0,1478.0,1531.0,-271.0,-269.0
3739,1363,-224,0,3732.0,3736.0,1416.0,1478.0,-252.0,-271.0
3747,1314,-195,0,3739.0,3732.0,1363.0,1416.0,-224.0,-252.0
3751,1280,-174,0,3747.0,3739.0,1314.0,1363.0,-195.0,-224.0
3751,1259,-164,0,3751.0,3747.0,1280.0,1314.0,-174.0,-195.0
3753,1251,-159,0,3751.0,3751.0,1259.0,1280.0,-164.0,-174.0
3755,1253,-155,0,3753.0,3751.0,1251.0,1259.0,-159.0,-164.0
3759,1266,-150,0,3755.0,3753.0,1253.0,1251.0,-155.0,-159.0
3769,1276,-141,0,3759.0,3755.0,1266.0,1253.0,-150.0,-155.0
3786,1287,-129,0,3769.0,3759.0,1276.0,1266.0,-141.0,-150.0
3804,1298,-112,0,3786.0,3769.0,1287.0,1276.0,-129.0,-141.0
3818,1312,-105,0,3804.0,3786.0,1298.0,1287.0,-112.0,-129.0
3834,1322,-96,0,3818.0,3804.0,1312.0,1298.0,-105.0,-112.0
3849,1328,-84,0,3834.0,3818.0,1322.0,1312.0,-96.0,-105.0
3864,1339,-65,0,3849.0,3834.0,1328.0,1322.0,-84.0,-96.0
3879,1349,-44,0,3864.0,3849.0,1339.0,1328.0,-65.0,-84.0
3892,1367,-20,0,3879.0,3864.0,1349.0,1339.0,-44.0,-65.0
3905,1389,8,0,3892.0,3879.0,1367.0,1349.0,-20.0,-44.0
3913,1411,39,0,3905.0,3892.0,1389.0,1367.0,8.0,-20.0
3918,1427,79,0,3913.0,3905.0,1411.0,1389.0,39.0,8.0
3914,1436,107,0,3918.0,3913.0,1427.0,1411.0,79.0,39.0
3908,1440,133,0,3914.0,3918.0,1436.0,1427.0,107.0,79.0
3894,1431,156,0,3908.0,3914.0,1440.0,1436.0,133.0,107.0
3872,1421,178,0,3894.0,3908.0,1431.0,1440.0,156.0,133.0
3849,1400,197,0,3872.0,3894.0,1421.0,1431.0,178.0,156.0
3822,1369,216,0,3849.0,3872.0,1400.0,1421.0,197.0,178.0
3791,1339,233,0,3822.0,3849.0,1369.0,1400.0,216.0,197.0
3761,1304,239,0,3791.0,3822.0,1339.0,1369.0,233.0,216.0
3730,1267,248,0,3761.0,3791.0,1304.0,1339.0,239.0,233.0
3701,1230,251,0,3730.0,3761.0,1267.0,1304.0,248.0,239.0
3676,1200,255,0,3701.0,3730.0,1230.0,1267.0,251.0,248.0
3654,1167,253,0,3676.0,3701.0,1200.0,1230.0,255.0,251.0
3631,1136,251,0,3654.0,3676.0,1167.0,1200.0,253.0,255.0
3615,1108,239,0,3631.0,3654.0,1136.0,1167.0,251.0,253.0
3610,1088,224,0,3615.0,3631.0,1108.0,1136.0,239.0,251.0
3607,1072,205,0,3610.0,3615.0,1088.0,1108.0,224.0,239.0
3609,1056,188,0,3607.0,3610.0,1072.0,1088.0,205.0,224.0
3614,1040,169,0,3609.0,3607.0,1056.0,1072.0,188.0,205.0
3622,1030,146,0,3614.0,3609.0,1040.0,1056.0,169.0,188.0
3635,1024,132,0,3622.0,3614.0,1030.0,1040.0,146.0,169.0
3647,1027,125,0,3635.0,3622.0,1024.0,1030.0,132.0,146.0
3656,1038,113,0,3647.0,3635.0,1027.0,1024.0,125.0,132.0
3668,1065,101,0,3656.0,3647.0,1038.0,1027.0,113.0,125.0
3686,1102,102,0,3668.0,3656.0,1065.0,1038.0,101.0,113.0
3702,1151,106,0,3686.0,3668.0,1102.0,1065.0,102.0,101.0
3714,1207,113,0,3702.0,3686.0,1151.0,1102.0,106.0,102.0
3719,1268,122,0,3714.0,3702.0,1207.0,1151.0,113.0,106.0
3719,1343,124,0,3719.0,3714.0,1268.0,1207.0,122.0,113.0
3714,1419,127,0,3719.0,3719.0,1343.0,1268.0,124.0,122.0
3704,1494,134,0,3714.0,3719.0,1419.0,1343.0,127.0,124.0
3696,1566,140,0,3704.0,3714.0,1494.0,1419.0,134.0,127.0
3681,1635,147,0,3696.0,3704.0,1566.0,1494.0,140.0,134.0
3662,1695,156,0,3681.0,3696.0,1635.0,1566.0,147.0,140.0
3645,1748,160,0,3662.0,3681.0,1695.0,1635.0,156.0,147.0
3626,1795,158,0,3645.0,3662.0,1748.0,1695.0,160.0,156.0
3607,1824,162,0,3626.0,3645.0,1795.0,1748.0,158.0,160.0
3592,1844,166,0,3607.0,3626.0,1824.0,1795.0,162.0,158.0
3578,1851,175,0,3592.0,3607.0,1844.0,1824.0,166.0,162.0
3570,1848,189,0,3578.0,3592.0,1851.0,1844.0,175.0,166.0
3566,1835,203,0,3570.0,3578.0,1848.0,1851.0,189.0,175.0
3566,1810,212,0,3566.0,3570.0,1835.0,1848.0,203.0,189.0
3566,1784,220,0,3566.0,3566.0,1810.0,1835.0,212.0,203.0
3571,1747,231,0,3566.0,3566.0,1784.0,1810.0,220.0,212.0
3578,1700,250,0,3571.0,3566.0,1747.0,1784.0,231.0,220.0
3587,1645,254,0,3578.0,3571.0,1700.0,1747.0,250.0,231.0
3586,1593,240,0,3587.0,3578.0,1645.0,1700.0,254.0,250.0
3592,1542,230,0,3586.0,3587.0,1593.0,1645.0,240.0,254.0
3601,1502,221,0,3592.0,3586.0,1542.0,1593.0,230.0,240.0
3623,1471,219,0,3601.0,3592.0,1502.0,1542.0,221.0,230.0
3647,1458,220,0,3623.0,3601.0,1471.0,1502.0,219.0,221.0
3682,1457,224,0,3647.0,3623.0,1458.0,1471.0,220.0,219.0
3723,1464,233,0,3682.0,3647.0,1457.0,1458.0,224.0,220.0
3772,1472,250,0,3723.0,3682.0,1464.0,1457.0,233.0,224.0
3823,1482,265,0,3772.0,3723.0,1472.0,1464.0,250.0,233.0
3869,1486,275,0,3823.0,3772.0,1482.0,1472.0,265.0,250.0
3907,1485,278,0,3869.0,3823.0,1486.0,1482.0,275.0,265.0
3942,1472,277,0,3907.0,3869.0,1485.0,1486.0,278.0,275.0
3969,1450,272,0,3942.0,3907.0,1472.0,1485.0,277.0,278.0
3987,1413,265,0,3969.0,3942.0,1450.0,1472.0,272.0,277.0
3996,1365,261,0,3987.0,3969.0,1413.0,1450.0,265.0,272.0
3991,1317,249,0,3996.0,3987.0,1365.0,1413.0,261.0,265.0
3978,1266,244,0,3991.0,3996.0,1317.0,1365.0,249.0,261.0
3960,1217,244,0,3978.0,3991.0,1266.0,1317.0,244.0,249.0
3933,1172,245,0,3960.0,3978.0,1217.0,1266.0,244.0,244.0
3900,1134,252,0,3933.0,3960.0,1172.0,1217.0,245.0,244.0
3862,1107,262,0,3900.0,3933.0,1134.0,1172.0,252.0,245.0
3819,1093,269,0,3862.0,3900.0,1107.0,1134.0,262.0,252.0
3774,1086,275,0,3819.0,3862.0,1093.0,1107.0,269.0,262.0
3730,1088,294,0,3774.0,3819.0,1086.0,1093.0,275.0,269.0
3689,1104,313,0,3730.0,3774.0,1088.0,1086.0,294.0,275.0
3653,1124,329,0,3689.0,3730.0,1104.0,1088.0,313.0,294.0
3616,1151,342,0,3653.0,3689.0,1124.0,1104.0,329.0,313.0
3582,1177,338,0,3616.0,3653.0,1151.0,1124.0,342.0,329.0
3550,1204,336,0,3582.0,3616.0,1177.0,1151.0,338.0,342.0
3530,1225,330,0,3550.0,3582.0,1204.0,1177.0,336.0,338.0
3521,1243,325,0,3530.0,3550.0,1225.0,1204.0,330.0,336.0
3522,1262,316,0,3521.0,3530.0,1243.0,1225.0,325.0,330.0
3530,1277,318,0,3522.0,3521.0,1262.0,1243.0,316.0,325.0
3544,1294,322,0,3530.0,3522.0,1277.0,1262.0,318.0,316.0
3564,1310,329,0,3544.0,3530.0,1294.0,1277.0,322.0,318.0
3595,1329,332,0,3564.0,3544.0,1310.0,1294.0,329.0,322.0
3621,1350,334,0,3595.0,3564.0,1329.0,1310.0,332.0,329.0
3652,1373,327,0,3621.0,3595.0,1350.0,1329.0,334.0,332.0
3689,1389,327,0,3652.0,3621.0,1373.0,1350.0,327.0,334.0
3737,1394,329,0,3689.0,3652.0,1389.0,1373.0,327.0,327.0
3782,1393,327,0,3737.0,3689.0,1394.0,1389.0,329.0,327.0
3827,1387,321,0,3782.0,3737.0,1393.0,1394.0,327.0,329.0
3878,1376,326,0,3827.0,3782.0,1387.0,1393.0,321.0,327.0
3931,1368,325,0,3878.0,3827.0,1376.0,1387.0,326.0,321.0
3971,1376,311,0,3931.0,3878.0,1368.0,1376.0,325.0,326.0
4002,1396,291,0,3971.0,3931.0,1376.0,1368.0,311.0,325.0
4036,1417,276,0,4002.0,3971.0,1396.0,1376.0,291.0,311.0
4066,1436,270,0,4036.0,4002.0,1417.0,1396.0,276.0,291.0
4087,1447,272,0,4066.0,4036.0,1436.0,1417.0,270.0,276.0
4106,1459,273,0,4087.0,4066.0,1447.0,1436.0,272.0,270.0
4110,1469,265,0,4106.0,4087.0,1459.0,1447.0,273.0,272.0
4106,1478,265,0,4110.0,4106.0,1469.0,1459.0,265.0,273.0
4103,1470,285,0,4106.0,4110.0,1478.0,1469.0,265.0,265.0
4095,1451,311,0,4103.0,4106.0,1470.0,1478.0,285.0,265.0
4072,1428,334,0,4095.0,4103.0,1451.0,1470.0,311.0,285.0
4028,1404,341,0,4072.0,4095.0,1428.0,1451.0,334.0,311.0
3972,1389,347,0,4028.0,4072.0,1404.0,1428.0,341.0,334.0
3912,1364,351,0,3972.0,4028.0,1389.0,1404.0,347.0,341.0
3856,1338,360,0,3912.0,3972.0,1364.0,1389.0,351.0,347.0
3803,1310,366,0,3856.0,3912.0,1338.0,1364.0,360.0,351.0
3751,1282,381,0,3803.0,3856.0,1310.0,1338.0,366.0,360.0
3707,1252,403,0,3751.0,3803.0,1282.0,1310.0,381.0,366.0
3669,1225,422,0,3707.0,3751.0,1252.0,1282.0,403.0,381.0
3640,1205,447,0,3669.0,3707.0,1225.0,1252.0,422.0,403.0
3604,1203,465,0,3640.0,3669.0,1205.0,1225.0,447.0,422.0
3572,1219,471,0,3604.0,3640.0,1203.0,1205.0,465.0,447.0
3552,1240,476,0,3572.0,3604.0,1219.0,1203.0,471.0,465.0
3543,1272,468,0,3552.0,3572.0,1240.0,1219.0,476.0,471.0
3532,1307,449,0,3543.0,3552.0,1272.0,1240.0,468.0,476.0
3532,1340,430,0,3532.0,3543.0,1307.0,1272.0,449.0,468.0
3540,1367,412,0,3532.0,3532.0,1340.0,1307.0,430.0,449.0
3552,1390,391,0,3540.0,3532.0,1367.0,1340.0,412.0,430.0
3566,1410,370,0,3552.0,3540.0,1390.0,1367.0,391.0,412.0
3587,1425,363,0,3566.0,3552.0,1410.0,1390.0,370.0,391.0
3612,1430,363,0,3587.0,3566.0,1425.0,1410.0,363.0,370.0
3638,1430,358,0,3612.0,3587.0,1430.0,1425.0,363.0,363.0
3658,1431,355,0,3638.0,3612.0,1430.0,1430.0,358.0,363.0
3674,1429,354,0,3658.0,3638.0,1431.0,1430.0,355.0,358.0
3685,1432,356,0,3674.0,3658.0,1429.0,1431.0,354.0,355.0
3696,1432,366,0,3685.0,3674.0,1432.0,1429.0,356.0,354.0
3701,1429,361,0,3696.0,3685.0,1432.0,1432.0,366.0,356.0
3702,1431,355,0,3701.0,3696.0,1429.0,1432.0,361.0,366.0
3702,1435,353,0,3702.0,3701.0,1431.0,1429.0,355.0,361.0
3704,1436,364,0,3702.0,3702.0,1435.0,1431.0,353.0,355.0
3716,1437,384,0,3704.0,3702.0,1436.0,1435.0,364.0,353.0
3730,1434,408,0,3716.0,3704.0,1437.0,1436.0,384.0,364.0
3751,1437,434,0,3730.0,3716.0,1434.0,1437.0,408.0,384.0
3772,1440,468,0,3751.0,3730.0,1437.0,1434.0,434.0,408.0
3797,1450,503,0,3772.0,3751.0,1440.0,1437.0,468.0,434.0
3812,1464,531,0,3797.0,3772.0,1450.0,1440.0,503.0,468.0
3825,1493,545,0,3812.0,3797.0,1464.0,1450.0,531.0,503.0
3827,1521,547,0,3825.0,3812.0,1493.0,1464.0,545.0,531.0
3825,1547,544,0,3827.0,3825.0,1521.0,1493.0,547.0,545.0
3822,1565,532,0,3825.0,3827.0,1547.0,1521.0,544.0,547.0
3820,1577,522,0,3822.0,3825.0,1565.0,1547.0,532.0,544.0
3819,1583,516,0,3820.0,3822.0,1577.0,1565.0,522.0,532.0
3808,1580,505,0,3819.0,3820.0,1583.0,1577.0,516.0,522.0
3794,1572,489,0,3808.0,3819.0,1580.0,1583.0,505.0,516.0
3767,1562,467,0,3794.0,3808.0,1572.0,1580.0,489.0,505.0
3741,1546,450,0,3767.0,3794.0,1562.0,1572.0,467.0,489.0
3711,1524,446,0,3741.0,3767.0,1546.0,1562.0,450.0,467.0
3683,1499,454,0,3711.0,3741.0,1524.0,1546.0,446.0,450.0
3655,1468,473,0,3683.0,3711.0,1499.0,1524.0,454.0,446.0
3630,1436,493,0,3655.0,3683.0,1468.0,1499.0,473.0,454.0
3612,1402,522,0,3630.0,3655.0,1436.0,1468.0,493.0,473.0
3606,1367,553,0,3612.0,3630.0,1402.0,1436.0,522.0,493.0
3606,1331,585,0,3606.0,3612.0,1367.0,1402.0,553.0,522.0
3610,1299,611,0,3606.0,3606.0,1331.0,1367.0,585.0,553.0
3621,1272,624,0,3610.0,3606.0,1299.0,1331.0,611.0,585.0
3633,1258,629,0,3621.0,3610.0,1272.0,1299.0,624.0,611.0
3644,1253,636,0,3633.0,3621.0,1258.0,1272.0,629.0,624.0
3664,1249,645,0,3644.0,3633.0,1253.0,1258.0,636.0,629.0
3683,1254,652,0,3664.0,3644.0,1249.0,1253.0,645.0,636.0
3693,1259,653,0,3683.0,3664.0,1254.0,1249.0,652.0,645.0
3702,1265,641,0,3693.0,3683.0,1259.0,1254.0,653.0,652.0
3702,1272,623,0,3702.0,3693.0,1265.0,1259.0,641.0,653.0
3700,1277,604,0,3702.0,3702.0,1272.0,1265.0,623.0,641.0
3692,1278,591,0,3700.0,3702.0,1277.0,1272.0,604.0,623.0
3676,1274,579,0,3692.0,3700.0,1278.0,1277.0,591.0,604.0
3662,1271,572,0,3676.0,3692.0,1274.0,1278.0,579.0,591.0
3640,1265,572,0,3662.0,3676.0,1271.0,1274.0,572.0,579.0
3610,1258,582,0,3640.0,3662.0,1265.0,1271.0,572.0,572.0
3578,1251,595,0,3610.0,3640.0,1258.0,1265.0,582.0,572.0
3549,1241,620,0,3578.0,3610.0,1251.0,1258.0,595.0,582.0
3519,1231,642,0,3549.0,3578.0,1241.0,1251.0,620.0,595.0
3495,1217,668,0,3519.0,3549.0,1231.0,1241.0,642.0,620.0
3478,1202,701,0,3495.0,3519.0,1217.0,1231.0,668.0,642.0
3472,1184,737,0,3478.0,3495.0,1202.0,1217.0,701.0,668.0
3479,1171,779,0,3472.0,3478.0,1184.0,1202.0,737.0,701.0
3492,1164,820,0,3479.0,3472.0,1171.0,1184.0,779.0,737.0
3524,1164,859,0,3492.0,3479.0,1164.0,1171.0,820.0,779.0
3559,1171,898,0,3524.0,3492.0,1164.0,1164.0,859.0,820.0
3603,1185,938,0,3559.0,3524.0,1171.0,1164.0,898.0,859.0
3644,1197,972,0,3603.0,3559.0,1185.0,1171.0,938.0,898.0
3677,1211,982,0,3644.0,3603.0,1197.0,1185.0,972.0,938.0
3697,1233,960,0,3677.0,3644.0,1211.0,1197.0,982.0,972.0
3713,1257,908,0,3697.0,3677.0,1233.0,1211.0,960.0,982.0
3719,1277,832,0,3713.0,3697.0,1257.0,1233.0,908.0,960.0
3730,1291,754,0,3719.0,3713.0,1277.0,1257.0,832.0,908.0
3766,1299,689,0,3730.0,3719.0,1291.0,1277.0,754.0,832.0
3826,1312,631,0,3766.0,3730.0,1299.0,1291.0,689.0,754.0
3887,1329,559,0,3826.0,3766.0,1312.0,1299.0,631.0,689.0
3935,1362,466,0,3887.0,3826.0,1329.0,1312.0,559.0,631.0
3969,1405,382,0,3935.0,3887.0,1362.0,1329.0,466.0,559.0
4009,1431,327,0,3969.0,3935.0,1405.0,1362.0,382.0,466.0
4054,1437,299,0,4009.0,3969.0,1431.0,1405.0,327.0,382.0
4085,1416,273,0,4054.0,4009.0,1437.0,1431.0,299.0,327.0
4097,1376,232,0,4085.0,4054.0,1416.0,1437.0,273.0,299.0
4089,1318,175,0,4097.0,4085.0,1376.0,1416.0,232.0,273.0
4050,1242,94,0,4089.0,4097.0,1318.0,1376.0,175.0,232.0
3987,1162,11,0,4050.0,4089.0,1242.0,1318.0,94.0,175.0
3925,1095,-77,0,3987.0,4050.0,1162.0,1242.0,11.0,94.0
3860,1051,-152,0,3925.0,3987.0,1095.0,1162.0,-77.0,11.0
3809,1047,-206,0,3860.0,3925.0,1051.0,1095.0,-152.0,-77.0
3770,1086,-235,0,3809.0,3860.0,1047.0,1051.0,-206.0,-152.0
3743,1167,-243,0,3770.0,3809.0,1086.0,1047.0,-235.0,-206.0
3720,1267,-237,0,3743.0,3770.0,1167.0,1086.0,-243.0,-235.0
3706,1371,-225,0,3720.0,3743.0,1267.0,1167.0,-237.0,-243.0
3692,1472,-205,0,3706.0,3720.0,1371.0,1267.0,-225.0,-237.0
3673,1559,-204,0,3692.0,3706.0,1472.0,1371.0,-205.0,-225.0
3651,1642,-222,0,3673.0,3692.0,1559.0,1472.0,-204.0,-205.0
3622,1717,-248,0,3651.0,3673.0,1642.0,1559.0,-222.0,-204.0
3591,1788,-278,0,3622.0,3651.0,1717.0,1642.0,-248.0,-222.0
3557,1857,-305,0,3591.0,3622.0,1788.0,1717.0,-278.0,-248.0
3530,1936,-324,0,3557.0,3591.0,1857.0,1788.0,-305.0,-278.0
3512,2013,-337,0,3530.0,3557.0,1936.0,1857.0,-324.0,-305.0
3500,2092,-345,0,3512.0,3530.0,2013.0,1936.0,-337.0,-324.0
3505,2163,-343,0,3500.0,3512.0,2092.0,2013.0,-345.0,-337.0
3528,2226,-329,0,3505.0,3500.0,2163.0,2092.0,-343.0,-345.0
3563,2279,-308,0,3528.0,3505.0,2226.0,2163.0,-329.0,-343.0
3599,2316,-271,0,3563.0,3528.0,2279.0,2226.0,-308.0,-329.0
3633,2336,-227,0,3599.0,3563.0,2316.0,2279.0,-271.0,-308.0
3668,2337,-181,0,3633.0,3599.0,2336.0,2316.0,-227.0,-271.0
3697,2323,-142,0,3668.0,3633.0,2337.0,2336.0,-181.0,-227.0
3716,2283,-122,0,3697.0,3668.0,2323.0,2337.0,-142.0,-181.0
3725,2234,-117,0,3716.0,3697.0,2283.0,2323.0,-122.0,-142.0
3723,2188,-124,0,3725.0,3716.0,2234.0,2283.0,-117.0,-122.0
3717,2148,-133,0,3723.0,3725.0,2188.0,2234.0,-124.0,-117.0
3717,2108,-132,0,3717.0,3723.0,2148.0,2188.0,-133.0,-124.0
3720,2082,-121,0,3717.0,3717.0,2108.0,2148.0,-132.0,-133.0
3729,2062,-96,0,3720.0,3717.0,2082.0,2108.0,-121.0,-132.0
3734,2031,-76,0,3729.0,3720.0,2062.0,2082.0,-96.0,-121.0
3738,2001,-66,0,3734.0,3729.0,2031.0,2062.0,-76.0,-96.0
3733,1960,-63,0,3738.0,3734.0,2001.0,2031.0,-66.0,-76.0
3730,1916,-62,0,3733.0,3738.0,1960.0,2001.0,-63.0,-66.0
3724,1869,-60,0,3730.0,3733.0,1916.0,1960.0,-62.0,-63.0
3724,1817,-56,0,3724.0,3730.0,1869.0,1916.0,-60.0,-62.0
3722,1757,-59,0,3724.0,3724.0,1817.0,1869.0,-56.0,-60.0
3716,1701,-66,0,3722.0,3724.0,1757.0,1817.0,-59.0,-56.0
3711,1642,-76,0,3716.0,3722.0,1701.0,1757.0,-66.0,-59.0
3700,1584,-90,0,3711.0,3716.0,1642.0,1701.0,-76.0,-66.0
3686,1529,-107,0,3700.0,3711.0,1584.0,1642.0,-90.0,-76.0
3674,1479,-128,0,3686.0,3700.0,1529.0,1584.0,-107.0,-90.0
3662,1428,-143,0,3674.0,3686.0,1479.0,1529.0,-128.0,-107.0
3642,1380,-157,0,3662.0,3674.0,1428.0,1479.0,-143.0,-128.0
3631,1343,-167,0,3642.0,3662.0,1380.0,1428.0,-157.0,-143.0
3627,1302,-156,0,3631.0,3642.0,1343.0,1380.0,-167.0,-157.0
3622,1271,-133,0,3627.0,3631.0,1302.0,1343.0,-156.0,-167.0
3618,1245,-116,0,3622.0,3627.0,1271.0,1302.0,-133.0,-156.0
3608,1221,-110,0,3618.0,3622.0,1245.0,1271.0,-116.0,-133.0
3613,1187,-100,0,3608.0,3618.0,1221.0,1245.0,-110.0,-116.0
3621,1153,-103,0,3613.0,3608.0,1187.0,1221.0,-100.0,-110.0
3632,1126,-121,0,3621.0,3613.0,1153.0,1187.0,-103.0,-100.0
3654,1102,-142,0,3632.0,3621.0,1126.0,1153.0,-121.0,-103.0
3683,1090,-162,0,3654.0,3632.0,1102.0,1126.0,-142.0,-121.0
3717,1085,-181,0,3683.0,3654.0,1090.0,1102.0,-162.0,-142.0
3760,1089,-196,0,3717.0,3683.0,1085.0,1090.0,-181.0,-162.0
3804,1102,-217,0,3760.0,3717.0,1089.0,1085.0,-196.0,-181.0
3847,1118,-243,0,3804.0,3760.0,1102.0,1089.0,-217.0,-196.0
3887,1142,-264,0,3847.0,3804.0,1118.0,1102.0,-243.0,-217.0
3922,1167,-281,0,3887.0,3847.0,1142.0,1118.0,-264.0,-243.0
3955,1185,-295,0,3922.0,3887.0,1167.0,1142.0,-281.0,-264.0
3979,1201,-312,0,3955.0,3922.0,1185.0,1167.0,-295.0,-281.0
3991,1206,-335,0,3979.0,3955.0,1201.0,1185.0,-312.0,-295.0
3994,1201,-360,0,3991.0,3979.0,1206.0,1201.0,-335.0,-312.0
3998,1185,-384,0,3994.0,3991.0,1201.0,1206.0,-360.0,-335.0
3992,1166,-407,0,3998.0,3994.0,1185.0,1201.0,-384.0,-360.0
3998,1140,-413,0,3992.0,3998.0,1166.0,1185.0,-407.0,-384.0
4005,1112,-417,0,3998.0,3992.0,1140.0,1166.0,-413.0,-407.0
4010,1086,-408,0,4005.0,3998.0,1112.0,1140.0,-417.0,-413.0
4014,1066,-394,0,4010.0,4005.0,1086.0,1112.0,-408.0,-417.0
4017,1058,-369,0,4014.0,4010.0,1066.0,1086.0,-394.0,-408.0
4017,1063,-333,0,4017.0,4014.0,1058.0,1066.0,-369.0,-394.0
4010,1078,-295,0,4017.0,4017.0,1063.0,1058.0,-333.0,-369.0
3990,1102,-261,0,4010.0,4017.0,1078.0,1063.0,-295.0,-333.0
3954,1134,-230,0,3990.0,4010.0,1102.0,1078.0,-261.0,-295.0
3919,1170,-198,0,3954.0,3990.0,1134.0,1102.0,-230.0,-261.0
3886,1204,-172,0,3919.0,3954.0,1170.0,1134.0,-198.0,-230.0
3843,1234,-158,0,3886.0,3919.0,1204.0,1170.0,-172.0,-198.0
3793,1264,-161,0,3843.0,3886.0,1234.0,1204.0,-158.0,-172.0
3743,1289,-172,0,3793.0,3843.0,1264.0,1234.0,-161.0,-158.0
3701,1311,-180,0,3743.0,3793.0,1289.0,1264.0,-172.0,-161.0
3666,1328,-188,0,3701.0,3743.0,1311.0,1289.0,-180.0,-172.0
3644,1338,-196,0,3666.0,3701.0,1328.0,1311.0,-188.0,-180.0
3623,1347,-196,0,3644.0,3666.0,1338.0,1328.0,-196.0,-188.0
3618,1350,-198,0,3623.0,3644.0,1347.0,1338.0,-196.0,-196.0
3618,1349,-202,0,3618.0,3623.0,1350.0,1347.0,-198.0,-196.0
3629,1347,-198,0,3618.0,3618.0,1349.0,1350.0,-202.0,-198.0
3657,1339,-186,0,3629.0,3618.0,1347.0,1349.0,-198.0,-202.0
3693,1336,-173,0,3657.0,3629.0,1339.0,1347.0,-186.0,-198.0
3724,1328,-164,0,3693.0,3657.0,1336.0,1339.0,-173.0,-186.0
3749,1329,-170,0,3724.0,3693.0,1328.0,1336.0,-164.0,-173.0
3765,1333,-191,0,3749.0,3724.0,1329.0,1328.0,-170.0,-164.0
3779,1340,-206,0,3765.0,3749.0,1333.0,1329.0,-191.0,-170.0
3792,1346,-213,0,3779.0,3765.0,1340.0,1333.0,-206.0,-191.0
3808,1344,-203,0,3792.0,3779.0,1346.0,1340.0,-213.0,-206.0
3822,1338,-192,0,3808.0,3792.0,1344.0,1346.0,-203.0,-213.0
3832,1329,-189,0,3822.0,3808.0,1338.0,1344.0,-192.0,-203.0
3834,1318,-189,0,3832.0,3822.0,1329.0,1338.0,-189.0,-192.0
3832,1300,-192,0,3834.0,3832.0,1318.0,1329.0,-189.0,-189.0
3841,1282,-188,0,3832.0,3834.0,1300.0,1318.0,-192.0,-189.0
3843,1256,-185,0,3841.0,3832.0,1282.0,1300.0,-188.0,-192.0
3850,1222,-196,0,3843.0,3841.0,1256.0,1282.0,-185.0,-188.0
3852,1182,-207,0,3850.0,3843.0,1222.0,1256.0,-196.0,-185.0
3854,1137,-219,0,3852.0,3850.0,1182.0,1222.0,-207.0,-196.0
3861,1089,-230,0,3854.0,3852.0,1137.0,1182.0,-219.0,-207.0
3861,1037,-243,0,3861.0,3854.0,1089.0,1137.0,-230.0,-219.0
3859,986,-255,0,3861.0,3861.0,1037.0,1089.0,-243.0,-230.0
3856,946,-262,0,3859.0,3861.0,986.0,1037.0,-255.0,-243.0
3863,915,-269,0,3856.0,3859.0,946.0,986.0,-262.0,-255.0
3874,894,-259,0,3863.0,3856.0,915.0,946.0,-269.0,-262.0
3891,882,-242,0,3874.0,3863.0,894.0,915.0,-259.0,-269.0
3909,876,-232,0,3891.0,3874.0,882.0,894.0,-242.0,-259.0
3919,874,-220,0,3909.0,3891.0,876.0,882.0,-232.0,-242.0
3927,881,-213,0,3919.0,3909.0,874.0,876.0,-220.0,-232.0
3926,892,-215,0,3927.0,3919.0,881.0,874.0,-213.0,-220.0
3922,901,-223,0,3926.0,3927.0,892.0,881.0,-215.0,-213.0
3914,913,-228,0,3922.0,3926.0,901.0,892.0,-223.0,-215.0
3904,928,-230,0,3914.0,3922.0,913.0,901.0,-228.0,-223.0
3895,945,-226,0,3904.0,3914.0,928.0,913.0,-230.0,-228.0
3888,964,-228,0,3895.0,3904.0,945.0,928.0,-226.0,-230.0
3878,980,-231,0,3888.0,3895.0,964.0,945.0,-228.0,-226.0
3864,993,-228,0,3878.0,3888.0,980.0,964.0,-231.0,-228.0
3849,1004,-231,0,3864.0,3878.0,993.0,980.0,-228.0,-231.0
3828,1020,-236,0,3849.0,3864.0,1004.0,993.0,-231.0,-228.0
3807,1033,-250,0,3828.0,3849.0,1020.0,1004.0,-236.0,-231.0
3779,1047,-268,0,3807.0,3828.0,1033.0,1020.0,-250.0,-236.0
3763,1065,-278,0,3779.0,3807.0,1047.0,1033.0,-268.0,-250.0
3752,1085,-281,0,3763.0,3779.0,1065.0,1047.0,-278.0,-268.0
3750,1106,-273,0,3752.0,3763.0,1085.0,1065.0,-281.0,-278.0
3758,1125,-262,0,3750.0,3752.0,1106.0,1085.0,-273.0,-281.0
3773,1140,-243,0,3758.0,3750.0,1125.0,1106.0,-262.0,-273.0
3778,1151,-227,0,3773.0,3758.0,1140.0,1125.0,-243.0,-262.0
3777,1157,-221,0,3778.0,3773.0,1151.0,1140.0,-227.0,-243.0
3769,1162,-224,0,3777.0,3778.0,1157.0,1151.0,-221.0,-227.0
3750,1169,-230,0,3769.0,3777.0,1162.0,1157.0,-224.0,-221.0
3730,1180,-233,0,3750.0,3769.0,1169.0,1162.0,-230.0,-224.0
3706,1189,-222,0,3730.0,3750.0,1180.0,1169.0,-233.0,-230.0
3684,1204,-209,0,3706.0,3730.0,1189.0,1180.0,-222.0,-233.0
3655,1218,-197,0,3684.0,3706.0,1204.0,1189.0,-209.0,-222.0
3619,1232,-196,0,3655.0,3684.0,1218.0,1204.0,-197.0,-209.0
3586,1245,-200,0,3619.0,3655.0,1232.0,1218.0,-196.0,-197.0
3546,1258,-207,0,3586.0,3619.0,1245.0,1232.0,-200.0,-196.0
3506,1266,-217,0,3546.0,3586.0,1258.0,1245.0,-207.0,-200.0
3480,1272,-210,0,3506.0,3546.0,1266.0,1258.0,-217.0,-207.0
3466,1276,-192,0,3480.0,3506.0,1272.0,1266.0,-210.0,-217.0
3451,1279,-185,0,3466.0,3480.0,1276.0,1272.0,-192.0,-210.0
3432,1269,-201,0,3451.0,3466.0,1279.0,1276.0,-185.0,-192.0
3417,1250,-227,0,3432.0,3451.0,1269.0,1279.0,-201.0,-185.0
3410,1224,-238,0,3417.0,3432.0,1250.0,1269.0,-227.0,-201.0
3422,1195,-209,0,3410.0,3417.0,1224.0,1250.0,-238.0,-227.0
3440,1167,-168,0,3422.0,3410.0,1195.0,1224.0,-209.0,-238.0
3454,1145,-134,0,3440.0,3422.0,1167.0,1195.0,-168.0,-209.0
3458,1117,-121,0,3454.0,3440.0,1145.0,1167.0,-134.0,-168.0
3447,1086,-128,0,3458.0,3454.0,1117.0,1145.0,-121.0,-134.0
3426,1051,-145,0,3447.0,3458.0,1086.0,1117.0,-128.0,-121.0
3406,1021,-158,0,3426.0,3447.0,1051.0,1086.0,-145.0,-128.0
3387,995,-165,0,3406.0,3426.0,1021.0,1051.0,-158.0,-145.0
3373,984,-160,0,3387.0,3406.0,995.0,1021.0,-165.0,-158.0
3359,985,-151,0,3373.0,3387.0,984.0,995.0,-160.0,-165.0
3351,990,-153,0,3359.0,3373.0,985.0,984.0,-151.0,-160.0
3334,1005,-164,0,3351.0,3359.0,990.0,985.0,-153.0,-151.0
3315,1027,-191,0,3334.0,3351.0,1005.0,990.0,-164.0,-153.0
3290,1042,-228,0,3315.0,3334.0,1027.0,1005.0,-191.0,-164.0
3267,1051,-263,0,3290.0,3315.0,1042.0,1027.0,-228.0,-191.0
3240,1055,-301,0,3267.0,3290.0,1051.0,1042.0,-263.0,-228.0
3214,1056,-332,0,3240.0,3267.0,1055.0,1051.0,-301.0,-263.0
3199,1046,-342,0,3214.0,3240.0,1056.0,1055.0,-332.0,-301.0
3212,1028,-311,0,3199.0,3214.0,1046.0,1056.0,-342.0,-332.0
3255,995,-237,0,3212.0,3199.0,1028.0,1046.0,-311.0,-342.0
3320,944,-134,0,3255.0,3212.0,995.0,1028.0,-237.0,-311.0
3391,882,-35,0,3320.0,3255.0,944.0,995.0,-134.0,-237.0
3458,809,36,0,3391.0,3320.0,882.0,944.0,-35.0,-134.0
3496,729,68,0,3458.0,3391.0,809.0,882.0,36.0,-35.0
3520,643,75,0,3496.0,3458.0,729.0,809.0,68.0,36.0
3537,555,63,0,3520.0,3496.0,643.0,729.0,75.0,68.0
3547,471,35,0,3537.0,3520.0,555.0,643.0,63.0,75.0
3556,398,8,0,3547.0,3537.0,471.0,555.0,35.0,63.0
3574,339,-14,0,3556.0,3547.0,398.0,471.0,8.0,35.0
3603,300,-20,0,3574.0,3556.0,339.0,398.0,-14.0,8.0
3649,281,-19,0,3603.0,3574.0,300.0,339.0,-20.0,-14.0
3702,279,-14,0,3649.0,3603.0,281.0,300.0,-19.0,-20.0
3765,292,-2,0,3702.0,3649.0,279.0,281.0,-14.0,-19.0
3836,326,36,0,3765.0,3702.0,292.0,279.0,-2.0,-14.0
3909,380,79,0,3836.0,3765.0,326.0,292.0,36.0,-2.0
3963,446,103,0,3909.0,3836.0,380.0,326.0,79.0,36.0
4002,509,113,0,3963.0,3909.0,446.0,380.0,103.0,79.0
4039,568,125,0,4002.0,3963.0,509.0,446.0,113.0,103.0
4066,628,141,0,4039.0,4002.0,568.0,509.0,125.0,113.0
4083,685,149,0,4066.0,4039.0,628.0,568.0,141.0,125.0
4092,723,151,0,4083.0,4066.0,685.0,628.0,149.0,141.0
4096,739,155,0,4092.0,4083.0,723.0,685.0,151.0,149.0
4108,734,173,0,4096.0,4092.0,739.0,723.0,155.0,151.0
4126,718,200,0,4108.0,4096.0,734.0,739.0,173.0,155.0
4137,688,213,0,4126.0,4108.0,718.0,734.0,200.0,173.0
4136,656,209,0,4137.0,4126.0,688.0,718.0,213.0,200.0
4125,616,201,0,4136.0,4137.0,656.0,688.0,209.0,213.0
4117,582,203,0,4125.0,4136.0,616.0,656.0,201.0,209.0
4109,562,223,0,4117.0,4125.0,582.0,616.0,203.0,201.0
4102,551,259,0,4109.0,4117.0,562.0,582.0,223.0,203.0
4091,557,303,0,4102.0,4109.0,551.0,562.0,259.0,223.0
4081,570,356,0,4091.0,4102.0,557.0,551.0,303.0,259.0
4071,586,410,0,4081.0,4091.0,570.0,557.0,356.0,303.0
4048,608,459,0,4071.0,4081.0,586.0,570.0,410.0,356.0
4012,624,490,0,4048.0,4071.0,608.0,586.0,459.0,410.0
3965,642,506,0,4012.0,4048.0,624.0,608.0,490.0,459.0
3913,651,516,0,3965.0,4012.0,642.0,624.0,506.0,490.0
3858,660,535,0,3913.0,3965.0,651.0,642.0,516.0,506.0
3803,671,560,0,3858.0,3913.0,660.0,651.0,535.0,516.0
3742,698,578,0,3803.0,3858.0,671.0,660.0,560.0,535.0
3669,731,564,0,3742.0,3803.0,698.0,671.0,578.0,560.0
3586,774,516,0,3669.0,3742.0,731.0,698.0,564.0,578.0
3481,821,439,0,3586.0,3669.0,774.0,731.0,516.0,564.0
3369,872,341,0,3481.0,3586.0,821.0,774.0,439.0,516.0
3261,916,249,0,3369.0,3481.0,872.0,821.0,341.0,439.0
3163,942,193,0,3261.0,3369.0,916.0,872.0,249.0,341.0
3091,956,185,0,3163.0,3261.0,942.0,916.0,193.0,249.0
3057,950,234,0,3091.0,3163.0,956.0,942.0,185.0,193.0
3058,922,334,0,3057.0,3091.0,950.0,956.0,234.0,185.0
3088,875,469,0,3058.0,3057.0,922.0,950.0,334.0,234.0
3138,814,603,0,3088.0,3058.0,875.0,922.0,469.0,334.0
3196,737,706,0,3138.0,3088.0,814.0,875.0,603.0,469.0
3254,656,762,0,3196.0,3138.0,737.0,814.0,706.0,603.0
3306,577,765,0,3254.0,3196.0,656.0,737.0,762.0,706.0
3351,506,717,0,3306.0,3254.0,577.0,656.0,765.0,762.0
3392,452,632,0,3351.0,3306.0,506.0,577.0,717.0,765.0
3425,422,513,0,3392.0,3351.0,452.0,506.0,632.0,717.0
3463,412,367,0,3425.0,3392.0,422.0,452.0,513.0,632.0
3502,422,209,0,3463.0,3425.0,412.0,422.0,367.0,513.0
3547,450,49,0,3502.0,3463.0,422.0,412.0,209.0,367.0
3591,498,-115,0,3547.0,3502.0,450.0,422.0,49.0,209.0
3634,574,-271,0,3591.0,3547.0,498.0,450.0,-115.0,49.0
3690,659,-391,0,3634.0,3591.0,574.0,498.0,-271.0,-115.0
3771,747,-470,0,3690.0,3634.0,659.0,574.0,-391.0,-271.0
3880,843,-526,0,3771.0,3690.0,747.0,659.0,-470.0,-391.0
3991,942,-582,0,3880.0,3771.0,843.0,747.0,-526.0,-470.0
4101,1046,-646,0,3991.0,3880.0,942.0,843.0,-582.0,-526.0
4203,1168,-713,0,4101.0,3991.0,1046.0,942.0,-646.0,-582.0
4295,1326,-791,0,4203.0,4101.0,1168.0,1046.0,-713.0,-646.0
4368,1518,-887,0,4295.0,4203.0,1326.0,1168.0,-791.0,-713.0
4430,1739,-976,0,4368.0,4295.0,1518.0,1326.0,-887.0,-791.0
4482,1993,-1072,0,4430.0,4368.0,1739.0,1518.0,-976.0,-887.0
4533,2279,-1147,0,4482.0,4430.0,1993.0,1739.0,-1072.0,-976.0
4597,2587,-1180,0,4533.0,4482.0,2279.0,1993.0,-1147.0,-1072.0
4676,2894,-1173,0,4597.0,4533.0,2587.0,2279.0,-1180.0,-1147.0
4754,3185,-1128,0,4676.0,4597.0,2894.0,2587.0,-1173.0,-1180.0
4817,3442,-1069,0,4754.0,4676.0,3185.0,2894.0,-1128.0,-1173.0
4859,3647,-1005,0,4817.0,4754.0,3442.0,3185.0,-1069.0,-1128.0
4868,3770,-933,0,4859.0,4817.0,3647.0,3442.0,-1005.0,-1069.0
4848,3787,-858,0,4868.0,4859.0,3770.0,3647.0,-933.0,-1005.0
4784,3697,-800,0,4848.0,4868.0,3787.0,3770.0,-858.0,-933.0
4679,3529,-774,0,4784.0,4848.0,3697.0,3787.0,-800.0,-858.0
4549,3311,-762,0,4679.0,4784.0,3529.0,3697.0,-774.0,-800.0
4407,3081,-740,0,4549.0,4679.0,3311.0,3529.0,-762.0,-774.0
4262,2859,-691,0,4407.0,4549.0,3081.0,3311.0,-740.0,-762.0
4135,2661,-632,0,4262.0,4407.0,2859.0,3081.0,-691.0,-740.0
4034,2480,-574,0,4135.0,4262.0,2661.0,2859.0,-632.0,-691.0
3966,2321,-528,0,4034.0,4135.0,2480.0,2661.0,-574.0,-632.0
3935,2190,-484,0,3966.0,4034.0,2321.0,2480.0,-528.0,-574.0
3943,2099,-436,0,3935.0,3966.0,2190.0,2321.0,-484.0,-528.0
3990,2058,-378,0,3943.0,3935.0,2099.0,2190.0,-436.0,-484.0
4059,2057,-306,0,3990.0,3943.0,2058.0,2099.0,-378.0,-436.0
4159,2099,-230,0,4059.0,3990.0,2057.0,2058.0,-306.0,-378.0
4290,2159,-158,0,4159.0,4059.0,2099.0,2057.0,-230.0,-306.0
4445,2221,-95,0,4290.0,4159.0,2159.0,2099.0,-158.0,-230.0
4611,2271,-47,0,4445.0,4290.0,2221.0,2159.0,-95.0,-158.0
4773,2311,-12,0,4611.0,4445.0,2271.0,2221.0,-47.0,-95.0
4920,2335,29,0,4773.0,4611.0,2311.0,2271.0,-12.0,-47.0
5043,2349,64,0,4920.0,4773.0,2335.0,2311.0,29.0,-12.0
5129,2356,102,0,5043.0,4920.0,2349.0,2335.0,64.0,29.0
5176,2346,137,0,5129.0,5043.0,2356.0,2349.0,102.0,64.0
5195,2309,186,0,5176.0,5129.0,2346.0,2356.0,137.0,102.0
5176,2249,226,0,5195.0,5176.0,2309.0,2346.0,186.0,137.0
5114,2173,245,0,5176.0,5195.0,2249.0,2309.0,226.0,186.0
5034,2081,235,0,5114.0,5176.0,2173.0,2249.0,245.0,226.0
4948,1978,189,0,5034.0,5114.0,2081.0,2173.0,235.0,245.0
4865,1865,120,0,4948.0,5034.0,1978.0,2081.0,189.0,235.0
4792,1756,57,0,4865.0,4948.0,1865.0,1978.0,120.0,189.0
4734,1648,-1,0,4792.0,4865.0,1756.0,1865.0,57.0,120.0
4685,1540,-56,0,4734.0,4792.0,1648.0,1756.0,-1.0,57.0
4636,1430,-103,0,4685.0,4734.0,1540.0,1648.0,-56.0,-1.0
4581,1317,-137,0,4636.0,4685.0,1430.0,1540.0,-103.0,-56.0
4520,1212,-165,0,4581.0,4636.0,1317.0,1430.0,-137.0,-103.0
4447,1112,-183,0,4520.0,4581.0,1212.0,1317.0,-165.0,-137.0
4365,1025,-202,0,4447.0,4520.0,1112.0,1212.0,-183.0,-165.0
4273,954,-214,0,4365.0,4447.0,1025.0,1112.0,-202.0,-183.0
4171,885,-219,0,4273.0,4365.0,954.0,1025.0,-214.0,-202.0
4060,826,-209,0,4171.0,4273.0,885.0,954.0,-219.0,-214.0
3940,779,-196,0,4060.0,4171.0,826.0,885.0,-209.0,-219.0
3814,749,-171,0,3940.0,4060.0,779.0,826.0,-196.0,-209.0
3683,732,-157,0,3814.0,3940.0,749.0,779.0,-171.0,-196.0
3550,734,-134,0,3683.0,3814.0,732.0,749.0,-157.0,-171.0
3411,749,-110,0,3550.0,3683.0,734.0,732.0,-134.0,-157.0
3277,779,-90,0,3411.0,3550.0,749.0,734.0,-110.0,-134.0
3147,819,-61,0,3277.0,3411.0,779.0,749.0,-90.0,-110.0
3034,866,-34,0,3147.0,3277.0,819.0,779.0,-61.0,-90.0
2933,915,-7,0,3034.0,3147.0,866.0,819.0,-34.0,-61.0
2847,967,28,0,2933.0,3034.0,915.0,866.0,-7.0,-34.0
2774,1016,68,0,2847.0,2933.0,967.0,915.0,28.0,-7.0
2720,1063,114,0,2774.0,2847.0,1016.0,967.0,68.0,28.0
2679,1111,162,0,2720.0,2774.0,1063.0,1016.0,114.0,68.0
2651,1164,208,0,2679.0,2720.0,1111.0,1063.0,162.0,114.0
2632,1223,249,0,2651.0,2679.0,1164.0,1111.0,208.0,162.0
2624,1290,285,0,2632.0,2651.0,1223.0,1164.0,249.0,208.0
2625,1360,317,0,2624.0,2632.0,1290.0,1223.0,285.0,249.0
2644,1438,349,0,2625.0,2624.0,1360.0,1290.0,317.0,285.0
2670,1520,386,0,2644.0,2625.0,1438.0,1360.0,349.0,317.0
2702,1614,423,0,2670.0,2644.0,1520.0,1438.0,386.0,349.0
2745,1706,466,0,2702.0,2670.0,1614.0,1520.0,423.0,386.0
2798,1798,512,0,2745.0,2702.0,1706.0,1614.0,466.0,423.0
2856,1888,557,0,2798.0,2745.0,1798.0,1706.0,512.0,466.0
2922,1966,602,0,2856.0,2798.0,1888.0,1798.0,557.0,512.0
2994,2030,642,0,2922.0,2856.0,1966.0,1888.0,602.0,557.0
3063,2080,680,0,2994.0,2922.0,2030.0,1966.0,642.0,602.0
3135,2119,710,0,3063.0,2994.0,2080.0,2030.0,680.0,642.0
3207,2128,735,0,3135.0,3063.0,2119.0,2080.0,710.0,680.0
3279,2120,746,0,3207.0,3135.0,2128.0,2119.0,735.0,710.0
3344,2094,744,0,3279.0,3207.0,2120.0,2128.0,746.0,735.0
3410,2052,732,0,3344.0,3279.0,2094.0,2120.0,744.0,746.0
3460,1999,712,0,3410.0,3344.0,2052.0,2094.0,732.0,744.0
3492,1940,684,0,3460.0,3410.0,1999.0,2052.0,712.0,732.0
3503,1872,641,0,3492.0,3460.0,1940.0,1999.0,684.0,712.0
3489,1805,598,0,3503.0,3492.0,1872.0,1940.0,641.0,684.0
3467,1740,567,0,3489.0,3503.0,1805.0,1872.0,598.0,641.0
3447,1675,546,0,3467.0,3489.0,1740.0,1805.0,567.0,598.0
3441,1599,528,0,3447.0,3467.0,1675.0,1740.0,546.0,567.0
3451,1512,513,0,3441.0,3447.0,1599.0,1675.0,528.0,546.0
3475,1429,504,0,3451.0,3441.0,1512.0,1599.0,513.0,528.0
3507,1347,495,0,3475.0,3451.0,1429.0,1512.0,504.0,513.0
3547,1270,490,0,3507.0,3475.0,1347.0,1429.0,495.0,504.0
3598,1199,484,0,3547.0,3507.0,1270.0,1347.0,490.0,495.0
3653,1139,485,0,3598.0,3547.0,1199.0,1270.0,484.0,490.0
3701,1082,490,0,3653.0,3598.0,1139.0,1199.0,485.0,484.0
3742,1039,488,0,3701.0,3653.0,1082.0,1139.0,490.0,485.0
3767,1007,475,0,3742.0,3701.0,1039.0,1082.0,488.0,490.0
3764,975,443,0,3767.0,3742.0,1007.0,1039.0,475.0,488.0
3745,946,397,0,3764.0,3767.0,975.0,1007.0,443.0,475.0
3707,916,344,0,3745.0,3764.0,946.0,975.0,397.0,443.0
3661,885,301,0,3707.0,3745.0,916.0,946.0,344.0,397.0
3605,856,273,0,3661.0,3707.0,885.0,916.0,301.0,344.0
3545,829,261,0,3605.0,3661.0,856.0,885.0,273.0,301.0
3479,801,254,0,3545.0,3605.0,829.0,856.0,261.0,273.0
3418,783,254,0,3479.0,3545.0,801.0,829.0,254.0,261.0
3351,772,262,0,3418.0,3479.0,783.0,801.0,254.0,254.0
3280,772,276,0,3351.0,3418.0,772.0,783.0,262.0,254.0
3213,769,299,0,3280.0,3351.0,772.0,772.0,276.0,262.0
3151,766,323,0,3213.0,3280.0,769.0,772.0,299.0,276.0
3096,758,354,0,3151.0,3213.0,766.0,769.0,323.0,299.0
3037,757,372,0,3096.0,3151.0,758.0,766.0,354.0,323.0
2973,754,376,0,3037.0,3096.0,757.0,758.0,372.0,354.0
2912,750,378,0,2973.0,3037.0,754.0,757.0,376.0,372.0
2856,742,386,0,2912.0,2973.0,750.0,754.0,378.0,376.0
2816,731,409,0,2856.0,2912.0,742.0,750.0,386.0,378.0
2794,713,456,0,2816.0,2856.0,731.0,742.0,409.0,386.0
2783,693,513,0,2794.0,2816.0,713.0,731.0,456.0,409.0
2775,674,564,0,2783.0,2794.0,693.0,713.0,513.0,456.0
2769,667,603,0,2775.0,2783.0,674.0,693.0,564.0,513.0
2764,666,628,0,2769.0,2775.0,667.0,674.0,603.0,564.0
2757,673,646,0,2764.0,2769.0,666.0,667.0,628.0,603.0
2748,687,659,0,2757.0,2764.0,673.0,666.0,646.0,628.0
2747,703,676,0,2748.0,2757.0,687.0,673.0,659.0,646.0
2753,735,693,0,2747.0,2748.0,703.0,687.0,676.0,659.0
2771,769,705,0,2753.0,2747.0,735.0,703.0,693.0,676.0
2794,804,716,0,2771.0,2753.0,769.0,735.0,705.0,693.0
2835,841,738,0,2794.0,2771.0,804.0,769.0,716.0,705.0
2892,869,773,0,2835.0,2794.0,841.0,804.0,738.0,716.0
2968,890,831,0,2892.0,2835.0,869.0,841.0,773.0,738.0
3065,900,900,0,2968.0,2892.0,890.0,869.0,831.0,773.0
3169,904,958,0,3065.0,2968.0,900.0,890.0,900.0,831.0
3259,916,980,0,3169.0,3065.0,904.0,900.0,958.0,900.0
3328,947,957,0,3259.0,3169.0,916.0,904.0,980.0,958.0
3377,988,892,0,3328.0,3259.0,947.0,916.0,957.0,980.0
3414,1037,813,0,3377.0,3328.0,988.0,947.0,892.0,957.0
3444,1092,743,0,3414.0,3377.0,1037.0,988.0,813.0,892.0
3498,1139,705,0,3444.0,3414.0,1092.0,1037.0,743.0,813.0
3605,1168,748,0,3498.0,3444.0,1139.0,1092.0,705.0,743.0
3750,1179,835,0,3605.0,3498.0,1168.0,1139.0,748.0,705.0
3877,1191,882,0,3750.0,3605.0,1179.0,1168.0,835.0,748.0
3942,1219,829,0,3877.0,3750.0,1191.0,1179.0,882.0,835.0
3945,1257,693,0,3942.0,3877.0,1219.0,1191.0,829.0,882.0
3928,1265,552,0,3945.0,3942.0,1257.0,1219.0,693.0,829.0
3918,1219,441,0,3928.0,3945.0,1265.0,1257.0,552.0,693.0
3930,1123,361,0,3918.0,3928.0,1219.0,1265.0,441.0,552.0
3955,990,304,0,3930.0,3918.0,1123.0,1219.0,361.0,441.0
3994,839,263,0,3955.0,3930.0,990.0,1123.0,304.0,361.0
4041,692,252,0,3994.0,3955.0,839.0,990.0,263.0,304.0
4079,559,274,0,4041.0,3994.0,692.0,839.0,252.0,263.0
4131,451,312,0,4079.0,4041.0,559.0,692.0,274.0,252.0
4184,374,366,0,4131.0,4079.0,451.0,559.0,312.0,274.0
4236,327,430,0,4184.0,4131.0,374.0,451.0,366.0,312.0
4287,317,494,0,4236.0,4184.0,327.0,374.0,430.0,366.0
4324,335,560,0,4287.0,4236.0,317.0,327.0,494.0,430.0
4344,384,613,0,4324.0,4287.0,335.0,317.0,560.0,494.0
4339,471,651,0,4344.0,4324.0,384.0,335.0,613.0,560.0
4318,584,679,0,4339.0,4344.0,471.0,384.0,651.0,613.0
4274,728,702,0,4318.0,4339.0,584.0,471.0,679.0,651.0
4207,899,720,0,4274.0,4318.0,728.0,584.0,702.0,679.0
4130,1073,733,0,4207.0,4274.0,899.0,728.0,720.0,702.0
4051,1224,749,0,4130.0,4207.0,1073.0,899.0,733.0,720.0
3975,1344,789,0,4051.0,4130.0,1224.0,1073.0,749.0,733.0
3906,1421,849,0,3975.0,4051.0,1344.0,1224.0,789.0,749.0
3835,1446,909,0,3906.0,3975.0,1421.0,1344.0,849.0,789.0
3765,1436,954,0,3835.0,3906.0,1446.0,1421.0,909.0,849.0
3687,1395,975,0,3765.0,3835.0,1436.0,1446.0,954.0,909.0
3599,1342,966,0,3687.0,3765.0,1395.0,1436.0,975.0,954.0
3511,1265,917,0,3599.0,3687.0,1342.0,1395.0,966.0,975.0
3434,1156,857,0,3511.0,3599.0,1265.0,1342.0,917.0,966.0
3378,1017,817,0,3434.0,3511.0,1156.0,1265.0,857.0,917.0
3342,866,795,0,3378.0,3434.0,1017.0,1156.0,817.0,857.0
3316,724,779,0,3342.0,3378.0,866.0,1017.0,795.0,817.0
3288,623,747,0,3316.0,3342.0,724.0,866.0,779.0,795.0
3268,570,709,0,3288.0,3316.0,623.0,724.0,747.0,779.0
3248,561,666,0,3268.0,3288.0,570.0,623.0,709.0,747.0
3245,593,628,0,3248.0,3268.0,561.0,570.0,666.0,709.0
3270,656,617,0,3245.0,3248.0,593.0,561.0,628.0,666.0
3315,751,640,0,3270.0,3245.0,656.0,593.0,617.0,628.0
3367,882,640,0,3315.0,3270.0,751.0,656.0,640.0,617.0
3411,1018,569,0,3367.0,3315.0,882.0,751.0,640.0,640.0
3464,1138,484,0,3411.0,3367.0,1018.0,882.0,569.0,640.0
3575,1215,464,0,3464.0,3411.0,1138.0,1018.0,484.0,569.0
3739,1263,514,0,3575.0,3464.0,1215.0,1138.0,464.0,484.0
3908,1324,518,0,3739.0,3575.0,1263.0,1215.0,514.0,464.0
4064,1412,432,0,3908.0,3739.0,1324.0,1263.0,518.0,514.0
4149,1552,181,0,4064.0,3908.0,1412.0,1324.0,432.0,518.0
4202,1704,-149,0,4149.0,4064.0,1552.0,1412.0,181.0,432.0
4300,1839,-380,0,4202.0,4149.0,1704.0,1552.0,-149.0,181.0
4459,1958,-499,0,4300.0,4202.0,1839.0,1704.0,-380.0,-149.0
4663,2053,-587,0,4459.0,4300.0,1958.0,1839.0,-499.0,-380.0
4902,2114,-696,0,4663.0,4459.0,2053.0,1958.0,-587.0,-499.0
5147,2133,-827,0,4902.0,4663.0,2114.0,2053.0,-696.0,-587.0
5392,2109,-937,0,5147.0,4902.0,2133.0,2114.0,-827.0,-696.0
5624,2047,-1018,0,5392.0,5147.0,2109.0,2133.0,-937.0,-827.0
5835,1984,-1075,0,5624.0,5392.0,2047.0,2109.0,-1018.0,-937.0
6011,1926,-1105,0,5835.0,5624.0,1984.0,2047.0,-1075.0,-1018.0
6136,1887,-1137,0,6011.0,5835.0,1926.0,1984.0,-1105.0,-1075.0
6182,1879,-1207,0,6136.0,6011.0,1887.0,1926.0,-1137.0,-1105.0
6151,1908,-1309,0,6182.0,6136.0,1879.0,1887.0,-1207.0,-1137.0
6065,1987,-1411,0,6151.0,6182.0,1908.0,1879.0,-1309.0,-1207.0
5948,2106,-1521,0,6065.0,6151.0,1987.0,1908.0,-1411.0,-1309.0
5848,2240,-1632,0,5948.0,6065.0,2106.0,1987.0,-1521.0,-1411.0
5798,2382,-1743,0,5848.0,5948.0,2240.0,2106.0,-1632.0,-1521.0
5811,2523,-1824,0,5798.0,5848.0,2382.0,2240.0,-1743.0,-1632.0
5893,2648,-1840,0,5811.0,5798.0,2523.0,2382.0,-1824.0,-1743.0
6034,2722,-1777,0,5893.0,5811.0,2648.0,2523.0,-1840.0,-1824.0
6215,2721,-1637,0,6034.0,5893.0,2722.0,2648.0,-1777.0,-1840.0
6384,2650,-1475,0,6215.0,6034.0,2721.0,2722.0,-1637.0,-1777.0
6484,2478,-1316,0,6384.0,6215.0,2650.0,2721.0,-1475.0,-1637.0
6475,2210,-1166,0,6484.0,6384.0,2478.0,2650.0,-1316.0,-1475.0
6356,1851,-1020,0,6475.0,6484.0,2210.0,2478.0,-1166.0,-1316.0
6099,1478,-903,0,6356.0,6475.0,1851.0,2210.0,-1020.0,-1166.0
5733,1126,-840,0,6099.0,6356.0,1478.0,1851.0,-903.0,-1020.0
5301,816,-812,0,5733.0,6099.0,1126.0,1478.0,-840.0,-903.0
4840,572,-804,0,5301.0,5733.0,816.0,1126.0,-812.0,-840.0
4409,414,-778,0,4840.0,5301.0,572.0,816.0,-804.0,-812.0
4009,356,-725,0,4409.0,4840.0,414.0,572.0,-778.0,-804.0
3653,371,-646,0,4009.0,4409.0,356.0,414.0,-725.0,-778.0
3353,445,-551,0,3653.0,4009.0,371.0,356.0,-646.0,-725.0
3105,543,-445,0,3353.0,3653.0,445.0,371.0,-551.0,-646.0
2901,651,-353,0,3105.0,3353.0,543.0,445.0,-445.0,-551.0
2731,757,-273,0,2901.0,3105.0,651.0,543.0,-353.0,-445.0
2590,867,-197,0,2731.0,2901.0,757.0,651.0,-273.0,-353.0
2464,969,-132,0,2590.0,2731.0,867.0,757.0,-197.0,-273.0
2347,1062,-75,0,2464.0,2590.0,969.0,867.0,-132.0,-197.0
2246,1145,-21,0,2347.0,2464.0,1062.0,969.0,-75.0,-132.0
2162,1214,40,0,2246.0,2347.0,1145.0,1062.0,-21.0,-75.0
2095,1259,104,0,2162.0,2246.0,1214.0,1145.0,40.0,-21.0
2043,1271,157,0,2095.0,2162.0,1259.0,1214.0,104.0,40.0
1999,1262,167,0,2043.0,2095.0,1271.0,1259.0,157.0,104.0
1971,1226,119,0,1999.0,2043.0,1262.0,1271.0,167.0,157.0
1975,1157,37,0,1971.0,1999.0,1226.0,1262.0,119.0,167.0
2020,1060,-69,0,1975.0,1971.0,1157.0,1226.0,37.0,119.0
2115,950,-170,0,2020.0,1975.0,1060.0,1157.0,-69.0,37.0
2244,862,-260,0,2115.0,2020.0,950.0,1060.0,-170.0,-69.0
2396,808,-341,0,2244.0,2115.0,862.0,950.0,-260.0,-170.0
2566,798,-409,0,2396.0,2244.0,808.0,862.0,-341.0,-260.0
2754,821,-447,0,2566.0,2396.0,798.0,808.0,-409.0,-341.0
3018,925,-350,0,2754.0,2566.0,821.0,798.0,-447.0,-409.0
3291,1089,-210,0,3018.0,2754.0,925.0,821.0,-350.0,-447.0
3560,1264,-127,0,3291.0,3018.0,1089.0,925.0,-210.0,-350.0
3804,1419,-147,0,3560.0,3291.0,1264.0,1089.0,-127.0,-210.0
4025,1526,-233,0,3804.0,3560.0,1419.0,1264.0,-147.0,-127.0
4241,1590,-335,0,4025.0,3804.0,1526.0,1419.0,-233.0,-147.0
4451,1625,-431,0,4241.0,4025.0,1590.0,1526.0,-335.0,-233.0
4654,1637,-515,0,4451.0,4241.0,1625.0,1590.0,-431.0,-335.0
4851,1640,-587,0,4654.0,4451.0,1637.0,1625.0,-515.0,-431.0
5026,1640,-663,0,4851.0,4654.0,1640.0,1637.0,-587.0,-515.0
5161,1633,-764,0,5026.0,4851.0,1640.0,1640.0,-663.0,-587.0
5250,1627,-886,0,5161.0,5026.0,1633.0,1640.0,-764.0,-663.0
5299,1623,-1000,0,5250.0,5161.0,1627.0,1633.0,-886.0,-764.0
5293,1610,-1079,0,5299.0,5250.0,1623.0,1627.0,-1000.0,-886.0
5230,1575,-1130,0,5293.0,5299.0,1610.0,1623.0,-1079.0,-1000.0
5123,1510,-1123,0,5230.0,5293.0,1575.0,1610.0,-1130.0,-1079.0
4991,1433,-1036,0,5123.0,5230.0,1510.0,1575.0,-1123.0,-1130.0
4846,1350,-875,0,4991.0,5123.0,1433.0,1510.0,-1036.0,-1123.0
4695,1259,-685,0,4846.0,4991.0,1350.0,1433.0,-875.0,-1036.0
4519,1164,-519,0,4695.0,4846.0,1259.0,1350.0,-685.0,-875.0
4316,1060,-405,0,4519.0,4695.0,1164.0,1259.0,-519.0,-685.0
4094,958,-343,0,4316.0,4519.0,1060.0,1164.0,-405.0,-519.0
3849,856,-318,0,4094.0,4316.0,958.0,1060.0,-343.0,-405.0
3603,759,-314,0,3849.0,4094.0,856.0,958.0,-318.0,-343.0
3368,676,-305,0,3603.0,3849.0,759.0,856.0,-314.0,-318.0
3162,620,-276,0,3368.0,3603.0,676.0,759.0,-305.0,-314.0
2989,587,-228,0,3162.0,3368.0,620.0,676.0,-276.0,-305.0
2830,580,-170,0,2989.0,3162.0,587.0,620.0,-228.0,-276.0
2689,587,-106,0,2830.0,2989.0,580.0,587.0,-170.0,-228.0
2568,593,-52,0,2689.0,2830.0,587.0,580.0,-106.0,-170.0
2476,594,-11,0,2568.0,2689.0,593.0,587.0,-52.0,-106.0
2409,587,21,0,2476.0,2568.0,594.0,593.0,-11.0,-52.0
2365,569,38,0,2409.0,2476.0,587.0,594.0,21.0,-11.0
2355,541,41,0,2365.0,2409.0,569.0,587.0,38.0,21.0
2399,512,53,0,2355.0,2365.0,541.0,569.0,41.0,38.0
2487,497,85,0,2399.0,2355.0,512.0,541.0,53.0,41.0
2601,503,113,0,2487.0,2399.0,497.0,512.0,85.0,53.0
2733,525,128,0,2601.0,2487.0,503.0,497.0,113.0,85.0
2868,564,114,0,2733.0,2601.0,525.0,503.0,128.0,113.0
2990,616,86,0,2868.0,2733.0,564.0,525.0,114.0,128.0
3105,675,55,0,2990.0,2868.0,616.0,564.0,86.0,114.0
3209,731,7,0,3105.0,2990.0,675.0,616.0,55.0,86.0
3298,780,-58,0,3209.0,3105.0,731.0,675.0,7.0,55.0
3383,818,-127,0,3298.0,3209.0,780.0,731.0,-58.0,7.0
3474,843,-181,0,3383.0,3298.0,818.0,780.0,-127.0,-58.0
3580,857,-206,0,3474.0,3383.0,843.0,818.0,-181.0,-127.0
3712,868,-198,0,3580.0,3474.0,857.0,843.0,-206.0,-181.0
3852,873,-174,0,3712.0,3580.0,868.0,857.0,-198.0,-206.0
3980,874,-144,0,3852.0,3712.0,873.0,868.0,-174.0,-198.0
4097,882,-113,0,3980.0,3852.0,874.0,873.0,-144.0,-174.0
4199,896,-88,0,4097.0,3980.0,882.0,874.0,-113.0,-144.0
4277,917,-64,0,4199.0,4097.0,896.0,882.0,-88.0,-113.0
4333,936,-47,0,4277.0,4199.0,917.0,896.0,-64.0,-88.0
4372,940,-31,0,4333.0,4277.0,936.0,917.0,-47.0,-64.0
4380,924,-6,0,4372.0,4333.0,940.0,936.0,-31.0,-47.0
4355,896,34,0,4380.0,4372.0,924.0,940.0,-6.0,-31.0
4304,863,87,0,4355.0,4380.0,896.0,924.0,34.0,-6.0
4228,839,141,0,4304.0,4355.0,863.0,896.0,87.0,34.0
4143,812,183,0,4228.0,4304.0,839.0,863.0,141.0,87.0
4041,785,197,0,4143.0,4228.0,812.0,839.0,183.0,141.0
3928,763,185,0,4041.0,4143.0,785.0,812.0,197.0,183.0
3813,749,154,0,3928.0,4041.0,763.0,785.0,185.0,197.0
3709,739,126,0,3813.0,3928.0,749.0,763.0,154.0,185.0
3626,736,102,0,3709.0,3813.0,739.0,749.0,126.0,154.0
3559,737,78,0,3626.0,3709.0,736.0,739.0,102.0,126.0
3494,716,47,0,3559.0,3626.0,737.0,736.0,78.0,102.0
3427,678,-11,0,3494.0,3559.0,716.0,737.0,47.0,78.0
3353,619,-99,0,3427.0,3494.0,678.0,716.0,-11.0,47.0
3290,546,-184,0,3353.0,3427.0,619.0,678.0,-99.0,-11.0
3268,475,-218,0,3290.0,3353.0,546.0,619.0,-184.0,-99.0
3294,415,-196,0,3268.0,3290.0,475.0,546.0,-218.0,-184.0
3363,371,-130,0,3294.0,3268.0,415.0,475.0,-196.0,-218.0
3449,348,-50,0,3363.0,3294.0,371.0,415.0,-130.0,-196.0
3536,363,13,0,3449.0,3363.0,348.0,371.0,-50.0,-130.0
3610,400,60,0,3536.0,3449.0,363.0,348.0,13.0,-50.0
3681,447,96,0,3610.0,3536.0,400.0,363.0,60.0,13.0
3743,499,123,0,3681.0,3610.0,447.0,400.0,96.0,60.0
3803,545,152,0,3743.0,3681.0,499.0,447.0,123.0,96.0
3840,602,157,0,3803.0,3743.0,545.0,499.0,152.0,123.0
3862,662,145,0,3840.0,3803.0,602.0,545.0,157.0,152.0
3878,718,114,0,3862.0,3840.0,662.0,602.0,145.0,157.0
3887,780,92,0,3878.0,3862.0,718.0,662.0,114.0,145.0
3888,835,73,0,3887.0,3878.0,780.0,718.0,92.0,114.0
3884,893,54,0,3888.0,3887.0,835.0,780.0,73.0,92.0
3863,947,33,0,3884.0,3888.0,893.0,835.0,54.0,73.0
3816,1003,7,0,3863.0,3884.0,947.0,893.0,33.0,54.0
3756,1051,-12,0,3816.0,3863.0,1003.0,947.0,7.0,33.0
3695,1094,-4,0,3756.0,3816.0,1051.0,1003.0,-12.0,7.0
3647,1128,52,0,3695.0,3756.0,1094.0,1051.0,-4.0,-12.0
3627,1147,144,0,3647.0,3695.0,1128.0,1094.0,52.0,-4.0
3619,1158,255,0,3627.0,3647.0,1147.0,1128.0,144.0,52.0
3602,1167,340,0,3619.0,3627.0,1158.0,1147.0,255.0,144.0
3557,1172,374,0,3602.0,3619.0,1167.0,1158.0,340.0,255.0
3501,1167,370,0,3557.0,3602.0,1172.0,1167.0,374.0,340.0
3441,1166,325,0,3501.0,3557.0,1167.0,1172.0,370.0,374.0
3389,1159,267,0,3441.0,3501.0,1166.0,1167.0,325.0,370.0
3357,1151,208,0,3389.0,3441.0,1159.0,1166.0,267.0,325.0
3355,1131,155,0,3357.0,3389.0,1151.0,1159.0,208.0,267.0
3398,1112,147,0,3355.0,3357.0,1131.0,1151.0,155.0,208.0
3479,1093,183,0,3398.0,3355.0,1112.0,1131.0,147.0,155.0
3586,1062,224,0,3479.0,3398.0,1093.0,1112.0,183.0,147.0
3695,1019,247,0,3586.0,3479.0,1062.0,1093.0,224.0,183.0
3792,976,240,0,3695.0,3586.0,1019.0,1062.0,247.0,224.0
3896,928,242,0,3792.0,3695.0,976.0,1019.0,240.0,247.0
4001,869,275,0,3896.0,3792.0,928.0,976.0,242.0,240.0
4109,811,316,0,4001.0,3896.0,869.0,928.0,275.0,242.0
4202,759,340,0,4109.0,4001.0,811.0,869.0,316.0,275.0
4275,710,329,0,4202.0,4109.0,759.0,811.0,340.0,316.0
4316,665,304,0,4275.0,4202.0,710.0,759.0,329.0,340.0
4303,635,246,0,4316.0,4275.0,665.0,710.0,304.0,329.0
4237,635,133,0,4303.0,4316.0,635.0,665.0,246.0,304.0
4149,653,-10,0,4237.0,4303.0,635.0,635.0,133.0,246.0
4064,677,-154,0,4149.0,4237.0,653.0,635.0,-10.0,133.0
4000,715,-265,0,4064.0,4149.0,677.0,653.0,-154.0,-10.0
3951,803,-329,0,4000.0,4064.0,715.0,677.0,-265.0,-154.0
3920,956,-364,0,3951.0,4000.0,803.0,715.0,-329.0,-265.0
3916,1152,-396,0,3920.0,3951.0,956.0,803.0,-364.0,-329.0
3931,1373,-442,0,3916.0,3920.0,1152.0,956.0,-396.0,-364.0
3952,1610,-506,0,3931.0,3916.0,1373.0,1152.0,-442.0,-396.0
3975,1865,-586,0,3952.0,3931.0,1610.0,1373.0,-506.0,-442.0
3995,2137,-667,0,3975.0,3952.0,1865.0,1610.0,-586.0,-506.0
4016,2435,-744,0,3995.0,3975.0,2137.0,1865.0,-667.0,-586.0
4049,2742,-804,0,4016.0,3995.0,2435.0,2137.0,-744.0,-667.0
4105,3044,-821,0,4049.0,4016.0,2742.0,2435.0,-804.0,-744.0
4185,3317,-798,0,4105.0,4049.0,3044.0,2742.0,-821.0,-804.0
4273,3545,-740,0,4185.0,4105.0,3317.0,3044.0,-798.0,-821.0
4367,3699,-667,0,4273.0,4185.0,3545.0,3317.0,-740.0,-798.0
4450,3765,-592,0,4367.0,4273.0,3699.0,3545.0,-667.0,-740.0
4512,3730,-527,0,4450.0,4367.0,3765.0,3699.0,-592.0,-667.0
4549,3591,-485,0,4512.0,4450.0,3730.0,3765.0,-527.0,-592.0
4560,3374,-458,0,4549.0,4512.0,3591.0,3730.0,-485.0,-527.0
4541,3114,-442,0,4560.0,4549.0,3374.0,3591.0,-458.0,-485.0
4501,2835,-441,0,4541.0,4560.0,3114.0,3374.0,-442.0,-458.0
4444,2552,-438,0,4501.0,4541.0,2835.0,3114.0,-441.0,-442.0
4385,2273,-420,0,4444.0,4501.0,2552.0,2835.0,-438.0,-441.0
4330,2004,-390,0,4385.0,4444.0,2273.0,2552.0,-420.0,-438.0
4296,1761,-350,0,4330.0,4385.0,2004.0,2273.0,-390.0,-420.0
4273,1536,-302,0,4296.0,4330.0,1761.0,2004.0,-350.0,-390.0
4270,1345,-265,0,4273.0,4296.0,1536.0,1761.0,-302.0,-350.0
4280,1194,-239,0,4270.0,4273.0,1345.0,1536.0,-265.0,-302.0
4304,1099,-205,0,4280.0,4270.0,1194.0,1345.0,-239.0,-265.0
4342,1059,-141,0,4304.0,4280.0,1099.0,1194.0,-205.0,-239.0
4400,1081,-55,0,4342.0,4304.0,1059.0,1099.0,-141.0,-205.0
4477,1150,40,0,4400.0,4342.0,1081.0,1059.0,-55.0,-141.0
4572,1247,127,0,4477.0,4400.0,1150.0,1081.0,40.0,-55.0
4673,1360,190,0,4572.0,4477.0,1247.0,1150.0,127.0,40.0
4769,1478,229,0,4673.0,4572.0,1360.0,1247.0,190.0,127.0
4850,1603,241,0,4769.0,4673.0,1478.0,1360.0,229.0,190.0
4903,1735,237,0,4850.0,4769.0,1603.0,1478.0,241.0,229.0
4915,1869,221,0,4903.0,4850.0,1735.0,1603.0,237.0,241.0
4895,2002,202,0,4915.0,4903.0,1869.0,1735.0,221.0,237.0
4843,2128,188,0,4895.0,4915.0,2002.0,1869.0,202.0,221.0
4764,2216,184,0,4843.0,4895.0,2128.0,2002.0,188.0,202.0
4667,2258,184,0,4764.0,4843.0,2216.0,2128.0,184.0,188.0
4566,2245,167,0,4667.0,4764.0,2258.0,2216.0,184.0,184.0
4484,2182,137,0,4566.0,4667.0,2245.0,2258.0,167.0,184.0
4409,2081,110,0,4484.0,4566.0,2182.0,2245.0,137.0,167.0
4351,1970,85,0,4409.0,4484.0,2081.0,2182.0,110.0,137.0
4297,1857,68,0,4351.0,4409.0,1970.0,2081.0,85.0,110.0
4249,1751,57,0,4297.0,4351.0,1857.0,1970.0,68.0,85.0
4204,1661,46,0,4249.0,4297.0,1751.0,1857.0,57.0,68.0
4161,1580,45,0,4204.0,4249.0,1661.0,1751.0,46.0,57.0
4117,1510,44,0,4161.0,4204.0,1580.0,1661.0,45.0,46.0
4066,1450,35,0,4117.0,4161.0,1510.0,1580.0,44.0,45.0
4007,1409,26,0,4066.0,4117.0,1450.0,1510.0,35.0,44.0
3947,1372,15,0,4007.0,4066.0,1409.0,1450.0,26.0,35.0
3878,1350,1,0,3947.0,4007.0,1372.0,1409.0,15.0,26.0
3809,1337,-13,0,3878.0,3947.0,1350.0,1372.0,1.0,15.0
3744,1325,-22,0,3809.0,3878.0,1337.0,1350.0,-13.0,1.0
3671,1311,-24,0,3744.0,3809.0,1325.0,1337.0,-22.0,-13.0
3603,1285,-26,0,3671.0,3744.0,1311.0,1325.0,-24.0,-22.0
3536,1254,-17,0,3603.0,3671.0,1285.0,1311.0,-26.0,-24.0
3474,1218,-1,0,3536.0,3603.0,1254.0,1285.0,-17.0,-26.0
3419,1179,30,0,3474.0,3536.0,1218.0,1254.0,-1.0,-17.0
3355,1150,69,0,3419.0,3474.0,1179.0,1218.0,30.0,-1.0
3290,1135,119,0,3355.0,3419.0,1150.0,1179.0,69.0,30.0
3219,1119,175,0,3290.0,3355.0,1135.0,1150.0,119.0,69.0
3138,1117,239,0,3219.0,3290.0,1119.0,1135.0,175.0,119.0
3053,1118,309,0,3138.0,3219.0,1117.0,1119.0,239.0,175.0
2964,1124,380,0,3053.0,3138.0,1118.0,1117.0,309.0,239.0
2879,1119,454,0,2964.0,3053.0,1124.0,1118.0,380.0,309.0
2801,1112,533,0,2879.0,2964.0,1119.0,1124.0,454.0,380.0
2738,1107,606,0,2801.0,2879.0,1112.0,1119.0,533.0,454.0
2682,1098,659,0,2738.0,2801.0,1107.0,1112.0,606.0,533.0
2643,1090,688,0,2682.0,2738.0,1098.0,1107.0,659.0,606.0
2627,1090,700,0,2643.0,2682.0,1090.0,1098.0,688.0,659.0
2639,1098,706,0,2627.0,2643.0,1090.0,1090.0,700.0,688.0
2674,1127,716,0,2639.0,2627.0,1098.0,1090.0,706.0,700.0
2736,1178,732,0,2674.0,2639.0,1127.0,1098.0,716.0,706.0
2831,1245,755,0,2736.0,2674.0,1178.0,1127.0,732.0,716.0
2942,1322,787,0,2831.0,2736.0,1245.0,1178.0,755.0,732.0
3063,1403,818,0,2942.0,2831.0,1322.0,1245.0,787.0,755.0
3193,1470,832,0,3063.0,2942.0,1403.0,1322.0,818.0,787.0
3319,1526,835,0,3193.0,3063.0,1470.0,1403.0,832.0,818.0
3433,1568,825,0,3319.0,3193.0,1526.0,1470.0,835.0,832.0
3531,1592,802,0,3433.0,3319.0,1568.0,1526.0,825.0,835.0
3615,1599,768,0,3531.0,3433.0,1592.0,1568.0,802.0,825.0
3688,1593,730,0,3615.0,3531.0,1599.0,1592.0,768.0,802.0
3760,1566,702,0,3688.0,3615.0,1593.0,1599.0,730.0,768.0
3827,1526,681,0,3760.0,3688.0,1566.0,1593.0,702.0,730.0
3887,1481,653,0,3827.0,3760.0,1526.0,1566.0,681.0,702.0
3929,1435,619,0,3887.0,3827.0,1481.0,1526.0,653.0,681.0
3944,1389,565,0,3929.0,3887.0,1435.0,1481.0,619.0,653.0
3936,1341,507,0,3944.0,3929.0,1389.0,1435.0,565.0,619.0
3916,1289,455,0,3936.0,3944.0,1341.0,1389.0,507.0,565.0
3889,1235,411,0,3916.0,3936.0,1289.0,1341.0,455.0,507.0
3866,1178,381,0,3889.0,3916.0,1235.0,1289.0,411.0,455.0
3838,1117,359,0,3866.0,3889.0,1178.0,1235.0,381.0,411.0
3802,1059,348,0,3838.0,3866.0,1117.0,1178.0,359.0,381.0
3767,1006,348,0,3802.0,3838.0,1059.0,1117.0,348.0,359.0
3729,963,352,0,3767.0,3802.0,1006.0,1059.0,348.0,348.0
3690,928,362,0,3729.0,3767.0,963.0,1006.0,352.0,348.0
3655,899,372,0,3690.0,3729.0,928.0,963.0,362.0,352.0
3608,877,377,0,3655.0,3690.0,899.0,928.0,372.0,362.0
3552,859,375,0,3608.0,3655.0,877.0,899.0,377.0,372.0
3491,838,373,0,3552.0,3608.0,859.0,877.0,375.0,377.0
3419,836,364,0,3491.0,3552.0,838.0,859.0,373.0,375.0
3351,836,360,0,3419.0,3491.0,836.0,838.0,364.0,373.0
3278,836,359,0,3351.0,3419.0,836.0,836.0,360.0,364.0
3206,836,363,0,3278.0,3351.0,836.0,836.0,359.0,360.0
3148,833,378,0,3206.0,3278.0,836.0,836.0,363.0,359.0
3090,830,399,0,3148.0,3206.0,833.0,836.0,378.0,363.0
3040,822,423,0,3090.0,3148.0,830.0,833.0,399.0,378.0
2999,805,449,0,3040.0,3090.0,822.0,830.0,423.0,399.0
2966,779,477,0,2999.0,3040.0,805.0,822.0,449.0,423.0
2942,748,505,0,2966.0,2999.0,779.0,805.0,477.0,449.0
2925,719,540,0,2942.0,2966.0,748.0,779.0,505.0,477.0
2907,696,560,0,2925.0,2942.0,719.0,748.0,540.0,505.0
2894,682,568,0,2907.0,2925.0,696.0,719.0,560.0,540.0
2877,672,567,0,2894.0,2907.0,682.0,696.0,568.0,560.0
2862,664,558,0,2877.0,2894.0,672.0,682.0,567.0,568.0
2847,665,536,0,2862.0,2877.0,664.0,672.0,558.0,567.0
2829,675,505,0,2847.0,2862.0,665.0,664.0,536.0,558.0
2807,694,472,0,2829.0,2847.0,675.0,665.0,505.0,536.0
2791,712,439,0,2807.0,2829.0,694.0,675.0,472.0,505.0
2783,730,416,0,2791.0,2807.0,712.0,694.0,439.0,472.0
2781,750,397,0,2783.0,2791.0,730.0,712.0,416.0,439.0
2794,778,381,0,2781.0,2783.0,750.0,730.0,397.0,416.0
2815,808,365,0,2794.0,2781.0,778.0,750.0,381.0,397.0
2844,840,347,0,2815.0,2794.0,808.0,778.0,365.0,381.0
2880,859,332,0,2844.0,2815.0,840.0,808.0,347.0,365.0
2930,868,323,0,2880.0,2844.0,859.0,840.0,332.0,347.0
2985,878,322,0,2930.0,2880.0,868.0,859.0,323.0,332.0
3046,882,323,0,2985.0,2930.0,878.0,868.0,322.0,323.0
3113,881,322,0,3046.0,2985.0,882.0,878.0,323.0,322.0
3179,876,330,0,3113.0,3046.0,881.0,882.0,322.0,323.0
3245,868,339,0,3179.0,3113.0,876.0,881.0,330.0,322.0
3310,864,354,0,3245.0,3179.0,868.0,876.0,339.0,330.0
3375,856,372,0,3310.0,3245.0,864.0,868.0,354.0,339.0
3441,847,390,0,3375.0,3310.0,856.0,864.0,372.0,354.0
3508,843,414,0,3441.0,3375.0,847.0,856.0,390.0,372.0
3572,838,453,0,3508.0,3441.0,843.0,847.0,414.0,390.0
3632,842,495,0,3572.0,3508.0,838.0,843.0,453.0,414.0
3694,853,545,0,3632.0,3572.0,842.0,838.0,495.0,453.0
3747,861,599,0,3694.0,3632.0,853.0,842.0,545.0,495.0
3784,882,651,0,3747.0,3694.0,861.0,853.0,599.0,545.0
3807,902,677,0,3784.0,3747.0,882.0,861.0,651.0,599.0
3813,927,682,0,3807.0,3784.0,902.0,882.0,677.0,651.0
3804,936,679,0,3813.0,3807.0,927.0,902.0,682.0,677.0
3803,930,685,0,3804.0,3813.0,936.0,927.0,679.0,682.0
3806,915,714,0,3803.0,3804.0,930.0,936.0,685.0,679.0
3815,887,755,0,3806.0,3803.0,915.0,930.0,714.0,685.0
3832,837,782,0,3815.0,3806.0,887.0,915.0,755.0,714.0
3857,776,801,0,3832.0,3815.0,837.0,887.0,782.0,755.0
3883,707,816,0,3857.0,3832.0,776.0,837.0,801.0,782.0
3922,628,845,0,3883.0,3857.0,707.0,776.0,816.0,801.0
3963,548,863,0,3922.0,3883.0,628.0,707.0,845.0,816.0
3999,476,862,0,3963.0,3922.0,548.0,628.0,863.0,845.0
4024,412,839,0,3999.0,3963.0,476.0,548.0,862.0,863.0
4043,358,811,0,4024.0,3999.0,412.0,476.0,839.0,862.0
4069,307,802,0,4043.0,4024.0,358.0,412.0,811.0,839.0
4099,268,822,0,4069.0,4043.0,307.0,358.0,802.0,811.0
4140,242,863,0,4099.0,4069.0,268.0,307.0,822.0,802.0
4182,234,889,0,4140.0,4099.0,242.0,268.0,863.0,822.0
4222,238,901,0,4182.0,4140.0,234.0,242.0,889.0,863.0
4248,256,915,0,4222.0,4182.0,238.0,234.0,901.0,889.0
4272,277,960,0,4248.0,4222.0,256.0,238.0,915.0,901.0
4299,300,1017,0,4272.0,4248.0,277.0,256.0,960.0,915.0
4310,323,1068,0,4299.0,4272.0,300.0,277.0,1017.0,960.0
4294,354,1065,0,4310.0,4299.0,323.0,300.0,1068.0,1017.0
4235,402,985,0,4294.0,4310.0,354.0,323.0,1065.0,1068.0
4167,457,868,0,4235.0,4294.0,402.0,354.0,985.0,1065.0
4103,499,755,0,4167.0,4235.0,457.0,402.0,868.0,985.0
4038,527,639,0,4103.0,4167.0,499.0,457.0,755.0,868.0
3966,559,488,0,4038.0,4103.0,527.0,499.0,639.0,755.0
3884,599,328,0,3966.0,4038.0,559.0,527.0,488.0,639.0
3815,642,182,0,3884.0,3966.0,599.0,559.0,328.0,488.0
3801,676,127,0,3815.0,3884.0,642.0,599.0,182.0,328.0
3862,706,198,0,3801.0,3815.0,676.0,642.0,127.0,182.0
3974,723,322,0,3862.0,3801.0,706.0,676.0,198.0,127.0
4063,743,362,0,3974.0,3862.0,723.0,706.0,322.0,198.0
4093,752,242,0,4063.0,3974.0,743.0,723.0,362.0,322.0
4076,755,-19,0,4093.0,4063.0,752.0,743.0,242.0,362.0
4041,767,-340,0,4076.0,4093.0,755.0,752.0,-19.0,242.0
4045,802,-609,0,4041.0,4076.0,767.0,755.0,-340.0,-19.0
4137,859,-757,0,4045.0,4041.0,802.0,767.0,-609.0,-340.0
4316,945,-792,0,4137.0,4045.0,859.0,802.0,-757.0,-609.0
4553,1038,-794,0,4316.0,4137.0,945.0,859.0,-792.0,-757.0
4813,1131,-811,0,4553.0,4316.0,1038.0,945.0,-794.0,-792.0
5072,1221,-855,0,4813.0,4553.0,1131.0,1038.0,-811.0,-794.0
5311,1322,-917,0,5072.0,4813.0,1221.0,1131.0,-855.0,-811.0
5529,1424,-964,0,5311.0,5072.0,1322.0,1221.0,-917.0,-855.0
5727,1529,-988,0,5529.0,5311.0,1424.0,1322.0,-964.0,-917.0
5886,1641,-991,0,5727.0,5529.0,1529.0,1424.0,-988.0,-964.0
5984,1785,-959,0,5886.0,5727.0,1641.0,1529.0,-991.0,-988.0
6031,1942,-946,0,5984.0,5886.0,1785.0,1641.0,-959.0,-991.0
6019,2075,-1013,0,6031.0,5984.0,1942.0,1785.0,-946.0,-959.0
5950,2181,-1135,0,6019.0,6031.0,2075.0,1942.0,-1013.0,-946.0
5892,2260,-1240,0,5950.0,6019.0,2181.0,2075.0,-1135.0,-1013.0
5865,2327,-1305,0,5892.0,5950.0,2260.0,2181.0,-1240.0,-1135.0
5848,2393,-1380,0,5865.0,5892.0,2327.0,2260.0,-1305.0,-1240.0
5825,2444,-1482,0,5848.0,5865.0,2393.0,2327.0,-1380.0,-1305.0
5829,2464,-1545,0,5825.0,5848.0,2444.0,2393.0,-1482.0,-1380.0
5916,2434,-1484,0,5829.0,5825.0,2464.0,2444.0,-1545.0,-1482.0
6075,2345,-1303,0,5916.0,5829.0,2434.0,2464.0,-1484.0,-1545.0
6245,2212,-1087,0,6075.0,5916.0,2345.0,2434.0,-1303.0,-1484.0
6385,1990,-893,0,6245.0,6075.0,2212.0,2345.0,-1087.0,-1303.0
6445,1661,-755,0,6385.0,6245.0,1990.0,2212.0,-893.0,-1087.0
6363,1291,-699,0,6445.0,6385.0,1661.0,1990.0,-755.0,-893.0
6117,934,-699,0,6363.0,6445.0,1291.0,1661.0,-699.0,-755.0
5745,646,-718,0,6117.0,6363.0,934.0,1291.0,-699.0,-699.0
5313,457,-729,0,5745.0,6117.0,646.0,934.0,-718.0,-699.0
4889,372,-717,0,5313.0,5745.0,457.0,646.0,-729.0,-718.0
4498,396,-685,0,4889.0,5313.0,372.0,457.0,-717.0,-729.0
4154,517,-640,0,4498.0,4889.0,396.0,372.0,-685.0,-717.0
3861,695,-587,0,4154.0,4498.0,517.0,396.0,-640.0,-685.0
3620,893,-532,0,3861.0,4154.0,695.0,517.0,-587.0,-640.0
3422,1090,-460,0,3620.0,3861.0,893.0,695.0,-532.0,-587.0
3273,1274,-368,0,3422.0,3620.0,1090.0,893.0,-460.0,-532.0
3155,1441,-263,0,3273.0,3422.0,1274.0,1090.0,-368.0,-460.0
3056,1593,-152,0,3155.0,3273.0,1441.0,1274.0,-263.0,-368.0
2969,1729,-63,0,3056.0,3155.0,1593.0,1441.0,-152.0,-263.0
2885,1842,3,0,2969.0,3056.0,1729.0,1593.0,-63.0,-152.0
2795,1935,47,0,2885.0,2969.0,1842.0,1729.0,3.0,-63.0
2689,2009,60,0,2795.0,2885.0,1935.0,1842.0,47.0,3.0
2582,2062,57,0,2689.0,2795.0,2009.0,1935.0,60.0,47.0
2481,2087,63,0,2582.0,2689.0,2062.0,2009.0,57.0,60.0
2391,2085,66,0,2481.0,2582.0,2087.0,2062.0,63.0,57.0
2314,2054,61,0,2391.0,2481.0,2085.0,2087.0,66.0,63.0
2263,1986,43,0,2314.0,2391.0,2054.0,2085.0,61.0,66.0
2243,1884,8,0,2263.0,2314.0,1986.0,2054.0,43.0,61.0
2254,1755,-45,0,2243.0,2263.0,1884.0,1986.0,8.0,43.0
2305,1626,-89,0,2254.0,2243.0,1755.0,1884.0,-45.0,8.0
2394,1507,-102,0,2305.0,2254.0,1626.0,1755.0,-89.0,-45.0
2508,1400,-95,0,2394.0,2305.0,1507.0,1626.0,-102.0,-89.0
2640,1306,-83,0,2508.0,2394.0,1400.0,1507.0,-95.0,-102.0
2779,1227,-92,0,2640.0,2508.0,1306.0,1400.0,-83.0,-95.0
2914,1177,-125,0,2779.0,2640.0,1227.0,1306.0,-92.0,-83.0
3041,1139,-195,0,2914.0,2779.0,1177.0,1227.0,-125.0,-92.0
3171,1096,-288,0,3041.0,2914.0,1139.0,1177.0,-195.0,-125.0
3302,1039,-398,0,3171.0,3041.0,1096.0,1139.0,-288.0,-195.0
3447,962,-498,0,3302.0,3171.0,1039.0,1096.0,-398.0,-288.0
3603,874,-580,0,3447.0,3302.0,962.0,1039.0,-498.0,-398.0
3763,791,-643,0,3603.0,3447.0,874.0,962.0,-580.0,-498.0
3926,715,-701,0,3763.0,3603.0,791.0,874.0,-643.0,-580.0
4079,651,-767,0,3926.0,3763.0,715.0,791.0,-701.0,-643.0
4228,601,-824,0,4079.0,3926.0,651.0,715.0,-767.0,-701.0
4372,571,-860,0,4228.0,4079.0,601.0,651.0,-824.0,-767.0
4503,559,-867,0,4372.0,4228.0,571.0,601.0,-860.0,-824.0
4616,569,-846,0,4503.0,4372.0,559.0,571.0,-867.0,-860.0
4708,588,-806,0,4616.0,4503.0,569.0,559.0,-846.0,-867.0
4758,621,-762,0,4708.0,4616.0,588.0,569.0,-806.0,-846.0
4752,639,-730,0,4758.0,4708.0,621.0,588.0,-762.0,-806.0
4684,638,-711,0,4752.0,4758.0,639.0,621.0,-730.0,-762.0
4577,617,-678,0,4684.0,4752.0,638.0,639.0,-711.0,-730.0
4442,584,-630,0,4577.0,4684.0,617.0,638.0,-678.0,-711.0
4296,545,-580,0,4442.0,4577.0,584.0,617.0,-630.0,-678.0
4145,500,-541,0,4296.0,4442.0,545.0,584.0,-580.0,-630.0
3982,464,-503,0,4145.0,4296.0,500.0,545.0,-541.0,-580.0
3804,445,-477,0,3982.0,4145.0,464.0,500.0,-503.0,-541.0
3628,443,-465,0,3804.0,3982.0,445.0,464.0,-477.0,-503.0
3461,445,-469,0,3628.0,3804.0,443.0,445.0,-465.0,-477.0
3311,452,-468,0,3461.0,3628.0,445.0,443.0,-469.0,-465.0
3202,464,-443,0,3311.0,3461.0,452.0,445.0,-468.0,-469.0
3128,480,-398,0,3202.0,3311.0,464.0,452.0,-443.0,-468.0
3095,497,-349,0,3128.0,3202.0,480.0,464.0,-398.0,-443.0
3096,516,-304,0,3095.0,3128.0,497.0,480.0,-349.0,-398.0
3115,529,-284,0,3096.0,3095.0,516.0,497.0,-304.0,-349.0
3143,552,-289,0,3115.0,3096.0,529.0,516.0,-284.0,-304.0
3181,578,-305,0,3143.0,3115.0,552.0,529.0,-289.0,-284.0
3216,610,-322,0,3181.0,3143.0,578.0,552.0,-305.0,-289.0
3266,657,-336,0,3216.0,3181.0,610.0,578.0,-322.0,-305.0
3321,729,-339,0,3266.0,3216.0,657.0,610.0,-336.0,-322.0
3396,812,-310,0,3321.0,3266.0,729.0,657.0,-339.0,-336.0
3482,907,-260,0,3396.0,3321.0,812.0,729.0,-310.0,-339.0
3573,1000,-205,0,3482.0,3396.0,907.0,812.0,-260.0,-310.0
3653,1091,-166,0,3573.0,3482.0,1000.0,907.0,-205.0,-260.0
3717,1177,-149,0,3653.0,3573.0,1091.0,1000.0,-166.0,-205.0
3766,1246,-129,0,3717.0,3653.0,1177.0,1091.0,-149.0,-166.0
3808,1294,-82,0,3766.0,3717.0,1246.0,1177.0,-129.0,-149.0
3854,1322,-4,0,3808.0,3766.0,1294.0,1246.0,-82.0,-129.0
3892,1327,88,0,3854.0,3808.0,1322.0,1294.0,-4.0,-82.0
3918,1310,166,0,3892.0,3854.0,1327.0,1322.0,88.0,-4.0
3917,1280,204,0,3918.0,3892.0,1310.0,1327.0,166.0,88.0
3887,1239,214,0,3917.0,3918.0,1280.0,1310.0,204.0,166.0
3830,1201,220,0,3887.0,3917.0,1239.0,1280.0,214.0,204.0
3759,1176,236,0,3830.0,3887.0,1201.0,1239.0,220.0,214.0
3685,1157,264,0,3759.0,3830.0,1176.0,1201.0,236.0,220.0
3607,1147,292,0,3685.0,3759.0,1157.0,1176.0,264.0,236.0
3522,1144,298,0,3607.0,3685.0,1147.0,1157.0,292.0,264.0
3426,1147,283,0,3522.0,3607.0,1144.0,1147.0,298.0,292.0
3332,1142,267,0,3426.0,3522.0,1147.0,1144.0,283.0,298.0
3257,1130,253,0,3332.0,3426.0,1142.0,1147.0,267.0,283.0
3196,1101,227,0,3257.0,3332.0,1130.0,1142.0,253.0,267.0
3143,1055,184,0,3196.0,3257.0,1101.0,1130.0,227.0,253.0
3097,988,117,0,3143.0,3196.0,1055.0,1101.0,184.0,227.0
3067,897,42,0,3097.0,3143.0,988.0,1055.0,117.0,184.0
3059,802,-26,0,3067.0,3097.0,897.0,988.0,42.0,117.0
3077,678,-73,0,3059.0,3067.0,802.0,897.0,-26.0,42.0
3110,548,-100,0,3077.0,3059.0,678.0,802.0,-73.0,-26.0
3158,416,-128,0,3110.0,3077.0,548.0,678.0,-100.0,-73.0
3219,283,-157,0,3158.0,3110.0,416.0,548.0,-128.0,-100.0
3292,163,-176,0,3219.0,3158.0,283.0,416.0,-157.0,-128.0
3352,86,-187,0,3292.0,3219.0,163.0,283.0,-176.0,-157.0
3412,36,-183,0,3352.0,3292.0,86.0,163.0,-187.0,-176.0
3469,21,-167,0,3412.0,3352.0,36.0,86.0,-183.0,-187.0
3516,48,-143,0,3469.0,3412.0,21.0,36.0,-167.0,-183.0
3548,117,-109,0,3516.0,3469.0,48.0,21.0,-143.0,-167.0
3578,222,-69,0,3548.0,3516.0,117.0,48.0,-109.0,-143.0
3603,332,-19,0,3578.0,3548.0,222.0,117.0,-69.0,-109.0
3632,454,20,0,3603.0,3578.0,332.0,222.0,-19.0,-69.0
3687,558,66,0,3632.0,3603.0,454.0,332.0,20.0,-19.0
3756,648,127,0,3687.0,3632.0,558.0,454.0,66.0,20.0
3833,720,190,0,3756.0,3687.0,648.0,558.0,127.0,66.0
3907,793,228,0,3833.0,3756.0,720.0,648.0,190.0,127.0
3965,858,252,0,3907.0,3833.0,793.0,720.0,228.0,190.0
4009,917,260,0,3965.0,3907.0,858.0,793.0,252.0,228.0
4042,964,259,0,4009.0,3965.0,917.0,858.0,260.0,252.0
4057,1009,251,0,4042.0,4009.0,964.0,917.0,259.0,260.0
4065,1040,254,0,4057.0,4042.0,1009.0,964.0,251.0,259.0
4064,1068,271,0,4065.0,4057.0,1040.0,1009.0,254.0,251.0
4065,1099,300,0,4064.0,4065.0,1068.0,1040.0,271.0,254.0
4058,1124,323,0,4065.0,4064.0,1099.0,1068.0,300.0,271.0
4049,1139,335,0,4058.0,4065.0,1124.0,1099.0,323.0,300.0
4045,1151,348,0,4049.0,4058.0,1139.0,1124.0,335.0,323.0
4051,1155,375,0,4045.0,4049.0,1151.0,1139.0,348.0,335.0
4065,1145,408,0,4051.0,4045.0,1155.0,1151.0,375.0,348.0
4077,1124,446,0,4065.0,4051.0,1145.0,1155.0,408.0,375.0
4078,1089,476,0,4077.0,4065.0,1124.0,1145.0,446.0,408.0
4060,1038,499,0,4078.0,4077.0,1089.0,1124.0,476.0,446.0
4031,974,514,0,4060.0,4078.0,1038.0,1089.0,499.0,476.0
3991,909,527,0,4031.0,4060.0,974.0,1038.0,514.0,499.0
3932,842,543,0,3991.0,4031.0,909.0,974.0,527.0,514.0
3853,792,535,0,3932.0,3991.0,842.0,909.0,543.0,527.0
3759,766,491,0,3853.0,3932.0,792.0,842.0,535.0,543.0
3671,740,408,0,3759.0,3853.0,766.0,792.0,491.0,535.0
3597,719,279,0,3671.0,3759.0,740.0,766.0,408.0,491.0
3534,719,136,0,3597.0,3671.0,719.0,740.0,279.0,408.0
3500,758,-6,0,3534.0,3597.0,719.0,719.0,136.0,279.0
3496,834,-134,0,3500.0,3534.0,758.0,719.0,-6.0,136.0
3533,963,-220,0,3496.0,3500.0,834.0,758.0,-134.0,-6.0
3599,1135,-272,0,3533.0,3496.0,963.0,834.0,-220.0,-134.0
3677,1344,-328,0,3599.0,3533.0,1135.0,963.0,-272.0,-220.0
3749,1571,-398,0,3677.0,3599.0,1344.0,1135.0,-328.0,-272.0
3810,1812,-473,0,3749.0,3677.0,1571.0,1344.0,-398.0,-328.0
3856,2049,-558,0,3810.0,3749.0,1812.0,1571.0,-473.0,-398.0
3892,2282,-635,0,3856.0,3810.0,2049.0,1812.0,-558.0,-473.0
3933,2508,-691,0,3892.0,3856.0,2282.0,2049.0,-635.0,-558.0
3981,2719,-716,0,3933.0,3892.0,2508.0,2282.0,-691.0,-635.0
4040,2910,-716,0,3981.0,3933.0,2719.0,2508.0,-716.0,-691.0
4106,3071,-702,0,4040.0,3981.0,2910.0,2719.0,-716.0,-716.0
4183,3201,-672,0,4106.0,4040.0,3071.0,2910.0,-702.0,-716.0
4246,3294,-639,0,4183.0,4106.0,3201.0,3071.0,-672.0,-702.0
4303,3356,-588,0,4246.0,4183.0,3294.0,3201.0,-639.0,-672.0
4345,3378,-524,0,4303.0,4246.0,3356.0,3294.0,-588.0,-639.0
4371,3351,-459,0,4345.0,4303.0,3378.0,3356.0,-524.0,-588.0
4382,3262,-405,0,4371.0,4345.0,3351.0,3378.0,-459.0,-524.0
4367,3129,-363,0,4382.0,4371.0,3262.0,3351.0,-405.0,-459.0
4337,2951,-317,0,4367.0,4382.0,3129.0,3262.0,-363.0,-405.0
4307,2744,-269,0,4337.0,4367.0,2951.0,3129.0,-317.0,-363.0
4283,2521,-229,0,4307.0,4337.0,2744.0,2951.0,-269.0,-317.0
4267,2299,-216,0,4283.0,4307.0,2521.0,2744.0,-229.0,-269.0
4264,2087,-243,0,4267.0,4283.0,2299.0,2521.0,-216.0,-229.0
4277,1877,-279,0,4264.0,4267.0,2087.0,2299.0,-243.0,-216.0
4312,1688,-304,0,4277.0,4264.0,1877.0,2087.0,-279.0,-243.0
4375,1531,-318,0,4312.0,4277.0,1688.0,1877.0,-304.0,-279.0
4465,1409,-329,0,4375.0,4312.0,1531.0,1688.0,-318.0,-304.0
4587,1342,-340,0,4465.0,4375.0,1409.0,1531.0,-329.0,-318.0
4732,1316,-349,0,4587.0,4465.0,1342.0,1409.0,-340.0,-329.0
4901,1325,-360,0,4732.0,4587.0,1316.0,1342.0,-349.0,-340.0
5090,1364,-357,0,4901.0,4732.0,1325.0,1316.0,-360.0,-349.0
5302,1424,-335,0,5090.0,4901.0,1364.0,1325.0,-357.0,-360.0
5521,1504,-277,0,5302.0,5090.0,1424.0,1364.0,-335.0,-357.0
5734,1597,-180,0,5521.0,5302.0,1504.0,1424.0,-277.0,-335.0
5914,1705,-61,0,5734.0,5521.0,1597.0,1504.0,-180.0,-277.0
6032,1827,62,0,5914.0,5734.0,1705.0,1597.0,-61.0,-180.0
6064,1947,168,0,6032.0,5914.0,1827.0,1705.0,62.0,-61.0
6016,2034,243,0,6064.0,6032.0,1947.0,1827.0,168.0,62.0
5888,2066,271,0,6016.0,6064.0,2034.0,1947.0,243.0,168.0
5696,2054,251,0,5888.0,6016.0,2066.0,2034.0,271.0,243.0
5460,2002,201,0,5696.0,5888.0,2054.0,2066.0,251.0,271.0
5209,1924,135,0,5460.0,5696.0,2002.0,2054.0,201.0,251.0
4967,1831,83,0,5209.0,5460.0,1924.0,2002.0,135.0,201.0
4740,1729,46,0,4967.0,5209.0,1831.0,1924.0,83.0,135.0
4534,1625,24,0,4740.0,4967.0,1729.0,1831.0,46.0,83.0
4354,1528,12,0,4534.0,4740.0,1625.0,1729.0,24.0,46.0
4205,1435,6,0,4354.0,4534.0,1528.0,1625.0,12.0,24.0
4065,1356,2,0,4205.0,4354.0,1435.0,1528.0,6.0,12.0
3939,1283,5,0,4065.0,4205.0,1356.0,1435.0,2.0,6.0
3818,1210,16,0,3939.0,4065.0,1283.0,1356.0,5.0,2.0
3701,1149,28,0,3818.0,3939.0,1210.0,1283.0,16.0,5.0
3583,1099,38,0,3701.0,3818.0,1149.0,1210.0,28.0,16.0
3466,1051,33,0,3583.0,3701.0,1099.0,1149.0,38.0,28.0
3352,1003,22,0,3466.0,3583.0,1051.0,1099.0,33.0,38.0
3244,955,10,0,3352.0,3466.0,1003.0,1051.0,22.0,33.0
3139,903,-14,0,3244.0,3352.0,955.0,1003.0,10.0,22.0
3040,862,-47,0,3139.0,3244.0,903.0,955.0,-14.0,10.0
2959,824,-80,0,3040.0,3139.0,862.0,903.0,-47.0,-14.0
2894,785,-119,0,2959.0,3040.0,824.0,862.0,-80.0,-47.0
2848,744,-158,0,2894.0,2959.0,785.0,824.0,-119.0,-80.0
2822,701,-176,0,2848.0,2894.0,744.0,785.0,-158.0,-119.0
2826,661,-177,0,2822.0,2848.0,701.0,744.0,-176.0,-158.0
2843,628,-160,0,2826.0,2822.0,661.0,701.0,-177.0,-176.0
2881,599,-124,0,2843.0,2826.0,628.0,661.0,-160.0,-177.0
2926,580,-87,0,2881.0,2843.0,599.0,628.0,-124.0,-160.0
2982,573,-61,0,2926.0,2881.0,580.0,599.0,-87.0,-124.0
3044,579,-31,0,2982.0,2926.0,573.0,580.0,-61.0,-87.0
3115,598,-11,0,3044.0,2982.0,579.0,573.0,-31.0,-61.0
3186,640,7,0,3115.0,3044.0,598.0,579.0,-11.0,-31.0
3252,711,28,0,3186.0,3115.0,640.0,598.0,7.0,-11.0
3300,805,50,0,3252.0,3186.0,711.0,640.0,28.0,7.0
3339,927,74,0,3300.0,3252.0,805.0,711.0,50.0,28.0
3369,1065,108,0,3339.0,3300.0,927.0,805.0,74.0,50.0
3385,1211,148,0,3369.0,3339.0,1065.0,927.0,108.0,74.0
3397,1358,185,0,3385.0,3369.0,1211.0,1065.0,148.0,108.0
3403,1499,221,0,3397.0,3385.0,1358.0,1211.0,185.0,148.0
3413,1623,256,0,3403.0,3397.0,1499.0,1358.0,221.0,185.0
3417,1732,285,0,3413.0,3403.0,1623.0,1499.0,256.0,221.0
3411,1819,322,0,3417.0,3413.0,1732.0,1623.0,285.0,256.0
3406,1885,345,0,3411.0,3417.0,1819.0,1732.0,322.0,285.0
3398,1922,366,0,3406.0,3411.0,1885.0,1819.0,345.0,322.0
3392,1928,386,0,3398.0,3406.0,1922.0,1885.0,366.0,345.0
3387,1910,401,0,3392.0,3398.0,1928.0,1922.0,386.0,366.0
3380,1867,408,0,3387.0,3392.0,1910.0,1928.0,401.0,386.0
3371,1805,412,0,3380.0,3387.0,1867.0,1910.0,408.0,401.0
3360,1721,401,0,3371.0,3380.0,1805.0,1867.0,412.0,408.0
3344,1616,389,0,3360.0,3371.0,1721.0,1805.0,401.0,412.0
3328,1507,386,0,3344.0,3360.0,1616.0,1721.0,389.0,401.0
3316,1403,402,0,3328.0,3344.0,1507.0,1616.0,386.0,389.0
3308,1303,431,0,3316.0,3328.0,1403.0,1507.0,402.0,386.0
3306,1213,467,0,3308.0,3316.0,1303.0,1403.0,431.0,402.0
3299,1138,503,0,3306.0,3308.0,1213.0,1303.0,467.0,431.0
3282,1067,522,0,3299.0,3306.0,1138.0,1213.0,503.0,467.0
3254,1014,524,0,3282.0,3299.0,1067.0,1138.0,522.0,503.0
3211,970,500,0,3254.0,3282.0,1014.0,1067.0,524.0,522.0
3156,934,469,0,3211.0,3254.0,970.0,1014.0,500.0,524.0
3097,899,430,0,3156.0,3211.0,934.0,970.0,469.0,500.0
3045,861,389,0,3097.0,3156.0,899.0,934.0,430.0,469.0
2999,822,357,0,3045.0,3097.0,861.0,899.0,389.0,430.0
2957,783,344,0,2999.0,3045.0,822.0,861.0,357.0,389.0
2928,753,342,0,2957.0,2999.0,783.0,822.0,344.0,357.0
2907,728,351,0,2928.0,2957.0,753.0,783.0,342.0,344.0
2894,713,371,0,2907.0,2928.0,728.0,753.0,351.0,342.0
2886,701,399,0,2894.0,2907.0,713.0,728.0,371.0,351.0
2874,695,418,0,2886.0,2894.0,701.0,713.0,399.0,371.0
2856,708,409,0,2874.0,2886.0,695.0,701.0,418.0,399.0
2827,734,367,0,2856.0,2874.0,708.0,695.0,409.0,418.0
2791,774,296,0,2827.0,2856.0,734.0,708.0,367.0,409.0
2747,830,214,0,2791.0,2827.0,774.0,734.0,296.0,367.0
2707,891,146,0,2747.0,2791.0,830.0,774.0,214.0,296.0
2687,947,107,0,2707.0,2747.0,891.0,830.0,146.0,214.0
2689,1002,109,0,2687.0,2707.0,947.0,891.0,107.0,146.0
2707,1048,142,0,2689.0,2687.0,1002.0,947.0,109.0,107.0
2734,1092,181,0,2707.0,2689.0,1048.0,1002.0,142.0,109.0
2766,1125,217,0,2734.0,2707.0,1092.0,1048.0,181.0,142.0
2802,1139,243,0,2766.0,2734.0,1125.0,1092.0,217.0,181.0
2847,1136,267,0,2802.0,2766.0,1139.0,1125.0,243.0,217.0
2899,1116,285,0,2847.0,2802.0,1136.0,1139.0,267.0,243.0
2956,1071,298,0,2899.0,2847.0,1116.0,1136.0,285.0,267.0
3018,1015,300,0,2956.0,2899.0,1071.0,1116.0,298.0,285.0
3087,954,306,0,3018.0,2956.0,1015.0,1071.0,300.0,298.0
3166,901,332,0,3087.0,3018.0,954.0,1015.0,306.0,300.0
3240,854,369,0,3166.0,3087.0,901.0,954.0,332.0,306.0
3316,830,408,0,3240.0,3166.0,854.0,901.0,369.0,332.0
3386,824,437,0,3316.0,3240.0,830.0,854.0,408.0,369.0
3451,829,444,0,3386.0,3316.0,824.0,830.0,437.0,408.0
3513,848,436,0,3451.0,3386.0,829.0,824.0,444.0,437.0
3577,863,426,0,3513.0,3451.0,848.0,829.0,436.0,444.0
3651,874,426,0,3577.0,3513.0,863.0,848.0,426.0,436.0
3729,882,448,0,3651.0,3577.0,874.0,863.0,426.0,426.0
3809,885,484,0,3729.0,3651.0,882.0,874.0,448.0,426.0
3885,891,522,0,3809.0,3729.0,885.0,882.0,484.0,448.0
3947,904,542,0,3885.0,3809.0,891.0,885.0,522.0,484.0
3992,914,538,0,3947.0,3885.0,904.0,891.0,542.0,522.0
4019,921,517,0,3992.0,3947.0,914.0,904.0,538.0,542.0
4037,926,495,0,4019.0,3992.0,921.0,914.0,517.0,538.0
4056,927,488,0,4037.0,4019.0,926.0,921.0,495.0,517.0
4065,921,489,0,4056.0,4037.0,927.0,926.0,488.0,495.0
4057,925,474,0,4065.0,4056.0,921.0,927.0,489.0,488.0
4028,926,444,0,4057.0,4065.0,925.0,921.0,474.0,489.0
3987,922,408,0,4028.0,4057.0,926.0,925.0,444.0,474.0
3929,914,377,0,3987.0,4028.0,922.0,926.0,408.0,444.0
3883,894,375,0,3929.0,3987.0,914.0,922.0,377.0,408.0
3836,868,421,0,3883.0,3929.0,894.0,914.0,375.0,377.0
3797,833,503,0,3836.0,3883.0,868.0,894.0,421.0,375.0
3759,793,593,0,3797.0,3836.0,833.0,868.0,503.0,421.0
3710,744,674,0,3759.0,3797.0,793.0,833.0,593.0,503.0
3657,699,732,0,3710.0,3759.0,744.0,793.0,674.0,593.0
3596,660,773,0,3657.0,3710.0,699.0,744.0,732.0,674.0
3525,625,778,0,3596.0,3657.0,660.0,699.0,773.0,732.0
3454,603,751,0,3525.0,3596.0,625.0,660.0,778.0,773.0
3388,595,705,0,3454.0,3525.0,603.0,625.0,751.0,778.0
3312,616,638,0,3388.0,3454.0,595.0,603.0,705.0,751.0
3241,666,548,0,3312.0,3388.0,616.0,595.0,638.0,705.0
3174,743,436,0,3241.0,3312.0,666.0,616.0,548.0,638.0
3142,857,329,0,3174.0,3241.0,743.0,666.0,436.0,548.0
3163,988,280,0,3142.0,3174.0,857.0,743.0,329.0,436.0
3255,1100,314,0,3163.0,3142.0,988.0,857.0,280.0,329.0
3400,1191,393,0,3255.0,3163.0,1100.0,988.0,314.0,280.0
3551,1270,428,0,3400.0,3255.0,1191.0,1100.0,393.0,314.0
3669,1355,367,0,3551.0,3400.0,1270.0,1191.0,428.0,393.0
3755,1433,195,0,3669.0,3551.0,1355.0,1270.0,367.0,428.0
3841,1496,-37,0,3755.0,3669.0,1433.0,1355.0,195.0,367.0
3955,1542,-270,0,3841.0,3755.0,1496.0,1433.0,-37.0,195.0
4107,1566,-459,0,3955.0,3841.0,1542.0,1496.0,-270.0,-37.0
4309,1593,-597,0,4107.0,3955.0,1566.0,1542.0,-459.0,-270.0
4552,1622,-696,0,4309.0,4107.0,1593.0,1566.0,-597.0,-459.0
4835,1662,-763,0,4552.0,4309.0,1622.0,1593.0,-696.0,-597.0
5154,1719,-794,0,4835.0,4552.0,1662.0,1622.0,-763.0,-696.0
5481,1785,-809,0,5154.0,4835.0,1719.0,1662.0,-794.0,-763.0
5801,1857,-826,0,5481.0,5154.0,1785.0,1719.0,-809.0,-794.0
6082,1945,-845,0,5801.0,5481.0,1857.0,1785.0,-826.0,-809.0
6313,2041,-873,0,6082.0,5801.0,1945.0,1857.0,-845.0,-826.0
6474,2161,-901,0,6313.0,6082.0,2041.0,1945.0,-873.0,-845.0
6560,2283,-924,0,6474.0,6313.0,2161.0,2041.0,-901.0,-873.0
6568,2406,-923,0,6560.0,6474.0,2283.0,2161.0,-924.0,-901.0
6486,2512,-894,0,6568.0,6560.0,2406.0,2283.0,-923.0,-924.0
6317,2613,-869,0,6486.0,6568.0,2512.0,2406.0,-894.0,-923.0
6102,2679,-867,0,6317.0,6486.0,2613.0,2512.0,-869.0,-894.0
5915,2682,-858,0,6102.0,6317.0,2679.0,2613.0,-867.0,-869.0
5768,2629,-837,0,5915.0,6102.0,2682.0,2679.0,-858.0,-867.0
5642,2573,-822,0,5768.0,5915.0,2629.0,2682.0,-837.0,-858.0
5524,2548,-844,0,5642.0,5768.0,2573.0,2629.0,-822.0,-837.0
5466,2496,-874,0,5524.0,5642.0,2548.0,2573.0,-844.0,-822.0
5482,2423,-893,0,5466.0,5524.0,2496.0,2548.0,-874.0,-844.0
5574,2293,-868,0,5482.0,5466.0,2423.0,2496.0,-893.0,-874.0
5711,2089,-811,0,5574.0,5482.0,2293.0,2423.0,-868.0,-893.0
5836,1793,-775,0,5711.0,5574.0,2089.0,2293.0,-811.0,-868.0
5897,1444,-800,0,5836.0,5711.0,1793.0,2089.0,-775.0,-811.0
5871,1073,-881,0,5897.0,5836.0,1444.0,1793.0,-800.0,-775.0
5756,711,-985,0,5871.0,5897.0,1073.0,1444.0,-881.0,-800.0
5582,382,-1077,0,5756.0,5871.0,711.0,1073.0,-985.0,-881.0
5362,143,-1124,0,5582.0,5756.0,382.0,711.0,-1077.0,-985.0
5125,20,-1116,0,5362.0,5582.0,143.0,382.0,-1124.0,-1077.0
4887,48,-1039,0,5125.0,5362.0,20.0,143.0,-1116.0,-1124.0
4665,210,-900,0,4887.0,5125.0,48.0,20.0,-1039.0,-1116.0
4461,446,-726,0,4665.0,4887.0,210.0,48.0,-900.0,-1039.0
4275,704,-546,0,4461.0,4665.0,446.0,210.0,-726.0,-900.0
4098,946,-400,0,4275.0,4461.0,704.0,446.0,-546.0,-726.0
3927,1156,-296,0,4098.0,4275.0,946.0,704.0,-400.0,-546.0
3772,1323,-214,0,3927.0,4098.0,1156.0,946.0,-296.0,-400.0
3618,1465,-147,0,3772.0,3927.0,1323.0,1156.0,-214.0,-296.0
3468,1593,-89,0,3618.0,3772.0,1465.0,1323.0,-147.0,-214.0
3325,1710,-40,0,3468.0,3618.0,1593.0,1465.0,-89.0,-147.0
3190,1805,10,0,3325.0,3468.0,1710.0,1593.0,-40.0,-89.0
3064,1879,59,0,3190.0,3325.0,1805.0,1710.0,10.0,-40.0
2952,1931,93,0,3064.0,3190.0,1879.0,1805.0,59.0,10.0
2844,1959,116,0,2952.0,3064.0,1931.0,1879.0,93.0,59.0
2747,1957,119,0,2844.0,2952.0,1959.0,1931.0,116.0,93.0
2657,1924,94,0,2747.0,2844.0,1957.0,1959.0,119.0,116.0
2581,1865,51,0,2657.0,2747.0,1924.0,1957.0,94.0,119.0
2524,1775,2,0,2581.0,2657.0,1865.0,1924.0,51.0,94.0
2488,1665,-55,0,2524.0,2581.0,1775.0,1865.0,2.0,51.0
2475,1546,-126,0,2488.0,2524.0,1665.0,1775.0,-55.0,2.0
2484,1426,-205,0,2475.0,2488.0,1546.0,1665.0,-126.0,-55.0
2515,1316,-274,0,2484.0,2475.0,1426.0,1546.0,-205.0,-126.0
2569,1224,-317,0,2515.0,2484.0,1316.0,1426.0,-274.0,-205.0
2652,1149,-337,0,2569.0,2515.0,1224.0,1316.0,-317.0,-274.0
2755,1092,-355,0,2652.0,2569.0,1149.0,1224.0,-337.0,-317.0
2860,1058,-391,0,2755.0,2652.0,1092.0,1149.0,-355.0,-337.0
2970,1033,-445,0,2860.0,2755.0,1058.0,1092.0,-391.0,-355.0
3082,1018,-514,0,2970.0,2860.0,1033.0,1058.0,-445.0,-391.0
3200,1002,-580,0,3082.0,2970.0,1018.0,1033.0,-514.0,-445.0
3327,979,-650,0,3200.0,3082.0,1002.0,1018.0,-580.0,-514.0
3451,950,-725,0,3327.0,3200.0,979.0,1002.0,-650.0,-580.0
3582,920,-798,0,3451.0,3327.0,950.0,979.0,-725.0,-650.0
3716,905,-858,0,3582.0,3451.0,920.0,950.0,-798.0,-725.0
3853,885,-895,0,3716.0,3582.0,905.0,920.0,-858.0,-798.0
3987,873,-919,0,3853.0,3716.0,885.0,905.0,-895.0,-858.0
4117,876,-931,0,3987.0,3853.0,873.0,885.0,-919.0,-895.0
4229,884,-946,0,4117.0,3987.0,876.0,873.0,-931.0,-919.0
4320,903,-966,0,4229.0,4117.0,884.0,876.0,-946.0,-931.0
4382,926,-993,0,4320.0,4229.0,903.0,884.0,-966.0,-946.0
4421,950,-1012,0,4382.0,4320.0,926.0,903.0,-993.0,-966.0
4435,966,-1022,0,4421.0,4382.0,950.0,926.0,-1012.0,-993.0
4419,969,-1014,0,4435.0,4421.0,966.0,950.0,-1022.0,-1012.0
4372,953,-998,0,4419.0,4435.0,969.0,966.0,-1014.0,-1022.0
4303,915,-961,0,4372.0,4419.0,953.0,969.0,-998.0,-1014.0
4224,864,-903,0,4303.0,4372.0,915.0,953.0,-961.0,-998.0
4153,811,-826,0,4224.0,4303.0,864.0,915.0,-903.0,-961.0
4075,762,-743,0,4153.0,4224.0,811.0,864.0,-826.0,-903.0
3995,724,-664,0,4075.0,4153.0,762.0,811.0,-743.0,-826.0
3913,694,-594,0,3995.0,4075.0,724.0,762.0,-664.0,-743.0
3834,670,-539,0,3913.0,3995.0,694.0,724.0,-594.0,-664.0
3763,652,-493,0,3834.0,3913.0,670.0,694.0,-539.0,-594.0
3702,633,-459,0,3763.0,3834.0,652.0,670.0,-493.0,-539.0
3654,617,-435,0,3702.0,3763.0,633.0,652.0,-459.0,-493.0
3616,598,-408,0,3654.0,3702.0,617.0,633.0,-435.0,-459.0
3599,581,-365,0,3616.0,3654.0,598.0,617.0,-408.0,-435.0
3601,564,-317,0,3599.0,3616.0,581.0,598.0,-365.0,-408.0
3615,560,-265,0,3601.0,3599.0,564.0,581.0,-317.0,-365.0
3638,571,-220,0,3615.0,3601.0,560.0,564.0,-265.0,-317.0
3670,590,-190,0,3638.0,3615.0,571.0,560.0,-220.0,-265.0
3702,611,-177,0,3670.0,3638.0,590.0,571.0,-190.0,-220.0
3735,634,-185,0,3702.0,3670.0,611.0,590.0,-177.0,-190.0
3767,659,-197,0,3735.0,3702.0,634.0,611.0,-185.0,-177.0
3809,683,-197,0,3767.0,3735.0,659.0,634.0,-197.0,-185.0
3851,713,-191,0,3809.0,3767.0,683.0,659.0,-197.0,-197.0
3884,749,-184,0,3851.0,3809.0,713.0,683.0,-191.0,-197.0
3900,785,-185,0,3884.0,3851.0,749.0,713.0,-184.0,-191.0
3909,827,-175,0,3900.0,3884.0,785.0,749.0,-185.0,-184.0
3913,873,-154,0,3909.0,3900.0,827.0,785.0,-175.0,-185.0
3910,922,-115,0,3913.0,3909.0,873.0,827.0,-154.0,-175.0
3898,970,-75,0,3910.0,3913.0,922.0,873.0,-115.0,-154.0
3877,1009,-46,0,3898.0,3910.0,970.0,922.0,-75.0,-115.0
3845,1044,-21,0,3877.0,3898.0,1009.0,970.0,-46.0,-75.0
3816,1068,22,0,3845.0,3877.0,1044.0,1009.0,-21.0,-46.0
3795,1083,86,0,3816.0,3845.0,1068.0,1044.0,22.0,-21.0
3775,1088,148,0,3795.0,3816.0,1083.0,1068.0,86.0,22.0
3747,1076,186,0,3775.0,3795.0,1088.0,1083.0,148.0,86.0
3701,1056,197,0,3747.0,3775.0,1076.0,1088.0,186.0,148.0
3648,1023,183,0,3701.0,3747.0,1056.0,1076.0,197.0,186.0
3595,981,163,0,3648.0,3701.0,1023.0,1056.0,183.0,197.0
3543,945,142,0,3595.0,3648.0,981.0,1023.0,163.0,183.0
3504,908,119,0,3543.0,3595.0,945.0,981.0,142.0,163.0
3475,868,98,0,3504.0,3543.0,908.0,945.0,119.0,142.0
3457,823,79,0,3475.0,3504.0,868.0,908.0,98.0,119.0
3441,799,61,0,3457.0,3475.0,823.0,868.0,79.0,98.0
3427,785,37,0,3441.0,3457.0,799.0,823.0,61.0,79.0
3421,777,12,0,3427.0,3441.0,785.0,799.0,37.0,61.0
3414,778,-23,0,3421.0,3427.0,777.0,785.0,12.0,37.0
3411,785,-44,0,3414.0,3421.0,778.0,777.0,-23.0,12.0
3413,795,-62,0,3411.0,3414.0,785.0,778.0,-44.0,-23.0
3421,819,-76,0,3413.0,3411.0,795.0,785.0,-62.0,-44.0
3422,844,-98,0,3421.0,3413.0,819.0,795.0,-76.0,-62.0
3415,875,-127,0,3422.0,3421.0,844.0,819.0,-98.0,-76.0
3406,901,-157,0,3415.0,3422.0,875.0,844.0,-127.0,-98.0
3393,936,-183,0,3406.0,3415.0,901.0,875.0,-157.0,-127.0
3377,976,-200,0,3393.0,3406.0,936.0,901.0,-183.0,-157.0
3358,1015,-202,0,3377.0,3393.0,976.0,936.0,-200.0,-183.0
3342,1047,-183,0,3358.0,3377.0,1015.0,976.0,-202.0,-200.0
3331,1067,-151,0,3342.0,3358.0,1047.0,1015.0,-183.0,-202.0
3316,1078,-125,0,3331.0,3342.0,1067.0,1047.0,-151.0,-183.0
3284,1076,-123,0,3316.0,3331.0,1078.0,1067.0,-125.0,-151.0
3229,1072,-161,0,3284.0,3316.0,1076.0,1078.0,-123.0,-125.0
3158,1065,-215,0,3229.0,3284.0,1072.0,1076.0,-161.0,-123.0
3093,1059,-253,0,3158.0,3229.0,1065.0,1072.0,-215.0,-161.0
3045,1062,-247,0,3093.0,3158.0,1059.0,1065.0,-253.0,-215.0
3018,1073,-210,0,3045.0,3093.0,1062.0,1059.0,-247.0,-253.0
3002,1093,-152,0,3018.0,3045.0,1073.0,1062.0,-210.0,-247.0
2988,1122,-93,0,3002.0,3018.0,1093.0,1073.0,-152.0,-210.0
3000,1148,-9,0,2988.0,3002.0,1122.0,1093.0,-93.0,-152.0
3048,1179,142,0,3000.0,2988.0,1148.0,1122.0,-9.0,-93.0
3140,1206,349,0,3048.0,3000.0,1179.0,1148.0,142.0,-9.0
3265,1227,556,0,3140.0,3048.0,1206.0,1179.0,349.0,142.0
3386,1241,726,0,3265.0,3140.0,1227.0,1206.0,556.0,349.0
3481,1257,830,0,3386.0,3265.0,1241.0,1227.0,726.0,556.0
3560,1262,874,0,3481.0,3386.0,1257.0,1241.0,830.0,726.0
3626,1273,894,0,3560.0,3481.0,1262.0,1257.0,874.0,830.0
3696,1278,912,0,3626.0,3560.0,1273.0,1262.0,894.0,874.0
3772,1292,910,0,3696.0,3626.0,1278.0,1273.0,912.0,894.0
3849,1306,888,0,3772.0,3696.0,1292.0,1278.0,910.0,912.0
3923,1306,852,0,3849.0,3772.0,1306.0,1292.0,888.0,910.0
3991,1284,809,0,3923.0,3849.0,1306.0,1306.0,852.0,888.0
4045,1252,772,0,3991.0,3923.0,1284.0,1306.0,809.0,852.0
4087,1180,716,0,4045.0,3991.0,1252.0,1284.0,772.0,809.0
4111,1087,620,0,4087.0,4045.0,1180.0,1252.0,716.0,772.0
4111,980,506,0,4111.0,4087.0,1087.0,1180.0,620.0,716.0
4093,867,391,0,4111.0,4111.0,980.0,1087.0,506.0,620.0
4049,748,280,0,4093.0,4111.0,867.0,980.0,391.0,506.0
3985,628,191,0,4049.0,4093.0,748.0,867.0,280.0,391.0
3911,501,131,0,3985.0,4049.0,628.0,748.0,191.0,280.0
3833,379,117,0,3911.0,3985.0,501.0,628.0,131.0,191.0
3758,260,138,0,3833.0,3911.0,379.0,501.0,117.0,131.0
3678,154,168,0,3758.0,3833.0,260.0,379.0,138.0,117.0
3592,76,190,0,3678.0,3758.0,154.0,260.0,168.0,138.0
3488,33,206,0,3592.0,3678.0,76.0,154.0,190.0,168.0
3367,22,211,0,3488.0,3592.0,33.0,76.0,206.0,190.0
3228,58,207,0,3367.0,3488.0,22.0,33.0,211.0,206.0
3090,126,184,0,3228.0,3367.0,58.0,22.0,207.0,211.0
2981,196,155,0,3090.0,3228.0,126.0,58.0,184.0,207.0
2886,269,89,0,2981.0,3090.0,196.0,126.0,155.0,184.0
2803,349,-33,0,2886.0,2981.0,269.0,196.0,89.0,155.0
2724,460,-207,0,2803.0,2886.0,349.0,269.0,-33.0,89.0
2676,608,-392,0,2724.0,2803.0,460.0,349.0,-207.0,-33.0
2681,789,-540,0,2676.0,2724.0,608.0,460.0,-392.0,-207.0
2753,1001,-638,0,2681.0,2676.0,789.0,608.0,-540.0,-392.0
2884,1237,-700,0,2753.0,2681.0,1001.0,789.0,-638.0,-540.0
3053,1501,-744,0,2884.0,2753.0,1237.0,1001.0,-700.0,-638.0
3245,1793,-778,0,3053.0,2884.0,1501.0,1237.0,-744.0,-700.0
3444,2112,-806,0,3245.0,3053.0,1793.0,1501.0,-778.0,-744.0
3643,2451,-810,0,3444.0,3245.0,2112.0,1793.0,-806.0,-778.0
3837,2788,-800,0,3643.0,3444.0,2451.0,2112.0,-810.0,-806.0
4025,3100,-775,0,3837.0,3643.0,2788.0,2451.0,-800.0,-810.0
4217,3368,-741,0,4025.0,3837.0,3100.0,2788.0,-775.0,-800.0
4413,3572,-693,0,4217.0,4025.0,3368.0,3100.0,-741.0,-775.0
4614,3705,-627,0,4413.0,4217.0,3572.0,3368.0,-693.0,-741.0
4816,3764,-529,0,4614.0,4413.0,3705.0,3572.0,-627.0,-693.0
5015,3751,-423,0,4816.0,4614.0,3764.0,3705.0,-529.0,-627.0
5196,3678,-339,0,5015.0,4816.0,3751.0,3764.0,-423.0,-529.0
5331,3549,-298,0,5196.0,5015.0,3678.0,3751.0,-339.0,-423.0
5426,3379,-287,0,5331.0,5196.0,3549.0,3678.0,-298.0,-339.0
5483,3175,-271,0,5426.0,5331.0,3379.0,3549.0,-287.0,-298.0
5499,2960,-253,0,5483.0,5426.0,3175.0,3379.0,-271.0,-287.0
5474,2748,-236,0,5499.0,5483.0,2960.0,3175.0,-253.0,-271.0
5430,2551,-207,0,5474.0,5499.0,2748.0,2960.0,-236.0,-253.0
5385,2363,-157,0,5430.0,5474.0,2551.0,2748.0,-207.0,-236.0
5342,2193,-85,0,5385.0,5430.0,2363.0,2551.0,-157.0,-207.0
5311,2030,-6,0,5342.0,5385.0,2193.0,2363.0,-85.0,-157.0
5297,1880,91,0,5311.0,5342.0,2030.0,2193.0,-6.0,-85.0
5293,1745,203,0,5297.0,5311.0,1880.0,2030.0,91.0,-6.0
5296,1635,312,0,5293.0,5297.0,1745.0,1880.0,203.0,91.0
5299,1554,385,0,5296.0,5293.0,1635.0,1745.0,312.0,203.0
5292,1510,401,0,5299.0,5296.0,1554.0,1635.0,385.0,312.0
5273,1490,379,0,5292.0,5299.0,1510.0,1554.0,401.0,385.0
5262,1473,355,0,5273.0,5292.0,1490.0,1510.0,379.0,401.0
5271,1446,332,0,5262.0,5273.0,1473.0,1490.0,355.0,379.0
5307,1405,324,0,5271.0,5262.0,1446.0,1473.0,332.0,355.0
5348,1338,322,0,5307.0,5271.0,1405.0,1446.0,324.0,332.0
5374,1265,306,0,5348.0,5307.0,1338.0,1405.0,322.0,324.0
5369,1220,259,0,5374.0,5348.0,1265.0,1338.0,306.0,322.0
5356,1191,222,0,5369.0,5374.0,1220.0,1265.0,259.0,306.0
5348,1164,220,0,5356.0,5369.0,1191.0,1220.0,222.0,259.0
5331,1136,237,0,5348.0,5356.0,1164.0,1191.0,220.0,222.0
5311,1096,260,0,5331.0,5348.0,1136.0,1164.0,237.0,220.0
5271,1038,274,0,5311.0,5331.0,1096.0,1136.0,260.0,237.0
5216,962,266,0,5271.0,5311.0,1038.0,1096.0,274.0,260.0
5142,869,239,0,5216.0,5271.0,962.0,1038.0,266.0,274.0
5048,777,203,0,5142.0,5216.0,869.0,962.0,239.0,266.0
4942,687,168,0,5048.0,5142.0,777.0,869.0,203.0,239.0
4820,603,134,0,4942.0,5048.0,687.0,777.0,168.0,203.0
4690,528,110,0,4820.0,4942.0,603.0,687.0,134.0,168.0
4545,472,86,0,4690.0,4820.0,528.0,603.0,110.0,134.0
4398,423,66,0,4545.0,4690.0,472.0,528.0,86.0,110.0
4243,388,53,0,4398.0,4545.0,423.0,472.0,66.0,86.0
4087,364,40,0,4243.0,4398.0,388.0,423.0,53.0,66.0
3930,344,35,0,4087.0,4243.0,364.0,388.0,40.0,53.0
3765,331,27,0,3930.0,4087.0,344.0,364.0,35.0,40.0
3595,323,19,0,3765.0,3930.0,331.0,344.0,27.0,35.0
3438,312,15,0,3595.0,3765.0,323.0,331.0,19.0,27.0
3285,298,10,0,3438.0,3595.0,312.0,323.0,15.0,19.0
3135,290,3,0,3285.0,3438.0,298.0,312.0,10.0,15.0
2990,281,-2,0,3135.0,3285.0,290.0,298.0,3.0,10.0
2845,272,1,0,2990.0,3135.0,281.0,290.0,-2.0,3.0
2715,275,12,0,2845.0,2990.0,272.0,281.0,1.0,-2.0
2604,276,38,0,2715.0,2845.0,275.0,272.0,12.0,1.0
2511,284,84,0,2604.0,2715.0,276.0,275.0,38.0,12.0
2439,301,138,0,2511.0,2604.0,284.0,276.0,84.0,38.0
2387,332,196,0,2439.0,2511.0,301.0,284.0,138.0,84.0
2348,381,242,0,2387.0,2439.0,332.0,301.0,196.0,138.0
2331,456,282,0,2348.0,2387.0,381.0,332.0,242.0,196.0
2334,573,317,0,2331.0,2348.0,456.0,381.0,282.0,242.0
2354,725,357,0,2334.0,2331.0,573.0,456.0,317.0,282.0
2388,901,405,0,2354.0,2334.0,725.0,573.0,357.0,317.0
2434,1098,464,0,2388.0,2354.0,901.0,725.0,405.0,357.0
2487,1309,534,0,2434.0,2388.0,1098.0,901.0,464.0,405.0
2543,1523,612,0,2487.0,2434.0,1309.0,1098.0,534.0,464.0
2597,1721,683,0,2543.0,2487.0,1523.0,1309.0,612.0,534.0
2642,1894,734,0,2597.0,2543.0,1721.0,1523.0,683.0,612.0
2678,2041,779,0,2642.0,2597.0,1894.0,1721.0,734.0,683.0
2708,2142,808,0,2678.0,2642.0,2041.0,1894.0,779.0,734.0
2738,2209,826,0,2708.0,2678.0,2142.0,2041.0,808.0,779.0
2766,2232,842,0,2738.0,2708.0,2209.0,2142.0,826.0,808.0
2793,2208,854,0,2766.0,2738.0,2232.0,2209.0,842.0,826.0
2819,2156,851,0,2793.0,2766.0,2208.0,2232.0,854.0,842.0
2847,2077,840,0,2819.0,2793.0,2156.0,2208.0,851.0,854.0
2881,1973,816,0,2847.0,2819.0,2077.0,2156.0,840.0,851.0
2924,1865,780,0,2881.0,2847.0,1973.0,2077.0,816.0,840.0
2971,1751,737,0,2924.0,2881.0,1865.0,1973.0,780.0,816.0
3010,1631,676,0,2971.0,2924.0,1751.0,1865.0,737.0,780.0
3032,1517,596,0,3010.0,2971.0,1631.0,1751.0,676.0,737.0
3046,1406,512,0,3032.0,3010.0,1517.0,1631.0,596.0,676.0
3065,1299,445,0,3046.0,3032.0,1406.0,1517.0,512.0,596.0
3103,1195,415,0,3065.0,3046.0,1299.0,1406.0,445.0,512.0
3156,1099,416,0,3103.0,3065.0,1195.0,1299.0,415.0,445.0
3212,1021,439,0,3156.0,3103.0,1099.0,1195.0,416.0,415.0
3268,962,469,0,3212.0,3156.0,1021.0,1099.0,439.0,416.0
3315,922,496,0,3268.0,3212.0,962.0,1021.0,469.0,439.0
3353,896,521,0,3315.0,3268.0,922.0,962.0,496.0,469.0
3380,885,530,0,3353.0,3315.0,896.0,922.0,521.0,496.0
3395,878,528,0,3380.0,3353.0,885.0,896.0,530.0,521.0
3398,880,519,0,3395.0,3380.0,878.0,885.0,528.0,530.0
3386,885,507,0,3398.0,3395.0,880.0,878.0,519.0,528.0
3363,891,493,0,3386.0,3398.0,885.0,880.0,507.0,519.0
3329,896,479,0,3363.0,3386.0,891.0,885.0,493.0,507.0
3289,898,480,0,3329.0,3363.0,896.0,891.0,479.0,493.0
3269,886,504,0,3289.0,3329.0,898.0,896.0,480.0,479.0
3258,865,556,0,3269.0,3289.0,886.0,898.0,504.0,480.0
3254,842,609,0,3258.0,3269.0,865.0,886.0,556.0,504.0
3254,822,648,0,3254.0,3258.0,842.0,865.0,609.0,556.0
3247,803,664,0,3254.0,3254.0,822.0,842.0,648.0,609.0
3226,795,637,0,3247.0,3254.0,803.0,822.0,664.0,648.0
3196,794,592,0,3226.0,3247.0,795.0,803.0,637.0,664.0
3171,780,541,0,3196.0,3226.0,794.0,795.0,592.0,637.0
3158,755,493,0,3171.0,3196.0,780.0,794.0,541.0,592.0
3155,712,452,0,3158.0,3171.0,755.0,780.0,493.0,541.0
3169,652,417,0,3155.0,3158.0,712.0,755.0,452.0,493.0
3204,571,389,0,3169.0,3155.0,652.0,712.0,417.0,452.0
3244,485,365,0,3204.0,3169.0,571.0,652.0,389.0,417.0
3299,386,351,0,3244.0,3204.0,485.0,571.0,365.0,389.0
3356,291,338,0,3299.0,3244.0,386.0,485.0,351.0,365.0
3413,215,328,0,3356.0,3299.0,291.0,386.0,338.0,351.0
3467,162,317,0,3413.0,3356.0,215.0,291.0,328.0,338.0
3517,130,323,0,3467.0,3413.0,162.0,215.0,317.0,328.0
3575,123,336,0,3517.0,3467.0,130.0,162.0,323.0,317.0
3632,137,364,0,3575.0,3517.0,123.0,130.0,336.0,323.0
3694,171,404,0,3632.0,3575.0,137.0,123.0,364.0,336.0
3753,231,467,0,3694.0,3632.0,171.0,137.0,404.0,364.0
3804,314,552,0,3753.0,3694.0,231.0,171.0,467.0,404.0
3845,420,640,0,3804.0,3753.0,314.0,231.0,552.0,467.0
3877,542,716,0,3845.0,3804.0,420.0,314.0,640.0,552.0
3892,675,779,0,3877.0,3845.0,542.0,420.0,716.0,640.0
3909,805,840,0,3892.0,3877.0,675.0,542.0,779.0,716.0
3930,923,917,0,3909.0,3892.0,805.0,675.0,840.0,779.0
3958,1026,1010,0,3930.0,3909.0,923.0,805.0,917.0,840.0
3982,1118,1098,0,3958.0,3930.0,1026.0,923.0,1010.0,917.0
3992,1194,1164,0,3982.0,3958.0,1118.0,1026.0,1098.0,1010.0
3994,1270,1202,0,3992.0,3982.0,1194.0,1118.0,1164.0,1098.0
3984,1337,1241,0,3994.0,3992.0,1270.0,1194.0,1202.0,1164.0
3976,1391,1284,0,3984.0,3994.0,1337.0,1270.0,1241.0,1202.0
3964,1433,1320,0,3976.0,3984.0,1391.0,1337.0,1284.0,1241.0
3938,1470,1336,0,3964.0,3976.0,1433.0,1391.0,1320.0,1284.0
3907,1492,1325,0,3938.0,3964.0,1470.0,1433.0,1336.0,1320.0
3865,1488,1294,0,3907.0,3938.0,1492.0,1470.0,1325.0,1336.0
3821,1453,1251,0,3865.0,3907.0,1488.0,1492.0,1294.0,1325.0
3776,1398,1196,0,3821.0,3865.0,1453.0,1488.0,1251.0,1294.0
3733,1329,1121,0,3776.0,3821.0,1398.0,1453.0,1196.0,1251.0
3689,1256,1023,0,3733.0,3776.0,1329.0,1398.0,1121.0,1196.0
3639,1185,913,0,3689.0,3733.0,1256.0,1329.0,1023.0,1121.0
3590,1112,798,0,3639.0,3689.0,1185.0,1256.0,913.0,1023.0
3540,1041,692,0,3590.0,3639.0,1112.0,1185.0,798.0,913.0
3501,975,612,0,3540.0,3590.0,1041.0,1112.0,692.0,798.0
3474,922,546,0,3501.0,3540.0,975.0,1041.0,612.0,692.0
3460,882,488,0,3474.0,3501.0,922.0,975.0,546.0,612.0
3451,858,424,0,3460.0,3474.0,882.0,922.0,488.0,546.0
3443,836,341,0,3451.0,3460.0,858.0,882.0,424.0,488.0
3444,808,262,0,3443.0,3451.0,836.0,858.0,341.0,424.0
3495,762,260,0,3444.0,3443.0,808.0,836.0,262.0,341.0
3607,713,356,0,3495.0,3444.0,762.0,808.0,260.0,262.0
3741,675,442,0,3607.0,3495.0,713.0,762.0,356.0,260.0
3852,637,407,0,3741.0,3607.0,675.0,713.0,442.0,356.0
3928,583,262,0,3852.0,3741.0,637.0,675.0,407.0,442.0
3971,516,59,0,3928.0,3852.0,583.0,637.0,262.0,407.0
4025,435,-135,0,3971.0,3928.0,516.0,583.0,59.0,262.0
4107,374,-283,0,4025.0,3971.0,435.0,516.0,-135.0,59.0
4225,358,-406,0,4107.0,4025.0,374.0,435.0,-283.0,-135.0
4373,384,-527,0,4225.0,4107.0,358.0,374.0,-406.0,-283.0
4548,472,-639,0,4373.0,4225.0,384.0,358.0,-527.0,-406.0
4752,618,-723,0,4548.0,4373.0,472.0,384.0,-639.0,-527.0
5001,821,-749,0,4752.0,4548.0,618.0,472.0,-723.0,-639.0
5287,1081,-703,0,5001.0,4752.0,821.0,618.0,-749.0,-723.0
5596,1382,-617,0,5287.0,5001.0,1081.0,821.0,-703.0,-749.0
5904,1720,-548,0,5596.0,5287.0,1382.0,1081.0,-617.0,-703.0
6166,2067,-544,0,5904.0,5596.0,1720.0,1382.0,-548.0,-617.0
6365,2413,-592,0,6166.0,5904.0,2067.0,1720.0,-544.0,-548.0
6503,2725,-650,0,6365.0,6166.0,2413.0,2067.0,-592.0,-544.0
6577,2977,-675,0,6503.0,6365.0,2725.0,2413.0,-650.0,-592.0
6568,3115,-653,0,6577.0,6503.0,2977.0,2725.0,-675.0,-650.0
6465,3119,-619,0,6568.0,6577.0,3115.0,2977.0,-653.0,-675.0
6275,3010,-636,0,6465.0,6568.0,3119.0,3115.0,-619.0,-653.0
6030,2816,-699,0,6275.0,6465.0,3010.0,3119.0,-636.0,-619.0
5796,2565,-733,0,6030.0,6275.0,2816.0,3010.0,-699.0,-636.0
5593,2303,-736,0,5796.0,6030.0,2565.0,2816.0,-733.0,-699.0
5421,2052,-728,0,5593.0,5796.0,2303.0,2565.0,-736.0,-733.0
5282,1854,-734,0,5421.0,5593.0,2052.0,2303.0,-728.0,-736.0
5210,1647,-732,0,5282.0,5421.0,1854.0,2052.0,-734.0,-728.0
5209,1437,-697,0,5210.0,5282.0,1647.0,1854.0,-732.0,-734.0
5263,1235,-603,0,5209.0,5210.0,1437.0,1647.0,-697.0,-732.0
5340,1012,-463,0,5263.0,5209.0,1235.0,1437.0,-603.0,-697.0
5403,757,-333,0,5340.0,5263.0,1012.0,1235.0,-463.0,-603.0
5418,479,-260,0,5403.0,5340.0,757.0,1012.0,-333.0,-463.0
5376,205,-246,0,5418.0,5403.0,479.0,757.0,-260.0,-333.0
5288,-39,-259,0,5376.0,5418.0,205.0,479.0,-246.0,-260.0
5150,-218,-285,0,5288.0,5376.0,-39.0,205.0,-259.0,-246.0
4971,-299,-315,0,5150.0,5288.0,-218.0,-39.0,-285.0,-259.0
4769,-258,-338,0,4971.0,5150.0,-299.0,-218.0,-315.0,-285.0
4576,-115,-330,0,4769.0,4971.0,-258.0,-299.0,-338.0,-315.0
4396,104,-295,0,4576.0,4769.0,-115.0,-258.0,-330.0,-338.0
4241,362,-246,0,4396.0,4576.0,104.0,-115.0,-295.0,-330.0
4098,620,-193,0,4241.0,4396.0,362.0,104.0,-246.0,-295.0
3971,858,-145,0,4098.0,4241.0,620.0,362.0,-193.0,-246.0
3857,1075,-100,0,3971.0,4098.0,858.0,620.0,-145.0,-193.0
3747,1275,-51,0,3857.0,3971.0,1075.0,858.0,-100.0,-145.0
3640,1451,3,0,3747.0,3857.0,1275.0,1075.0,-51.0,-100.0
3530,1611,57,0,3640.0,3747.0,1451.0,1275.0,3.0,-51.0
3412,1753,91,0,3530.0,3640.0,1611.0,1451.0,57.0,3.0
3283,1882,104,0,3412.0,3530.0,1753.0,1611.0,91.0,57.0
3150,1985,119,0,3283.0,3412.0,1882.0,1753.0,104.0,91.0
3013,2065,133,0,3150.0,3283.0,1985.0,1882.0,119.0,104.0
2885,2110,133,0,3013.0,3150.0,2065.0,1985.0,133.0,119.0
2763,2129,126,0,2885.0,3013.0,2110.0,2065.0,133.0,133.0
2660,2118,111,0,2763.0,2885.0,2129.0,2110.0,126.0,133.0
2571,2078,90,0,2660.0,2763.0,2118.0,2129.0,111.0,126.0
2505,2014,60,0,2571.0,2660.0,2078.0,2118.0,90.0,111.0
2462,1935,29,0,2505.0,2571.0,2014.0,2078.0,60.0,90.0
2439,1847,2,0,2462.0,2505.0,1935.0,2014.0,29.0,60.0
2446,1759,-19,0,2439.0,2462.0,1847.0,1935.0,2.0,29.0
2478,1674,-24,0,2446.0,2439.0,1759.0,1847.0,-19.0,2.0
2527,1602,-33,0,2478.0,2446.0,1674.0,1759.0,-24.0,-19.0
2594,1541,-65,0,2527.0,2478.0,1602.0,1674.0,-33.0,-24.0
2673,1495,-109,0,2594.0,2527.0,1541.0,1602.0,-65.0,-33.0
2765,1465,-162,0,2673.0,2594.0,1495.0,1541.0,-109.0,-65.0
2872,1444,-212,0,2765.0,2673.0,1465.0,1495.0,-162.0,-109.0
3007,1425,-257,0,2872.0,2765.0,1444.0,1465.0,-212.0,-162.0
3162,1407,-292,0,3007.0,2872.0,1425.0,1444.0,-257.0,-212.0
3337,1383,-316,0,3162.0,3007.0,1407.0,1425.0,-292.0,-257.0
3514,1351,-355,0,3337.0,3162.0,1383.0,1407.0,-316.0,-292.0
3694,1315,-406,0,3514.0,3337.0,1351.0,1383.0,-355.0,-316.0
3864,1276,-461,0,3694.0,3514.0,1315.0,1351.0,-406.0,-355.0
4022,1234,-512,0,3864.0,3694.0,1276.0,1315.0,-461.0,-406.0
4187,1191,-542,0,4022.0,3864.0,1234.0,1276.0,-512.0,-461.0
4340,1142,-557,0,4187.0,4022.0,1191.0,1234.0,-542.0,-512.0
4490,1085,-561,0,4340.0,4187.0,1142.0,1191.0,-557.0,-542.0
4622,1013,-551,0,4490.0,4340.0,1085.0,1142.0,-561.0,-557.0
4728,932,-547,0,4622.0,4490.0,1013.0,1085.0,-551.0,-561.0
4794,838,-544,0,4728.0,4622.0,932.0,1013.0,-547.0,-551.0
4805,738,-548,0,4794.0,4728.0,838.0,932.0,-544.0,-547.0
4767,643,-547,0,4805.0,4794.0,738.0,838.0,-548.0,-544.0
4694,566,-513,0,4767.0,4805.0,643.0,738.0,-547.0,-548.0
4597,512,-450,0,4694.0,4767.0,566.0,643.0,-513.0,-547.0
4479,477,-373,0,4597.0,4694.0,512.0,566.0,-450.0,-513.0
4344,460,-303,0,4479.0,4597.0,477.0,512.0,-373.0,-450.0
4198,440,-243,0,4344.0,4479.0,460.0,477.0,-303.0,-373.0
4037,415,-205,0,4198.0,4344.0,440.0,460.0,-243.0,-303.0
3852,384,-199,0,4037.0,4198.0,415.0,440.0,-205.0,-243.0
3663,356,-202,0,3852.0,4037.0,384.0,415.0,-199.0,-205.0
3475,338,-204,0,3663.0,3852.0,356.0,384.0,-202.0,-199.0
3308,338,-185,0,3475.0,3663.0,338.0,356.0,-204.0,-202.0
3171,353,-131,0,3308.0,3475.0,338.0,338.0,-185.0,-204.0
3084,393,-40,0,3171.0,3308.0,353.0,338.0,-131.0,-185.0
3040,443,69,0,3084.0,3171.0,393.0,353.0,-40.0,-131.0
3029,511,166,0,3040.0,3084.0,443.0,393.0,69.0,-40.0
3022,587,220,0,3029.0,3040.0,511.0,443.0,166.0,69.0
3018,659,225,0,3022.0,3029.0,587.0,511.0,220.0,166.0
3023,702,206,0,3018.0,3022.0,659.0,587.0,225.0,220.0
3043,734,178,0,3023.0,3018.0,702.0,659.0,206.0,225.0
3078,749,148,0,3043.0,3023.0,734.0,702.0,178.0,206.0
3126,765,120,0,3078.0,3043.0,749.0,734.0,148.0,178.0
3185,777,113,0,3126.0,3078.0,765.0,749.0,120.0,148.0
3260,802,152,0,3185.0,3126.0,777.0,765.0,113.0,120.0
3338,836,223,0,3260.0,3185.0,802.0,777.0,152.0,113.0
3414,883,302,0,3338.0,3260.0,836.0,802.0,223.0,152.0
3473,932,371,0,3414.0,3338.0,883.0,836.0,302.0,223.0
3517,986,413,0,3473.0,3414.0,932.0,883.0,371.0,302.0
3544,1044,433,0,3517.0,3473.0,986.0,932.0,413.0,371.0
3559,1097,438,0,3544.0,3517.0,1044.0,986.0,433.0,413.0
3578,1142,451,0,3559.0,3544.0,1097.0,1044.0,438.0,433.0
3618,1175,488,0,3578.0,3559.0,1142.0,1097.0,451.0,438.0
3677,1196,541,0,3618.0,3578.0,1175.0,1142.0,488.0,451.0
3745,1192,589,0,3677.0,3618.0,1196.0,1175.0,541.0,488.0
3813,1172,616,0,3745.0,3677.0,1192.0,1196.0,589.0,541.0
3861,1129,608,0,3813.0,3745.0,1172.0,1192.0,616.0,589.0
3877,1080,551,0,3861.0,3813.0,1129.0,1172.0,608.0,616.0
3890,986,459,0,3877.0,3861.0,1080.0,1129.0,551.0,608.0
3890,885,352,0,3890.0,3877.0,986.0,1080.0,459.0,551.0
3893,773,259,0,3890.0,3890.0,885.0,986.0,352.0,459.0
3918,645,192,0,3893.0,3890.0,773.0,885.0,259.0,352.0
3947,508,146,0,3918.0,3893.0,645.0,773.0,192.0,259.0
3974,371,93,0,3947.0,3918.0,508.0,645.0,146.0,192.0
3983,244,39,0,3974.0,3947.0,371.0,508.0,93.0,146.0
3981,122,6,0,3983.0,3974.0,244.0,371.0,39.0,93.0
3969,15,3,0,3981.0,3983.0,122.0,244.0,6.0,39.0
3950,-87,31,0,3969.0,3981.0,15.0,122.0,3.0,6.0
3923,-170,86,0,3950.0,3969.0,-87.0,15.0,31.0,3.0
3878,-227,149,0,3923.0,3950.0,-170.0,-87.0,86.0,31.0
3814,-259,192,0,3878.0,3923.0,-227.0,-170.0,149.0,86.0
3742,-254,210,0,3814.0,3878.0,-259.0,-227.0,192.0,149.0
3660,-212,201,0,3742.0,3814.0,-254.0,-259.0,210.0,192.0
3581,-139,187,0,3660.0,3742.0,-212.0,-254.0,201.0,210.0
3507,-38,183,0,3581.0,3660.0,-139.0,-212.0,187.0,201.0
3449,92,185,0,3507.0,3581.0,-38.0,-139.0,183.0,187.0
3406,241,189,0,3449.0,3507.0,92.0,-38.0,185.0,183.0
3365,416,175,0,3406.0,3449.0,241.0,92.0,189.0,185.0
3320,604,136,0,3365.0,3406.0,416.0,241.0,175.0,189.0
3266,793,82,0,3320.0,3365.0,604.0,416.0,136.0,175.0
3226,971,40,0,3266.0,3320.0,793.0,604.0,82.0,136.0
3186,1133,2,0,3226.0,3266.0,971.0,793.0,40.0,82.0
3146,1282,-47,0,3186.0,3226.0,1133.0,971.0,2.0,40.0
3090,1415,-106,0,3146.0,3186.0,1282.0,1133.0,-47.0,2.0
3028,1532,-158,0,3090.0,3146.0,1415.0,1282.0,-106.0,-47.0
2981,1601,-168,0,3028.0,3090.0,1532.0,1415.0,-158.0,-106.0
2956,1634,-151,0,2981.0,3028.0,1601.0,1532.0,-168.0,-158.0
2929,1647,-130,0,2956.0,2981.0,1634.0,1601.0,-151.0,-168.0
2905,1658,-101,0,2929.0,2956.0,1647.0,1634.0,-130.0,-151.0
2888,1655,-48,0,2905.0,2929.0,1658.0,1647.0,-101.0,-130.0
2901,1638,54,0,2888.0,2905.0,1655.0,1658.0,-48.0,-101.0
2927,1614,171,0,2901.0,2888.0,1638.0,1655.0,54.0,-48.0
2963,1591,276,0,2927.0,2901.0,1614.0,1638.0,171.0,54.0
3015,1559,365,0,2963.0,2927.0,1591.0,1614.0,276.0,171.0
3070,1517,422,0,3015.0,2963.0,1559.0,1591.0,365.0,276.0
3124,1463,435,0,3070.0,3015.0,1517.0,1559.0,422.0,365.0
3172,1410,410,0,3124.0,3070.0,1463.0,1517.0,435.0,422.0
3216,1353,352,0,3172.0,3124.0,1410.0,1463.0,410.0,435.0
3267,1291,282,0,3216.0,3172.0,1353.0,1410.0,352.0,410.0
3339,1222,236,0,3267.0,3216.0,1291.0,1353.0,282.0,352.0
3431,1157,210,0,3339.0,3267.0,1222.0,1291.0,236.0,282.0
3526,1110,176,0,3431.0,3339.0,1157.0,1222.0,210.0,236.0
3636,1071,125,0,3526.0,3431.0,1110.0,1157.0,176.0,210.0
3760,1027,49,0,3636.0,3526.0,1071.0,1110.0,125.0,176.0
3893,985,-29,0,3760.0,3636.0,1027.0,1071.0,49.0,125.0
4001,973,-94,0,3893.0,3760.0,985.0,1027.0,-29.0,49.0
4092,1011,-164,0,4001.0,3893.0,973.0,985.0,-94.0,-29.0
4148,1099,-256,0,4092.0,4001.0,1011.0,973.0,-164.0,-94.0
4180,1219,-358,0,4148.0,4092.0,1099.0,1011.0,-256.0,-164.0
4220,1351,-446,0,4180.0,4148.0,1219.0,1099.0,-358.0,-256.0
4273,1484,-494,0,4220.0,4180.0,1351.0,1219.0,-446.0,-358.0
4332,1631,-512,0,4273.0,4220.0,1484.0,1351.0,-494.0,-446.0
4398,1789,-514,0,4332.0,4273.0,1631.0,1484.0,-512.0,-494.0
4462,1956,-517,0,4398.0,4332.0,1789.0,1631.0,-514.0,-512.0
4510,2135,-536,0,4462.0,4398.0,1956.0,1789.0,-517.0,-514.0
4542,2323,-572,0,4510.0,4462.0,2135.0,1956.0,-536.0,-517.0
4556,2512,-616,0,4542.0,4510.0,2323.0,2135.0,-572.0,-536.0
4568,2675,-638,0,4556.0,4542.0,2512.0,2323.0,-616.0,-572.0
4592,2798,-627,0,4568.0,4556.0,2675.0,2512.0,-638.0,-616.0
4619,2860,-587,0,4592.0,4568.0,2798.0,2675.0,-627.0,-638.0
4642,2855,-544,0,4619.0,4592.0,2860.0,2798.0,-587.0,-627.0
4654,2784,-503,0,4642.0,4619.0,2855.0,2860.0,-544.0,-587.0
4654,2661,-458,0,4654.0,4642.0,2784.0,2855.0,-503.0,-544.0
4629,2504,-401,0,4654.0,4654.0,2661.0,2784.0,-458.0,-503.0
4584,2322,-320,0,4629.0,4654.0,2504.0,2661.0,-401.0,-458.0
4533,2106,-230,0,4584.0,4629.0,2322.0,2504.0,-320.0,-401.0
4474,1845,-146,0,4533.0,4584.0,2106.0,2322.0,-230.0,-320.0
4409,1557,-80,0,4474.0,4533.0,1845.0,2106.0,-146.0,-230.0
4342,1264,-43,0,4409.0,4474.0,1557.0,1845.0,-80.0,-146.0
4271,986,-32,0,4342.0,4409.0,1264.0,1557.0,-43.0,-80.0
4201,743,-42,0,4271.0,4342.0,986.0,1264.0,-32.0,-43.0
4149,539,-83,0,4201.0,4271.0,743.0,986.0,-42.0,-32.0
4115,358,-125,0,4149.0,4201.0,539.0,743.0,-83.0,-42.0
4116,219,-121,0,4115.0,4149.0,358.0,539.0,-125.0,-83.0
4177,145,-33,0,4116.0,4115.0,219.0,358.0,-121.0,-125.0
4304,134,137,0,4177.0,4116.0,145.0,219.0,-33.0,-121.0
4482,178,340,0,4304.0,4177.0,134.0,145.0,137.0,-33.0
4684,273,517,0,4482.0,4304.0,178.0,134.0,340.0,137.0
4891,421,624,0,4684.0,4482.0,273.0,178.0,517.0,340.0
5085,620,660,0,4891.0,4684.0,421.0,273.0,624.0,517.0
5261,863,664,0,5085.0,4891.0,620.0,421.0,660.0,624.0
5406,1165,662,0,5261.0,5085.0,863.0,620.0,664.0,660.0
5513,1504,683,0,5406.0,5261.0,1165.0,863.0,662.0,664.0
5580,1879,725,0,5513.0,5406.0,1504.0,1165.0,683.0,662.0
5590,2270,778,0,5580.0,5513.0,1879.0,1504.0,725.0,683.0
5559,2630,855,0,5590.0,5580.0,2270.0,1879.0,778.0,725.0
5505,2875,955,0,5559.0,5590.0,2630.0,2270.0,855.0,778.0
5448,2949,1004,0,5505.0,5559.0,2875.0,2630.0,955.0,855.0
5393,2832,959,0,5448.0,5505.0,2949.0,2875.0,1004.0,955.0
5333,2584,852,0,5393.0,5448.0,2832.0,2949.0,959.0,1004.0
5247,2286,733,0,5333.0,5393.0,2584.0,2832.0,852.0,959.0
5141,1971,618,0,5247.0,5333.0,2286.0,2584.0,733.0,852.0
5016,1671,531,0,5141.0,5247.0,1971.0,2286.0,618.0,733.0
4878,1406,475,0,5016.0,5141.0,1671.0,1971.0,531.0,618.0
4743,1178,426,0,4878.0,5016.0,1406.0,1671.0,475.0,531.0
4612,971,379,0,4743.0,4878.0,1178.0,1406.0,426.0,475.0
4482,787,325,0,4612.0,4743.0,971.0,1178.0,379.0,426.0
4356,627,262,0,4482.0,4612.0,787.0,971.0,325.0,379.0
4236,474,195,0,4356.0,4482.0,627.0,787.0,262.0,325.0
4140,328,133,0,4236.0,4356.0,474.0,627.0,195.0,262.0
4050,187,81,0,4140.0,4236.0,328.0,474.0,133.0,195.0
3958,66,36,0,4050.0,4140.0,187.0,328.0,81.0,133.0
3862,-37,-4,0,3958.0,4050.0,66.0,187.0,36.0,81.0
3765,-118,-37,0,3862.0,3958.0,-37.0,66.0,-4.0,36.0
3668,-161,-58,0,3765.0,3862.0,-118.0,-37.0,-37.0,-4.0
3571,-166,-64,0,3668.0,3765.0,-161.0,-118.0,-58.0,-37.0
3477,-128,-48,0,3571.0,3668.0,-166.0,-161.0,-64.0,-58.0
3386,-63,-14,0,3477.0,3571.0,-128.0,-166.0,-48.0,-64.0
3295,31,37,0,3386.0,3477.0,-63.0,-128.0,-14.0,-48.0
3208,136,99,0,3295.0,3386.0,31.0,-63.0,37.0,-14.0
3124,251,163,0,3208.0,3295.0,136.0,31.0,99.0,37.0
3032,372,222,0,3124.0,3208.0,251.0,136.0,163.0,99.0
2940,487,281,0,3032.0,3124.0,372.0,251.0,222.0,163.0
2852,600,337,0,2940.0,3032.0,487.0,372.0,281.0,222.0
2764,709,390,0,2852.0,2940.0,600.0,487.0,337.0,281.0
2680,814,434,0,2764.0,2852.0,709.0,600.0,390.0,337.0
2609,918,479,0,2680.0,2764.0,814.0,709.0,434.0,390.0
2550,1027,526,0,2609.0,2680.0,918.0,814.0,479.0,434.0
2504,1137,573,0,2550.0,2609.0,1027.0,918.0,526.0,479.0
2468,1262,618,0,2504.0,2550.0,1137.0,1027.0,573.0,526.0
2444,1402,659,0,2468.0,2504.0,1262.0,1137.0,618.0,573.0
2424,1553,696,0,2444.0,2468.0,1402.0,1262.0,659.0,618.0
2422,1698,716,0,2424.0,2444.0,1553.0,1402.0,696.0,659.0
2430,1842,721,0,2422.0,2424.0,1698.0,1553.0,716.0,696.0
2457,1962,713,0,2430.0,2422.0,1842.0,1698.0,721.0,716.0
2513,2058,713,0,2457.0,2430.0,1962.0,1842.0,713.0,721.0
2592,2124,715,0,2513.0,2457.0,2058.0,1962.0,713.0,713.0
2687,2160,722,0,2592.0,2513.0,2124.0,2058.0,715.0,713.0
2793,2164,732,0,2687.0,2592.0,2160.0,2124.0,722.0,715.0
2902,2149,734,0,2793.0,2687.0,2164.0,2160.0,732.0,722.0
3013,2112,735,0,2902.0,2793.0,2149.0,2164.0,734.0,732.0
3118,2059,721,0,3013.0,2902.0,2112.0,2149.0,735.0,734.0
3214,1990,685,0,3118.0,3013.0,2059.0,2112.0,721.0,735.0
3306,1902,644,0,3214.0,3118.0,1990.0,2059.0,685.0,721.0
3397,1805,597,0,3306.0,3214.0,1902.0,1990.0,644.0,685.0
3479,1704,545,0,3397.0,3306.0,1805.0,1902.0,597.0,644.0
3561,1594,499,0,3479.0,3397.0,1704.0,1805.0,545.0,597.0
3647,1481,455,0,3561.0,3479.0,1594.0,1704.0,499.0,545.0
3731,1358,419,0,3647.0,3561.0,1481.0,1594.0,455.0,499.0
3804,1236,388,0,3731.0,3647.0,1358.0,1481.0,419.0,455.0
3865,1121,366,0,3804.0,3731.0,1236.0,1358.0,388.0,419.0
3910,1012,347,0,3865.0,3804.0,1121.0,1236.0,366.0,388.0
3943,908,338,0,3910.0,3865.0,1012.0,1121.0,347.0,366.0
3961,821,343,0,3943.0,3910.0,908.0,1012.0,338.0,347.0
3965,748,358,0,3961.0,3943.0,821.0,908.0,343.0,338.0
3961,686,372,0,3965.0,3961.0,748.0,821.0,358.0,343.0
3937,638,383,0,3961.0,3965.0,686.0,748.0,372.0,358.0
3888,605,376,0,3937.0,3961.0,638.0,686.0,383.0,372.0
3807,592,325,0,3888.0,3937.0,605.0,638.0,376.0,383.0
3697,598,244,0,3807.0,3888.0,592.0,605.0,325.0,376.0
3574,604,176,0,3697.0,3807.0,598.0,592.0,244.0,325.0
3453,604,127,0,3574.0,3697.0,604.0,598.0,176.0,244.0
3348,597,120,0,3453.0,3574.0,604.0,604.0,127.0,176.0
3261,569,140,0,3348.0,3453.0,597.0,604.0,120.0,127.0
3179,526,177,0,3261.0,3348.0,569.0,597.0,140.0,120.0
3115,468,221,0,3179.0,3261.0,526.0,569.0,177.0,140.0
3054,395,264,0,3115.0,3179.0,468.0,526.0,221.0,177.0
2997,312,292,0,3054.0,3115.0,395.0,468.0,264.0,221.0
2941,230,317,0,2997.0,3054.0,312.0,395.0,292.0,264.0
2896,151,343,0,2941.0,2997.0,230.0,312.0,317.0,292.0
2853,87,365,0,2896.0,2941.0,151.0,230.0,343.0,317.0
2824,43,378,0,2853.0,2896.0,87.0,151.0,365.0,343.0
2799,21,401,0,2824.0,2853.0,43.0,87.0,378.0,365.0
2795,18,451,0,2799.0,2824.0,21.0,43.0,401.0,378.0
2809,38,521,0,2795.0,2799.0,18.0,21.0,451.0,401.0
2829,84,596,0,2809.0,2795.0,38.0,18.0,521.0,451.0
2862,145,662,0,2829.0,2809.0,84.0,38.0,596.0,521.0
2908,223,715,0,2862.0,2829.0,145.0,84.0,662.0,596.0
2985,309,771,0,2908.0,2862.0,223.0,145.0,715.0,662.0
3076,400,817,0,2985.0,2908.0,309.0,223.0,771.0,715.0
3176,478,832,0,3076.0,2985.0,400.0,309.0,817.0,771.0
3289,542,832,0,3176.0,3076.0,478.0,400.0,832.0,817.0
3424,582,845,0,3289.0,3176.0,542.0,478.0,832.0,832.0
3565,617,866,0,3424.0,3289.0,582.0,542.0,845.0,832.0
3701,660,881,0,3565.0,3424.0,617.0,582.0,866.0,845.0
3817,719,868,0,3701.0,3565.0,660.0,617.0,881.0,866.0
3918,789,844,0,3817.0,3701.0,719.0,660.0,868.0,881.0
4007,865,822,0,3918.0,3817.0,789.0,719.0,844.0,868.0
4071,945,808,0,4007.0,3918.0,865.0,789.0,822.0,844.0
4136,1028,806,0,4071.0,4007.0,945.0,865.0,808.0,822.0
4182,1107,802,0,4136.0,4071.0,1028.0,945.0,806.0,808.0
4207,1184,779,0,4182.0,4136.0,1107.0,1028.0,802.0,806.0
4205,1246,742,0,4207.0,4182.0,1184.0,1107.0,779.0,802.0
4186,1290,710,0,4205.0,4207.0,1246.0,1184.0,742.0,779.0
4153,1317,682,0,4186.0,4205.0,1290.0,1246.0,710.0,742.0
4117,1321,660,0,4153.0,4186.0,1317.0,1290.0,682.0,710.0
4068,1296,657,0,4117.0,4153.0,1321.0,1317.0,660.0,682.0
4011,1244,671,0,4068.0,4117.0,1296.0,1321.0,657.0,660.0
3948,1175,690,0,4011.0,4068.0,1244.0,1296.0,671.0,657.0
3878,1099,720,0,3948.0,4011.0,1175.0,1244.0,690.0,671.0
3812,1019,746,0,3878.0,3948.0,1099.0,1175.0,720.0,690.0
3734,936,724,0,3812.0,3878.0,1019.0,1099.0,746.0,720.0
3646,853,648,0,3734.0,3812.0,936.0,1019.0,724.0,746.0
3573,765,562,0,3646.0,3734.0,853.0,936.0,648.0,724.0
3531,673,535,0,3573.0,3646.0,765.0,853.0,562.0,648.0
3505,602,516,0,3531.0,3573.0,673.0,765.0,535.0,562.0
3469,565,465,0,3505.0,3531.0,602.0,673.0,516.0,535.0
3408,556,348,0,3469.0,3505.0,565.0,602.0,465.0,516.0
3353,559,223,0,3408.0,3469.0,556.0,565.0,348.0,465.0
3335,565,168,0,3353.0,3408.0,559.0,556.0,223.0,348.0
3378,583,188,0,3335.0,3353.0,565.0,559.0,168.0,223.0
3477,621,254,0,3378.0,3335.0,583.0,565.0,188.0,168.0
3591,694,284,0,3477.0,3378.0,621.0,583.0,254.0,188.0
3664,792,168,0,3591.0,3477.0,694.0,621.0,284.0,254.0
3696,891,-83,0,3664.0,3591.0,792.0,694.0,168.0,284.0
3733,972,-396,0,3696.0,3664.0,891.0,792.0,-83.0,168.0
3817,1041,-670,0,3733.0,3696.0,972.0,891.0,-396.0,-83.0
3979,1112,-822,0,3817.0,3733.0,1041.0,972.0,-670.0,-396.0
4221,1195,-896,0,3979.0,3817.0,1112.0,1041.0,-822.0,-670.0
4522,1282,-963,0,4221.0,3979.0,1195.0,1112.0,-896.0,-822.0
4868,1343,-1024,0,4522.0,4221.0,1282.0,1195.0,-963.0,-896.0
5245,1390,-1057,0,4868.0,4522.0,1343.0,1282.0,-1024.0,-963.0
5626,1436,-1061,0,5245.0,4868.0,1390.0,1343.0,-1057.0,-1024.0
5994,1488,-1045,0,5626.0,5245.0,1436.0,1390.0,-1061.0,-1057.0
6317,1550,-1026,0,5994.0,5626.0,1488.0,1436.0,-1045.0,-1061.0
6545,1633,-1041,0,6317.0,5994.0,1550.0,1488.0,-1026.0,-1045.0
6654,1742,-1073,0,6545.0,6317.0,1633.0,1550.0,-1041.0,-1026.0
6642,1874,-1113,0,6654.0,6545.0,1742.0,1633.0,-1073.0,-1041.0
6509,2012,-1157,0,6642.0,6654.0,1874.0,1742.0,-1113.0,-1073.0
6291,2147,-1175,0,6509.0,6642.0,2012.0,1874.0,-1157.0,-1113.0
6039,2240,-1152,0,6291.0,6509.0,2147.0,2012.0,-1175.0,-1157.0
5811,2241,-1081,0,6039.0,6291.0,2240.0,2147.0,-1152.0,-1175.0
5605,2154,-958,0,5811.0,6039.0,2241.0,2240.0,-1081.0,-1152.0
5416,2021,-788,0,5605.0,5811.0,2154.0,2241.0,-958.0,-1081.0
5224,1884,-600,0,5416.0,5605.0,2021.0,2154.0,-788.0,-958.0
5019,1755,-422,0,5224.0,5416.0,1884.0,2021.0,-600.0,-788.0
4814,1629,-261,0,5019.0,5224.0,1755.0,1884.0,-422.0,-600.0
4602,1512,-129,0,4814.0,5019.0,1629.0,1755.0,-261.0,-422.0
4389,1393,-50,0,4602.0,4814.0,1512.0,1629.0,-129.0,-261.0
4182,1281,-43,0,4389.0,4602.0,1393.0,1512.0,-50.0,-129.0
3978,1193,-119,0,4182.0,4389.0,1281.0,1393.0,-43.0,-50.0
3809,1125,-233,0,3978.0,4182.0,1193.0,1281.0,-119.0,-43.0
3718,1061,-334,0,3809.0,3978.0,1125.0,1193.0,-233.0,-119.0
3759,1004,-388,0,3718.0,3809.0,1061.0,1125.0,-334.0,-233.0
3949,958,-370,0,3759.0,3718.0,1004.0,1061.0,-388.0,-334.0
4261,908,-299,0,3949.0,3759.0,958.0,1004.0,-370.0,-388.0
4640,830,-249,0,4261.0,3949.0,908.0,958.0,-299.0,-370.0
5016,710,-247,0,4640.0,4261.0,830.0,908.0,-249.0,-299.0
5343,548,-286,0,5016.0,4640.0,710.0,830.0,-247.0,-249.0
5589,364,-349,0,5343.0,5016.0,548.0,710.0,-286.0,-247.0
5729,212,-435,0,5589.0,5343.0,364.0,548.0,-349.0,-286.0
5737,137,-523,0,5729.0,5589.0,212.0,364.0,-435.0,-349.0
5611,175,-592,0,5737.0,5729.0,137.0,212.0,-523.0,-435.0
5383,326,-634,0,5611.0,5737.0,175.0,137.0,-592.0,-523.0
5109,569,-628,0,5383.0,5611.0,326.0,175.0,-634.0,-592.0
4834,850,-548,0,5109.0,5383.0,569.0,326.0,-628.0,-634.0
4590,1118,-418,0,4834.0,5109.0,850.0,569.0,-548.0,-628.0
4371,1346,-280,0,4590.0,4834.0,1118.0,850.0,-418.0,-548.0
4180,1509,-161,0,4371.0,4590.0,1346.0,1118.0,-280.0,-418.0
3988,1626,-72,0,4180.0,4371.0,1509.0,1346.0,-161.0,-280.0
3777,1711,-5,0,3988.0,4180.0,1626.0,1509.0,-72.0,-161.0
3540,1785,19,0,3777.0,3988.0,1711.0,1626.0,-5.0,-72.0
3287,1846,10,0,3540.0,3777.0,1785.0,1711.0,19.0,-5.0
3030,1895,-21,0,3287.0,3540.0,1846.0,1785.0,10.0,19.0
2789,1917,-48,0,3030.0,3287.0,1895.0,1846.0,-21.0,10.0
2575,1918,-69,0,2789.0,3030.0,1917.0,1895.0,-48.0,-21.0
2390,1887,-84,0,2575.0,2789.0,1918.0,1917.0,-69.0,-48.0
2230,1839,-100,0,2390.0,2575.0,1887.0,1918.0,-84.0,-69.0
2104,1771,-122,0,2230.0,2390.0,1839.0,1887.0,-100.0,-84.0
2007,1694,-156,0,2104.0,2230.0,1771.0,1839.0,-122.0,-100.0
1935,1617,-194,0,2007.0,2104.0,1694.0,1771.0,-156.0,-122.0
1883,1548,-245,0,1935.0,2007.0,1617.0,1694.0,-194.0,-156.0
1845,1488,-296,0,1883.0,1935.0,1548.0,1617.0,-245.0,-194.0
1830,1439,-343,0,1845.0,1883.0,1488.0,1548.0,-296.0,-245.0
1850,1399,-374,0,1830.0,1845.0,1439.0,1488.0,-343.0,-296.0
1911,1380,-382,0,1850.0,1830.0,1399.0,1439.0,-374.0,-343.0
2017,1377,-379,0,1911.0,1850.0,1380.0,1399.0,-382.0,-374.0
2159,1391,-375,0,2017.0,1911.0,1377.0,1380.0,-379.0,-382.0
2315,1424,-380,0,2159.0,2017.0,1391.0,1377.0,-375.0,-379.0
2490,1470,-378,0,2315.0,2159.0,1424.0,1391.0,-380.0,-375.0
2673,1517,-381,0,2490.0,2315.0,1470.0,1424.0,-378.0,-380.0
2870,1554,-370,0,2673.0,2490.0,1517.0,1470.0,-381.0,-378.0
3076,1567,-344,0,2870.0,2673.0,1554.0,1517.0,-370.0,-381.0
3294,1553,-308,0,3076.0,2870.0,1567.0,1554.0,-344.0,-370.0
3493,1518,-289,0,3294.0,3076.0,1553.0,1567.0,-308.0,-344.0
3689,1466,-272,0,3493.0,3294.0,1518.0,1553.0,-289.0,-308.0
3874,1400,-259,0,3689.0,3493.0,1466.0,1518.0,-272.0,-289.0
4044,1326,-243,0,3874.0,3689.0,1400.0,1466.0,-259.0,-272.0
4206,1237,-245,0,4044.0,3874.0,1326.0,1400.0,-243.0,-259.0
4352,1140,-267,0,4206.0,4044.0,1237.0,1326.0,-245.0,-243.0
4473,1042,-298,0,4352.0,4206.0,1140.0,1237.0,-267.0,-245.0
4563,949,-325,0,4473.0,4352.0,1042.0,1140.0,-298.0,-267.0
4610,870,-356,0,4563.0,4473.0,949.0,1042.0,-325.0,-298.0
4615,805,-388,0,4610.0,4563.0,870.0,949.0,-356.0,-325.0
4566,745,-426,0,4615.0,4610.0,805.0,870.0,-388.0,-356.0
4454,695,-470,0,4566.0,4615.0,745.0,805.0,-426.0,-388.0
4303,662,-507,0,4454.0,4566.0,695.0,745.0,-470.0,-426.0
4141,639,-518,0,4303.0,4454.0,662.0,695.0,-507.0,-470.0
3982,617,-481,0,4141.0,4303.0,639.0,662.0,-518.0,-507.0
3834,595,-391,0,3982.0,4141.0,617.0,639.0,-481.0,-518.0
3702,566,-270,0,3834.0,3982.0,595.0,617.0,-391.0,-481.0
3581,525,-142,0,3702.0,3834.0,566.0,595.0,-270.0,-391.0
3454,481,-28,0,3581.0,3702.0,525.0,566.0,-142.0,-270.0
3327,421,60,0,3454.0,3581.0,481.0,525.0,-28.0,-142.0
3198,337,116,0,3327.0,3454.0,421.0,481.0,60.0,-28.0
3078,230,146,0,3198.0,3327.0,337.0,421.0,116.0,60.0
2977,111,167,0,3078.0,3198.0,230.0,337.0,146.0,116.0
2909,-28,193,0,2977.0,3078.0,111.0,230.0,167.0,146.0
2872,-166,222,0,2909.0,2977.0,-28.0,111.0,193.0,167.0
2858,-290,233,0,2872.0,2909.0,-166.0,-28.0,222.0,193.0
2868,-395,220,0,2858.0,2872.0,-290.0,-166.0,233.0,222.0
2899,-476,188,0,2868.0,2858.0,-395.0,-290.0,220.0,233.0
2952,-525,157,0,2899.0,2868.0,-476.0,-395.0,188.0,220.0
3012,-544,109,0,2952.0,2899.0,-525.0,-476.0,157.0,188.0
3059,-522,38,0,3012.0,2952.0,-544.0,-525.0,109.0,157.0
3084,-456,-77,0,3059.0,3012.0,-522.0,-544.0,38.0,109.0
3090,-363,-186,0,3084.0,3059.0,-456.0,-522.0,-77.0,38.0
3103,-252,-244,0,3090.0,3084.0,-363.0,-456.0,-186.0,-77.0
3130,-122,-222,0,3103.0,3090.0,-252.0,-363.0,-244.0,-186.0
3178,11,-139,0,3130.0,3103.0,-122.0,-252.0,-222.0,-244.0
3240,145,-26,0,3178.0,3130.0,11.0,-122.0,-139.0,-222.0
3300,266,87,0,3240.0,3178.0,145.0,11.0,-26.0,-139.0
3327,367,164,0,3300.0,3240.0,266.0,145.0,87.0,-26.0
3326,447,203,0,3327.0,3300.0,367.0,266.0,164.0,87.0
3299,513,230,0,3326.0,3327.0,447.0,367.0,203.0,164.0
3259,555,247,0,3299.0,3326.0,513.0,447.0,230.0,203.0
3209,594,237,0,3259.0,3299.0,555.0,513.0,247.0,230.0
3147,611,187,0,3209.0,3259.0,594.0,555.0,237.0,247.0
3093,601,125,0,3147.0,3209.0,611.0,594.0,187.0,237.0
3070,574,82,0,3093.0,3147.0,601.0,611.0,125.0,187.0
3100,527,96,0,3070.0,3093.0,574.0,601.0,82.0,125.0
3186,467,163,0,3100.0,3070.0,527.0,574.0,96.0,82.0
3318,416,260,0,3186.0,3100.0,467.0,527.0,163.0,96.0
3463,386,340,0,3318.0,3186.0,416.0,467.0,260.0,163.0
3592,376,385,0,3463.0,3318.0,386.0,416.0,340.0,260.0
3713,381,404,0,3592.0,3463.0,376.0,386.0,385.0,340.0
3830,394,433,0,3713.0,3592.0,381.0,376.0,404.0,385.0
3919,439,458,0,3830.0,3713.0,394.0,381.0,433.0,404.0
3987,521,455,0,3919.0,3830.0,439.0,394.0,458.0,433.0
4042,631,420,0,3987.0,3919.0,521.0,439.0,455.0,458.0
4107,737,345,0,4042.0,3987.0,631.0,521.0,420.0,455.0
4199,827,243,0,4107.0,4042.0,737.0,631.0,345.0,420.0
4289,919,134,0,4199.0,4107.0,827.0,737.0,243.0,345.0
4336,1068,-9,0,4289.0,4199.0,919.0,827.0,134.0,243.0
4333,1288,-227,0,4336.0,4289.0,1068.0,919.0,-9.0,134.0
4304,1579,-495,0,4333.0,4336.0,1288.0,1068.0,-227.0,-9.0
4282,1913,-758,0,4304.0,4333.0,1579.0,1288.0,-495.0,-227.0
4302,2264,-975,0,4282.0,4304.0,1913.0,1579.0,-758.0,-495.0
4366,2612,-1138,0,4302.0,4282.0,2264.0,1913.0,-975.0,-758.0
4466,2957,-1241,0,4366.0,4302.0,2612.0,2264.0,-1138.0,-975.0
4575,3297,-1304,0,4466.0,4366.0,2957.0,2612.0,-1241.0,-1138.0
4685,3620,-1328,0,4575.0,4466.0,3297.0,2957.0,-1304.0,-1241.0
4799,3879,-1309,0,4685.0,4575.0,3620.0,3297.0,-1328.0,-1304.0
4926,4058,-1243,0,4799.0,4685.0,3879.0,3620.0,-1309.0,-1328.0
5041,4119,-1135,0,4926.0,4799.0,4058.0,3879.0,-1243.0,-1309.0
5115,4040,-1015,0,5041.0,4926.0,4119.0,4058.0,-1135.0,-1243.0
5113,3801,-939,0,5115.0,5041.0,4040.0,4119.0,-1015.0,-1135.0
5045,3439,-908,0,5113.0,5115.0,3801.0,4040.0,-939.0,-1015.0
4938,3009,-884,0,5045.0,5113.0,3439.0,3801.0,-908.0,-939.0
4836,2587,-856,0,4938.0,5045.0,3009.0,3439.0,-884.0,-908.0
4759,2213,-803,0,4836.0,4938.0,2587.0,3009.0,-856.0,-884.0
4722,1925,-703,0,4759.0,4836.0,2213.0,2587.0,-803.0,-856.0
4724,1738,-538,0,4722.0,4759.0,1925.0,2213.0,-703.0,-803.0
4766,1659,-331,0,4724.0,4722.0,1738.0,1925.0,-538.0,-703.0
4837,1680,-127,0,4766.0,4724.0,1659.0,1738.0,-331.0,-538.0
4914,1783,30,0,4837.0,4766.0,1680.0,1659.0,-127.0,-331.0
4989,1954,132,0,4914.0,4837.0,1783.0,1680.0,30.0,-127.0
5061,2148,197,0,4989.0,4914.0,1954.0,1783.0,132.0,30.0
5140,2367,237,0,5061.0,4989.0,2148.0,1954.0,197.0,132.0
5231,2587,260,0,5140.0,5061.0,2367.0,2148.0,237.0,197.0
5331,2791,302,0,5231.0,5140.0,2587.0,2367.0,260.0,237.0
5433,2978,352,0,5331.0,5231.0,2791.0,2587.0,302.0,260.0
5521,3121,415,0,5433.0,5331.0,2978.0,2791.0,352.0,302.0
5582,3198,451,0,5521.0,5433.0,3121.0,2978.0,415.0,352.0
5615,3164,436,0,5582.0,5521.0,3198.0,3121.0,451.0,415.0
5631,3004,388,0,5615.0,5582.0,3164.0,3198.0,436.0,451.0
5621,2742,319,0,5631.0,5615.0,3004.0,3164.0,388.0,436.0
5582,2441,244,0,5621.0,5631.0,2742.0,3004.0,319.0,388.0
5527,2137,176,0,5582.0,5621.0,2441.0,2742.0,244.0,319.0
5451,1842,126,0,5527.0,5582.0,2137.0,2441.0,176.0,244.0
5363,1581,116,0,5451.0,5527.0,1842.0,2137.0,126.0,176.0
5270,1357,134,0,5363.0,5451.0,1581.0,1842.0,116.0,126.0
5179,1164,168,0,5270.0,5363.0,1357.0,1581.0,134.0,116.0
5078,1007,205,0,5179.0,5270.0,1164.0,1357.0,168.0,134.0
4962,875,243,0,5078.0,5179.0,1007.0,1164.0,205.0,168.0
4831,760,266,0,4962.0,5078.0,875.0,1007.0,243.0,205.0
4680,664,276,0,4831.0,4962.0,760.0,875.0,266.0,243.0
4525,583,274,0,4680.0,4831.0,664.0,760.0,276.0,266.0
4376,505,261,0,4525.0,4680.0,583.0,664.0,274.0,276.0
4236,445,232,0,4376.0,4525.0,505.0,583.0,261.0,274.0
4102,402,200,0,4236.0,4376.0,445.0,505.0,232.0,261.0
3978,392,178,0,4102.0,4236.0,402.0,445.0,200.0,232.0
3865,398,182,0,3978.0,4102.0,392.0,402.0,178.0,200.0
3774,431,215,0,3865.0,3978.0,398.0,392.0,182.0,178.0
3698,494,262,0,3774.0,3865.0,431.0,398.0,215.0,182.0
3629,560,310,0,3698.0,3774.0,494.0,431.0,262.0,215.0
3567,628,351,0,3629.0,3698.0,560.0,494.0,310.0,262.0
3512,681,364,0,3567.0,3629.0,628.0,560.0,351.0,310.0
3457,717,355,0,3512.0,3567.0,681.0,628.0,364.0,351.0
3392,751,329,0,3457.0,3512.0,717.0,681.0,355.0,364.0
3328,783,307,0,3392.0,3457.0,751.0,717.0,329.0,355.0
3268,805,303,0,3328.0,3392.0,783.0,751.0,307.0,329.0
3209,830,312,0,3268.0,3328.0,805.0,783.0,303.0,307.0
3153,861,326,0,3209.0,3268.0,830.0,805.0,312.0,303.0
3105,890,356,0,3153.0,3209.0,861.0,830.0,326.0,312.0
3057,923,397,0,3105.0,3153.0,890.0,861.0,356.0,326.0
3004,961,442,0,3057.0,3105.0,923.0,890.0,397.0,356.0
2949,1013,482,0,3004.0,3057.0,961.0,923.0,442.0,397.0
2882,1067,519,0,2949.0,3004.0,1013.0,961.0,482.0,442.0
2812,1124,545,0,2882.0,2949.0,1067.0,1013.0,519.0,482.0
2745,1182,566,0,2812.0,2882.0,1124.0,1067.0,545.0,519.0
2680,1232,584,0,2745.0,2812.0,1182.0,1124.0,566.0,545.0
2619,1277,587,0,2680.0,2745.0,1232.0,1182.0,584.0,566.0
2564,1312,582,0,2619.0,2680.0,1277.0,1232.0,587.0,584.0
2517,1347,569,0,2564.0,2619.0,1312.0,1277.0,582.0,587.0
2482,1386,554,0,2517.0,2564.0,1347.0,1312.0,569.0,582.0
2463,1417,543,0,2482.0,2517.0,1386.0,1347.0,554.0,569.0
2456,1446,536,0,2463.0,2482.0,1417.0,1386.0,543.0,554.0
2464,1469,531,0,2456.0,2463.0,1446.0,1417.0,536.0,543.0
2489,1487,538,0,2464.0,2456.0,1469.0,1446.0,531.0,536.0
2528,1497,539,0,2489.0,2464.0,1487.0,1469.0,538.0,531.0
2580,1503,547,0,2528.0,2489.0,1497.0,1487.0,539.0,538.0
2635,1503,555,0,2580.0,2528.0,1503.0,1497.0,547.0,539.0
2696,1501,559,0,2635.0,2580.0,1503.0,1503.0,555.0,547.0
2753,1497,558,0,2696.0,2635.0,1501.0,1503.0,559.0,555.0
2803,1488,549,0,2753.0,2696.0,1497.0,1501.0,558.0,559.0
2852,1473,533,0,2803.0,2753.0,1488.0,1497.0,549.0,558.0
2892,1448,517,0,2852.0,2803.0,1473.0,1488.0,533.0,549.0
2925,1421,502,0,2892.0,2852.0,1448.0,1473.0,517.0,533.0
2952,1392,498,0,2925.0,2892.0,1421.0,1448.0,502.0,517.0
2968,1366,499,0,2952.0,2925.0,1392.0,1421.0,498.0,502.0
2978,1345,512,0,2968.0,2952.0,1366.0,1392.0,499.0,498.0
2988,1326,533,0,2978.0,2968.0,1345.0,1366.0,512.0,499.0
2995,1303,553,0,2988.0,2978.0,1326.0,1345.0,533.0,512.0
3000,1280,582,0,2995.0,2988.0,1303.0,1326.0,553.0,533.0
3000,1266,620,0,3000.0,2995.0,1280.0,1303.0,582.0,553.0
2990,1258,643,0,3000.0,3000.0,1266.0,1280.0,620.0,582.0
2969,1255,665,0,2990.0,3000.0,1258.0,1266.0,643.0,620.0
2938,1257,663,0,2969.0,2990.0,1255.0,1258.0,665.0,643.0
2903,1261,656,0,2938.0,2969.0,1257.0,1255.0,663.0,665.0
2862,1257,639,0,2903.0,2938.0,1261.0,1257.0,656.0,663.0
2824,1246,619,0,2862.0,2903.0,1257.0,1261.0,639.0,656.0
2793,1232,593,0,2824.0,2862.0,1246.0,1257.0,619.0,639.0
2765,1207,561,0,2793.0,2824.0,1232.0,1246.0,593.0,619.0
2746,1179,542,0,2765.0,2793.0,1207.0,1232.0,561.0,593.0
2733,1154,515,0,2746.0,2765.0,1179.0,1207.0,542.0,561.0
2717,1143,478,0,2733.0,2746.0,1154.0,1179.0,515.0,542.0
2705,1132,434,0,2717.0,2733.0,1143.0,1154.0,478.0,515.0
2697,1124,405,0,2705.0,2717.0,1132.0,1143.0,434.0,478.0
2704,1114,391,0,2697.0,2705.0,1124.0,1132.0,405.0,434.0
2721,1097,397,0,2704.0,2697.0,1114.0,1124.0,391.0,405.0
2760,1066,423,0,2721.0,2704.0,1097.0,1114.0,397.0,391.0
2814,1011,455,0,2760.0,2721.0,1066.0,1097.0,423.0,397.0
2878,946,468,0,2814.0,2760.0,1011.0,1066.0,455.0,423.0
2946,869,454,0,2878.0,2814.0,946.0,1011.0,468.0,455.0
3015,783,399,0,2946.0,2878.0,869.0,946.0,454.0,468.0
3076,703,314,0,3015.0,2946.0,783.0,869.0,399.0,454.0
3148,618,227,0,3076.0,3015.0,703.0,783.0,314.0,399.0
3247,527,183,0,3148.0,3076.0,618.0,703.0,227.0,314.0
3369,429,160,0,3247.0,3148.0,527.0,618.0,183.0,227.0
3504,336,137,0,3369.0,3247.0,429.0,527.0,160.0,183.0
3634,259,102,0,3504.0,3369.0,336.0,429.0,137.0,160.0
3766,196,61,0,3634.0,3504.0,259.0,336.0,102.0,137.0
3907,136,41,0,3766.0,3634.0,196.0,259.0,61.0,102.0
4045,85,45,0,3907.0,3766.0,136.0,196.0,41.0,61.0
4182,50,61,0,4045.0,3907.0,85.0,136.0,45.0,41.0
4314,38,85,0,4182.0,4045.0,50.0,85.0,61.0,45.0
4441,46,114,0,4314.0,4182.0,38.0,50.0,85.0,61.0
4548,84,152,0,4441.0,4314.0,46.0,38.0,114.0,85.0
4639,158,200,0,4548.0,4441.0,84.0,46.0,152.0,114.0
4714,268,259,0,4639.0,4548.0,158.0,84.0,200.0,152.0
4778,397,342,0,4714.0,4639.0,268.0,158.0,259.0,200.0
4817,537,454,0,4778.0,4714.0,397.0,268.0,342.0,259.0
4841,676,573,0,4817.0,4778.0,537.0,397.0,454.0,342.0
4840,815,686,0,4841.0,4817.0,676.0,537.0,573.0,454.0
4821,947,802,0,4840.0,4841.0,815.0,676.0,686.0,573.0
4781,1063,915,0,4821.0,4840.0,947.0,815.0,802.0,686.0
4725,1169,1012,0,4781.0,4821.0,1063.0,947.0,915.0,802.0
4651,1253,1106,0,4725.0,4781.0,1169.0,1063.0,1012.0,915.0
4572,1323,1206,0,4651.0,4725.0,1253.0,1169.0,1106.0,1012.0
4498,1366,1311,0,4572.0,4651.0,1323.0,1253.0,1206.0,1106.0
4426,1391,1416,0,4498.0,4572.0,1366.0,1323.0,1311.0,1206.0
4349,1399,1496,0,4426.0,4498.0,1391.0,1366.0,1416.0,1311.0
4255,1404,1524,0,4349.0,4426.0,1399.0,1391.0,1496.0,1416.0
4140,1409,1486,0,4255.0,4349.0,1404.0,1399.0,1524.0,1496.0
4010,1399,1431,0,4140.0,4255.0,1409.0,1404.0,1486.0,1524.0
3898,1365,1405,0,4010.0,4140.0,1399.0,1409.0,1431.0,1486.0
3799,1316,1412,0,3898.0,4010.0,1365.0,1399.0,1405.0,1431.0
3692,1255,1407,0,3799.0,3898.0,1316.0,1365.0,1412.0,1405.0
3582,1183,1369,0,3692.0,3799.0,1255.0,1316.0,1407.0,1412.0
3461,1103,1328,0,3582.0,3692.0,1183.0,1255.0,1369.0,1407.0
3345,1015,1305,0,3461.0,3582.0,1103.0,1183.0,1328.0,1369.0
3225,942,1275,0,3345.0,3461.0,1015.0,1103.0,1305.0,1328.0
3063,919,1113,0,3225.0,3345.0,942.0,1015.0,1275.0,1305.0
2868,939,840,0,3063.0,3225.0,919.0,942.0,1113.0,1275.0
2673,978,498,0,2868.0,3063.0,939.0,919.0,840.0,1113.0
2492,1032,111,0,2673.0,2868.0,978.0,939.0,498.0,840.0
2362,1094,-263,0,2492.0,2673.0,1032.0,978.0,111.0,498.0
2298,1171,-552,0,2362.0,2492.0,1094.0,1032.0,-263.0,111.0
2358,1253,-562,0,2298.0,2362.0,1171.0,1094.0,-552.0,-263.0
2602,1327,-130,0,2358.0,2298.0,1253.0,1171.0,-562.0,-552.0
2977,1475,555,0,2602.0,2358.0,1327.0,1253.0,-130.0,-562.0
3266,1778,889,0,2977.0,2602.0,1475.0,1327.0,555.0,-130.0
3345,2127,583,0,3266.0,2977.0,1778.0,1475.0,889.0,555.0
3384,2356,8,0,3345.0,3266.0,2127.0,1778.0,583.0,889.0
3422,2428,-598,0,3384.0,3345.0,2356.0,2127.0,8.0,583.0
3488,2372,-1165,0,3422.0,3384.0,2428.0,2356.0,-598.0,8.0
3618,2228,-1627,0,3488.0,3422.0,2372.0,2428.0,-1165.0,-598.0
3829,2057,-1952,0,3618.0,3488.0,2228.0,2372.0,-1627.0,-1165.0
4103,1886,-2133,0,3829.0,3618.0,2057.0,2228.0,-1952.0,-1627.0
4461,1741,-2166,0,4103.0,3829.0,1886.0,2057.0,-2133.0,-1952.0
4925,1614,-2050,0,4461.0,4103.0,1741.0,1886.0,-2166.0,-2133.0
5453,1531,-1859,0,4925.0,4461.0,1614.0,1741.0,-2050.0,-2166.0
5912,1538,-1753,0,5453.0,4925.0,1531.0,1614.0,-1859.0,-2050.0
6208,1662,-1820,0,5912.0,5453.0,1538.0,1531.0,-1753.0,-1859.0
6356,1852,-1987,0,6208.0,5912.0,1662.0,1538.0,-1820.0,-1753.0
6418,2071,-2176,0,6356.0,6208.0,1852.0,1662.0,-1987.0,-1820.0
6447,2323,-2332,0,6418.0,6356.0,2071.0,1852.0,-2176.0,-1987.0
6475,2580,-2467,0,6447.0,6418.0,2323.0,2071.0,-2332.0,-2176.0
6531,2846,-2613,0,6475.0,6447.0,2580.0,2323.0,-2467.0,-2332.0
6617,3124,-2757,0,6531.0,6475.0,2846.0,2580.0,-2613.0,-2467.0
6763,3417,-2839,0,6617.0,6531.0,3124.0,2846.0,-2757.0,-2613.0
7010,3721,-2778,0,6763.0,6617.0,3417.0,3124.0,-2839.0,-2757.0
7357,4006,-2562,0,7010.0,6763.0,3721.0,3417.0,-2778.0,-2839.0
7760,4244,-2235,0,7357.0,7010.0,4006.0,3721.0,-2562.0,-2778.0
8119,4345,-1902,0,7760.0,7357.0,4244.0,4006.0,-2235.0,-2562.0
8318,4238,-1671,0,8119.0,7760.0,4345.0,4244.0,-1902.0,-2235.0
8277,3906,-1494,0,8318.0,8119.0,4238.0,4345.0,-1671.0,-1902.0
8014,3355,-1278,0,8277.0,8318.0,3906.0,4238.0,-1494.0,-1671.0
7566,2688,-1006,0,8014.0,8277.0,3355.0,3906.0,-1278.0,-1494.0
6976,2045,-769,0,7566.0,8014.0,2688.0,3355.0,-1006.0,-1278.0
6295,1481,-635,0,6976.0,7566.0,2045.0,2688.0,-769.0,-1006.0
5606,949,-582,0,6295.0,6976.0,1481.0,2045.0,-635.0,-769.0
4939,500,-593,0,5606.0,6295.0,949.0,1481.0,-582.0,-635.0
4330,180,-646,0,4939.0,5606.0,500.0,949.0,-593.0,-582.0
3791,13,-656,0,4330.0,4939.0,180.0,500.0,-646.0,-593.0
3343,-30,-614,0,3791.0,4330.0,13.0,180.0,-656.0,-646.0
2976,25,-530,0,3343.0,3791.0,-30.0,13.0,-614.0,-656.0
2665,156,-412,0,2976.0,3343.0,25.0,-30.0,-530.0,-614.0
2410,316,-280,0,2665.0,2976.0,156.0,25.0,-412.0,-530.0
2186,500,-152,0,2410.0,2665.0,316.0,156.0,-280.0,-412.0
1996,690,-47,0,2186.0,2410.0,500.0,316.0,-152.0,-280.0
1830,870,42,0,1996.0,2186.0,690.0,500.0,-47.0,-152.0
1685,1033,110,0,1830.0,1996.0,870.0,690.0,42.0,-47.0
1548,1168,137,0,1685.0,1830.0,1033.0,870.0,110.0,42.0
1429,1279,130,0,1548.0,1685.0,1168.0,1033.0,137.0,110.0
1339,1344,105,0,1429.0,1548.0,1279.0,1168.0,130.0,137.0
1274,1363,67,0,1339.0,1429.0,1344.0,1279.0,105.0,130.0
1236,1341,15,0,1274.0,1339.0,1363.0,1344.0,67.0,105.0
1224,1289,-44,0,1236.0,1274.0,1341.0,1363.0,15.0,67.0
1234,1213,-108,0,1224.0,1236.0,1289.0,1341.0,-44.0,15.0
1263,1124,-167,0,1234.0,1224.0,1213.0,1289.0,-108.0,-44.0
1312,1034,-235,0,1263.0,1234.0,1124.0,1213.0,-167.0,-108.0
1378,967,-308,0,1312.0,1263.0,1034.0,1124.0,-235.0,-167.0
1469,949,-344,0,1378.0,1312.0,967.0,1034.0,-308.0,-235.0
1576,975,-382,0,1469.0,1378.0,949.0,967.0,-344.0,-308.0
1700,1034,-442,0,1576.0,1469.0,975.0,949.0,-382.0,-344.0
1836,1130,-529,0,1700.0,1576.0,1034.0,975.0,-442.0,-382.0
1982,1260,-622,0,1836.0,1700.0,1130.0,1034.0,-529.0,-442.0
2186,1419,-661,0,1982.0,1836.0,1260.0,1130.0,-622.0,-529.0
2439,1602,-639,0,2186.0,1982.0,1419.0,1260.0,-661.0,-622.0
2729,1786,-600,0,2439.0,2186.0,1602.0,1419.0,-639.0,-661.0
3042,1960,-569,0,2729.0,2439.0,1786.0,1602.0,-600.0,-639.0
3389,2106,-551,0,3042.0,2729.0,1960.0,1786.0,-569.0,-600.0
3750,2188,-579,0,3389.0,3042.0,2106.0,1960.0,-551.0,-569.0
4110,2200,-655,0,3750.0,3389.0,2188.0,2106.0,-579.0,-551.0
4465,2141,-791,0,4110.0,3750.0,2200.0,2188.0,-655.0,-579.0
4817,2041,-958,0,4465.0,4110.0,2141.0,2200.0,-791.0,-655.0
5178,1889,-1124,0,4817.0,4465.0,2041.0,2141.0,-958.0,-791.0
5526,1693,-1274,0,5178.0,4817.0,1889.0,2041.0,-1124.0,-958.0
5845,1470,-1430,0,5526.0,5178.0,1693.0,1889.0,-1274.0,-1124.0
6117,1237,-1585,0,5845.0,5526.0,1470.0,1693.0,-1430.0,-1274.0
6324,1010,-1712,0,6117.0,5845.0,1237.0,1470.0,-1585.0,-1430.0
6450,799,-1811,0,6324.0,6117.0,1010.0,1237.0,-1712.0,-1585.0
6487,607,-1862,0,6450.0,6324.0,799.0,1010.0,-1811.0,-1712.0
6446,437,-1839,0,6487.0,6450.0,607.0,799.0,-1862.0,-1811.0
6348,308,-1731,0,6446.0,6487.0,437.0,607.0,-1839.0,-1862.0
6211,219,-1546,0,6348.0,6446.0,308.0,437.0,-1731.0,-1839.0
6030,168,-1298,0,6211.0,6348.0,219.0,308.0,-1546.0,-1731.0
5827,133,-1020,0,6030.0,6211.0,168.0,219.0,-1298.0,-1546.0
5609,94,-745,0,5827.0,6030.0,133.0,168.0,-1020.0,-1298.0
5376,46,-493,0,5609.0,5827.0,94.0,133.0,-745.0,-1020.0
5118,-28,-299,0,5376.0,5609.0,46.0,94.0,-493.0,-745.0
4836,-116,-166,0,5118.0,5376.0,-28.0,46.0,-299.0,-493.0
4541,-224,-81,0,4836.0,5118.0,-116.0,-28.0,-166.0,-299.0
4248,-325,-17,0,4541.0,4836.0,-224.0,-116.0,-81.0,-166.0
3971,-421,47,0,4248.0,4541.0,-325.0,-224.0,-17.0,-81.0
3723,-495,121,0,3971.0,4248.0,-421.0,-325.0,47.0,-17.0
3506,-536,195,0,3723.0,3971.0,-495.0,-421.0,121.0,47.0
3309,-530,247,0,3506.0,3723.0,-536.0,-495.0,195.0,121.0
3127,-481,264,0,3309.0,3506.0,-530.0,-536.0,247.0,195.0
2969,-397,266,0,3127.0,3309.0,-481.0,-530.0,264.0,247.0
2840,-293,286,0,2969.0,3127.0,-397.0,-481.0,266.0,264.0
2747,-174,342,0,2840.0,2969.0,-293.0,-397.0,286.0,266.0
2690,-55,415,0,2747.0,2840.0,-174.0,-293.0,342.0,286.0
2657,63,485,0,2690.0,2747.0,-55.0,-174.0,415.0,342.0
2647,175,537,0,2657.0,2690.0,63.0,-55.0,485.0,415.0
2655,283,563,0,2647.0,2657.0,175.0,63.0,537.0,485.0
2674,390,572,0,2655.0,2647.0,283.0,175.0,563.0,537.0
2717,481,575,0,2674.0,2655.0,390.0,283.0,572.0,563.0
2782,562,585,0,2717.0,2674.0,481.0,390.0,575.0,572.0
2870,634,599,0,2782.0,2717.0,562.0,481.0,585.0,575.0
2969,711,602,0,2870.0,2782.0,634.0,562.0,599.0,585.0
3074,790,589,0,2969.0,2870.0,711.0,634.0,602.0,599.0
3184,863,558,0,3074.0,2969.0,790.0,711.0,589.0,602.0
3300,931,539,0,3184.0,3074.0,863.0,790.0,558.0,589.0
3443,1036,562,0,3300.0,3184.0,931.0,863.0,539.0,558.0
3578,1133,541,0,3443.0,3300.0,1036.0,931.0,562.0,539.0
3755,1210,545,0,3578.0,3443.0,1133.0,1036.0,541.0,562.0
3930,1291,564,0,3755.0,3578.0,1210.0,1133.0,545.0,541.0
4089,1374,558,0,3930.0,3755.0,1291.0,1210.0,564.0,545.0
4236,1439,537,0,4089.0,3930.0,1374.0,1291.0,558.0,564.0
4370,1480,482,0,4236.0,4089.0,1439.0,1374.0,537.0,558.0
4492,1503,418,0,4370.0,4236.0,1480.0,1439.0,482.0,537.0
4602,1513,346,0,4492.0,4370.0,1503.0,1480.0,418.0,482.0
4696,1515,281,0,4602.0,4492.0,1513.0,1503.0,346.0,418.0
4772,1512,217,0,4696.0,4602.0,1515.0,1513.0,281.0,346.0
4817,1499,152,0,4772.0,4696.0,1512.0,1515.0,217.0,281.0
4830,1477,82,0,4817.0,4772.0,1499.0,1512.0,152.0,217.0
4801,1448,10,0,4830.0,4817.0,1477.0,1499.0,82.0,152.0
4719,1404,-60,0,4801.0,4830.0,1448.0,1477.0,10.0,82.0
4608,1343,-118,0,4719.0,4801.0,1404.0,1448.0,-60.0,10.0
4492,1275,-123,0,4608.0,4719.0,1343.0,1404.0,-118.0,-60.0
4375,1207,-83,0,4492.0,4608.0,1275.0,1343.0,-123.0,-118.0
4248,1148,-34,0,4375.0,4492.0,1207.0,1275.0,-83.0,-123.0
4126,1096,1,0,4248.0,4375.0,1148.0,1207.0,-34.0,-83.0
3991,1047,23,0,4126.0,4248.0,1096.0,1148.0,1.0,-34.0
3854,991,32,0,3991.0,4126.0,1047.0,1096.0,23.0,1.0
3729,942,47,0,3854.0,3991.0,991.0,1047.0,32.0,23.0
3625,888,69,0,3729.0,3854.0,942.0,991.0,47.0,32.0
3533,842,94,0,3625.0,3729.0,888.0,942.0,69.0,47.0
3458,797,122,0,3533.0,3625.0,842.0,888.0,94.0,69.0
3395,765,154,0,3458.0,3533.0,797.0,842.0,122.0,94.0
3347,747,185,0,3395.0,3458.0,765.0,797.0,154.0,122.0
3311,741,219,0,3347.0,3395.0,747.0,765.0,185.0,154.0
3286,749,266,0,3311.0,3347.0,741.0,747.0,219.0,185.0
3281,772,316,0,3286.0,3311.0,749.0,741.0,266.0,219.0
3287,797,359,0,3281.0,3286.0,772.0,749.0,316.0,266.0
3304,833,388,0,3287.0,3281.0,797.0,772.0,359.0,316.0
3345,871,432,0,3304.0,3287.0,833.0,797.0,388.0,359.0
3420,908,474,0,3345.0,3304.0,871.0,833.0,432.0,388.0
3535,940,525,0,3420.0,3345.0,908.0,871.0,474.0,432.0
3682,961,565,0,3535.0,3420.0,940.0,908.0,525.0,474.0
3843,986,583,0,3682.0,3535.0,961.0,940.0,565.0,525.0
4002,1003,594,0,3843.0,3682.0,986.0,961.0,583.0,565.0
4142,1024,574,0,4002.0,3843.0,1003.0,986.0,594.0,583.0
4254,1056,513,0,4142.0,4002.0,1024.0,1003.0,574.0,594.0
4337,1107,415,0,4254.0,4142.0,1056.0,1024.0,513.0,574.0
4398,1170,300,0,4337.0,4254.0,1107.0,1056.0,415.0,513.0
4458,1233,198,0,4398.0,4337.0,1170.0,1107.0,300.0,415.0
4525,1304,133,0,4458.0,4398.0,1233.0,1170.0,198.0,300.0
4590,1380,78,0,4525.0,4458.0,1304.0,1233.0,133.0,198.0
4637,1462,-6,0,4590.0,4525.0,1380.0,1304.0,78.0,133.0
4642,1539,-147,0,4637.0,4590.0,1462.0,1380.0,-6.0,78.0
4621,1600,-318,0,4642.0,4637.0,1539.0,1462.0,-147.0,-6.0
4590,1621,-475,0,4621.0,4642.0,1600.0,1539.0,-318.0,-147.0
4558,1586,-600,0,4590.0,4621.0,1621.0,1600.0,-475.0,-318.0
4514,1485,-741,0,4558.0,4590.0,1586.0,1621.0,-600.0,-475.0
4429,1308,-932,0,4514.0,4558.0,1485.0,1586.0,-741.0,-600.0
4316,1065,-1169,0,4429.0,4514.0,1308.0,1485.0,-932.0,-741.0
4209,781,-1397,0,4316.0,4429.0,1065.0,1308.0,-1169.0,-932.0
4122,488,-1598,0,4209.0,4316.0,781.0,1065.0,-1397.0,-1169.0
4040,241,-1778,0,4122.0,4209.0,488.0,781.0,-1598.0,-1397.0
3957,76,-1930,0,4040.0,4122.0,241.0,488.0,-1778.0,-1598.0
3886,25,-2004,0,3957.0,4040.0,76.0,241.0,-1930.0,-1778.0
3824,122,-1974,0,3886.0,3957.0,25.0,76.0,-2004.0,-1930.0
3775,324,-1918,0,3824.0,3886.0,122.0,25.0,-1974.0,-2004.0
3745,573,-1846,0,3775.0,3824.0,324.0,122.0,-1918.0,-1974.0
3744,836,-1784,0,3745.0,3775.0,573.0,324.0,-1846.0,-1918.0
3750,1100,-1752,0,3744.0,3745.0,836.0,573.0,-1784.0,-1846.0
3755,1361,-1738,0,3750.0,3744.0,1100.0,836.0,-1752.0,-1784.0
3773,1626,-1714,0,3755.0,3750.0,1361.0,1100.0,-1738.0,-1752.0
3816,1870,-1671,0,3773.0,3755.0,1626.0,1361.0,-1714.0,-1738.0
3885,2076,-1611,0,3816.0,3773.0,1870.0,1626.0,-1671.0,-1714.0
3962,2275,-1561,0,3885.0,3816.0,2076.0,1870.0,-1611.0,-1671.0
4031,2487,-1545,0,3962.0,3885.0,2275.0,2076.0,-1561.0,-1611.0
4067,2720,-1561,0,4031.0,3962.0,2487.0,2275.0,-1545.0,-1561.0
4090,2998,-1578,0,4067.0,4031.0,2720.0,2487.0,-1561.0,-1545.0
4128,3301,-1566,0,4090.0,4067.0,2998.0,2720.0,-1578.0,-1561.0
4201,3618,-1503,0,4128.0,4090.0,3301.0,2998.0,-1566.0,-1578.0
4320,3922,-1377,0,4201.0,4128.0,3618.0,3301.0,-1503.0,-1566.0
4477,4197,-1193,0,4320.0,4201.0,3922.0,3618.0,-1377.0,-1503.0
4634,4435,-981,0,4477.0,4320.0,4197.0,3922.0,-1193.0,-1377.0
4765,4640,-785,0,4634.0,4477.0,4435.0,4197.0,-981.0,-1193.0
4835,4774,-652,0,4765.0,4634.0,4640.0,4435.0,-785.0,-981.0
4813,4798,-601,0,4835.0,4765.0,4774.0,4640.0,-652.0,-785.0
4727,4700,-615,0,4813.0,4835.0,4798.0,4774.0,-601.0,-652.0
4600,4497,-648,0,4727.0,4813.0,4700.0,4798.0,-615.0,-601.0
4463,4232,-668,0,4600.0,4727.0,4497.0,4700.0,-648.0,-615.0
4327,3925,-670,0,4463.0,4600.0,4232.0,4497.0,-668.0,-648.0
4211,3603,-650,0,4327.0,4463.0,3925.0,4232.0,-670.0,-668.0
4102,3294,-620,0,4211.0,4327.0,3603.0,3925.0,-650.0,-670.0
4001,2981,-564,0,4102.0,4211.0,3294.0,3603.0,-620.0,-650.0
3907,2675,-520,0,4001.0,4102.0,2981.0,3294.0,-564.0,-620.0
3793,2385,-530,0,3907.0,4001.0,2675.0,2981.0,-520.0,-564.0
3649,2131,-603,0,3793.0,3907.0,2385.0,2675.0,-530.0,-520.0
3494,1887,-711,0,3649.0,3793.0,2131.0,2385.0,-603.0,-530.0
3341,1639,-821,0,3494.0,3649.0,1887.0,2131.0,-711.0,-603.0
3200,1389,-916,0,3341.0,3494.0,1639.0,1887.0,-821.0,-711.0
3094,1115,-992,0,3200.0,3341.0,1389.0,1639.0,-916.0,-821.0
3030,801,-1040,0,3094.0,3200.0,1115.0,1389.0,-992.0,-916.0
2993,475,-1084,0,3030.0,3094.0,801.0,1115.0,-1040.0,-992.0
2970,154,-1135,0,2993.0,3030.0,475.0,801.0,-1084.0,-1040.0
2953,-146,-1177,0,2970.0,2993.0,154.0,475.0,-1135.0,-1084.0
2940,-410,-1181,0,2953.0,2970.0,-146.0,154.0,-1177.0,-1135.0
2933,-621,-1150,0,2940.0,2953.0,-410.0,-146.0,-1181.0,-1177.0
2925,-757,-1077,0,2933.0,2940.0,-621.0,-410.0,-1150.0,-1181.0
2916,-799,-969,0,2925.0,2933.0,-757.0,-621.0,-1077.0,-1150.0
2912,-756,-844,0,2916.0,2925.0,-799.0,-757.0,-969.0,-1077.0
2923,-632,-694,0,2912.0,2916.0,-756.0,-799.0,-844.0,-969.0
2992,-424,-470,0,2923.0,2912.0,-632.0,-756.0,-694.0,-844.0
3066,-182,-268,0,2992.0,2923.0,-424.0,-632.0,-470.0,-694.0
3138,70,-114,0,3066.0,2992.0,-182.0,-424.0,-268.0,-470.0
3214,323,16,0,3138.0,3066.0,70.0,-182.0,-114.0,-268.0
3289,589,153,0,3214.0,3138.0,323.0,70.0,16.0,-114.0
3372,820,272,0,3289.0,3214.0,589.0,323.0,153.0,16.0
3474,973,325,0,3372.0,3289.0,820.0,589.0,272.0,153.0
3564,1069,326,0,3474.0,3372.0,973.0,820.0,325.0,272.0
3644,1125,294,0,3564.0,3474.0,1069.0,973.0,326.0,325.0
3715,1145,249,0,3644.0,3564.0,1125.0,1069.0,294.0,326.0
3782,1142,198,0,3715.0,3644.0,1145.0,1125.0,249.0,294.0
3842,1122,159,0,3782.0,3715.0,1142.0,1145.0,198.0,249.0
3890,1098,133,0,3842.0,3782.0,1122.0,1142.0,159.0,198.0
3927,1095,128,0,3890.0,3842.0,1098.0,1122.0,133.0,159.0
3953,1102,145,0,3927.0,3890.0,1095.0,1098.0,128.0,133.0
3961,1124,174,0,3953.0,3927.0,1102.0,1095.0,145.0,128.0
3949,1164,203,0,3961.0,3953.0,1124.0,1102.0,174.0,145.0
3922,1220,234,0,3949.0,3961.0,1164.0,1124.0,203.0,174.0
3885,1285,264,0,3922.0,3949.0,1220.0,1164.0,234.0,203.0
3842,1347,303,0,3885.0,3922.0,1285.0,1220.0,264.0,234.0
3794,1403,353,0,3842.0,3885.0,1347.0,1285.0,303.0,264.0
3747,1447,398,0,3794.0,3842.0,1403.0,1347.0,353.0,303.0
3702,1476,450,0,3747.0,3794.0,1447.0,1403.0,398.0,353.0
3659,1485,509,0,3702.0,3747.0,1476.0,1447.0,450.0,398.0
3613,1479,556,0,3659.0,3702.0,1485.0,1476.0,509.0,450.0
3566,1452,581,0,3613.0,3659.0,1479.0,1485.0,556.0,509.0
3518,1411,568,0,3566.0,3613.0,1452.0,1479.0,581.0,556.0
3467,1345,532,0,3518.0,3566.0,1411.0,1452.0,568.0,581.0
3420,1273,485,0,3467.0,3518.0,1345.0,1411.0,532.0,568.0
3386,1195,455,0,3420.0,3467.0,1273.0,1345.0,485.0,532.0
3358,1127,432,0,3386.0,3420.0,1195.0,1273.0,455.0,485.0
3342,1067,427,0,3358.0,3386.0,1127.0,1195.0,432.0,455.0
3324,1023,434,0,3342.0,3358.0,1067.0,1127.0,427.0,432.0
3307,991,447,0,3324.0,3342.0,1023.0,1067.0,434.0,427.0
3291,974,471,0,3307.0,3324.0,991.0,1023.0,447.0,434.0
3272,959,488,0,3291.0,3307.0,974.0,991.0,471.0,447.0
3257,940,502,0,3272.0,3291.0,959.0,974.0,488.0,471.0
3238,915,522,0,3257.0,3272.0,940.0,959.0,502.0,488.0
3212,908,528,0,3238.0,3257.0,915.0,940.0,522.0,502.0
3187,895,529,0,3212.0,3238.0,908.0,915.0,528.0,522.0
3162,889,534,0,3187.0,3212.0,895.0,908.0,529.0,528.0
3136,888,533,0,3162.0,3187.0,889.0,895.0,534.0,529.0
3105,890,541,0,3136.0,3162.0,888.0,889.0,533.0,534.0
3082,905,538,0,3105.0,3136.0,890.0,888.0,541.0,533.0
3064,925,542,0,3082.0,3105.0,905.0,890.0,538.0,541.0
3050,951,546,0,3064.0,3082.0,925.0,905.0,542.0,538.0
3042,979,552,0,3050.0,3064.0,951.0,925.0,546.0,542.0
3043,1004,562,0,3042.0,3050.0,979.0,951.0,552.0,546.0
3048,1027,572,0,3043.0,3042.0,1004.0,979.0,562.0,552.0
3060,1049,583,0,3048.0,3043.0,1027.0,1004.0,572.0,562.0
3076,1067,592,0,3060.0,3048.0,1049.0,1027.0,583.0,572.0
3094,1088,604,0,3076.0,3060.0,1067.0,1049.0,592.0,583.0
3120,1117,619,0,3094.0,3076.0,1088.0,1067.0,604.0,592.0
3151,1145,638,0,3120.0,3094.0,1117.0,1088.0,619.0,604.0
3190,1173,656,0,3151.0,3120.0,1145.0,1117.0,638.0,619.0
3222,1208,662,0,3190.0,3151.0,1173.0,1145.0,656.0,638.0
3263,1241,653,0,3222.0,3190.0,1208.0,1173.0,662.0,656.0
3306,1267,644,0,3263.0,3222.0,1241.0,1208.0,653.0,662.0
3363,1289,644,0,3306.0,3263.0,1267.0,1241.0,644.0,653.0
3439,1289,665,0,3363.0,3306.0,1289.0,1267.0,644.0,644.0
3530,1259,703,0,3439.0,3363.0,1289.0,1289.0,665.0,644.0
3627,1207,743,0,3530.0,3439.0,1259.0,1289.0,703.0,665.0
3722,1133,768,0,3627.0,3530.0,1207.0,1259.0,743.0,703.0
3806,1049,762,0,3722.0,3627.0,1133.0,1207.0,768.0,743.0
3869,964,715,0,3806.0,3722.0,1049.0,1133.0,762.0,768.0
3918,882,616,0,3869.0,3806.0,964.0,1049.0,715.0,762.0
3958,816,488,0,3918.0,3869.0,882.0,964.0,616.0,715.0
3993,758,364,0,3958.0,3918.0,816.0,882.0,488.0,616.0
4045,720,264,0,3993.0,3958.0,758.0,816.0,364.0,488.0
4117,696,210,0,4045.0,3993.0,720.0,758.0,264.0,364.0
4212,693,203,0,4117.0,4045.0,696.0,720.0,210.0,264.0
4325,717,220,0,4212.0,4117.0,693.0,696.0,203.0,210.0
4430,771,252,0,4325.0,4212.0,717.0,693.0,220.0,203.0
4532,855,289,0,4430.0,4325.0,771.0,717.0,252.0,220.0
4617,954,319,0,4532.0,4430.0,855.0,771.0,289.0,252.0
4686,1053,352,0,4617.0,4532.0,954.0,855.0,319.0,289.0
4742,1159,401,0,4686.0,4617.0,1053.0,954.0,352.0,319.0
4789,1256,458,0,4742.0,4686.0,1159.0,1053.0,401.0,352.0
4824,1339,519,0,4789.0,4742.0,1256.0,1159.0,458.0,401.0
4850,1420,594,0,4824.0,4789.0,1339.0,1256.0,519.0,458.0
4881,1491,699,0,4850.0,4824.0,1420.0,1339.0,594.0,519.0
4913,1566,839,0,4881.0,4850.0,1491.0,1420.0,699.0,594.0
4946,1654,984,0,4913.0,4881.0,1566.0,1491.0,839.0,699.0
4953,1773,1078,0,4946.0,4913.0,1654.0,1566.0,984.0,839.0
4919,1938,1080,0,4953.0,4946.0,1773.0,1654.0,1078.0,984.0
4861,2138,983,0,4919.0,4953.0,1938.0,1773.0,1080.0,1078.0
4802,2353,838,0,4861.0,4919.0,2138.0,1938.0,983.0,1080.0
4773,2559,685,0,4802.0,4861.0,2353.0,2138.0,838.0,983.0
4790,2750,567,0,4773.0,4802.0,2559.0,2353.0,685.0,838.0
4860,2922,482,0,4790.0,4773.0,2750.0,2559.0,567.0,685.0
4980,3067,430,0,4860.0,4790.0,2922.0,2750.0,482.0,567.0
5135,3174,408,0,4980.0,4860.0,3067.0,2922.0,430.0,482.0
5310,3228,410,0,5135.0,4980.0,3174.0,3067.0,408.0,430.0
5496,3194,448,0,5310.0,5135.0,3228.0,3174.0,410.0,408.0
5664,3082,481,0,5496.0,5310.0,3194.0,3228.0,448.0,410.0
5757,2911,472,0,5664.0,5496.0,3082.0,3194.0,481.0,448.0
5761,2703,391,0,5757.0,5664.0,2911.0,3082.0,472.0,481.0
5677,2488,271,0,5761.0,5757.0,2703.0,2911.0,391.0,472.0
5530,2259,139,0,5677.0,5761.0,2488.0,2703.0,271.0,391.0
5300,2060,-8,0,5530.0,5677.0,2259.0,2488.0,139.0,271.0
4992,1932,-169,0,5300.0,5530.0,2060.0,2259.0,-8.0,139.0
4661,1876,-297,0,4992.0,5300.0,1932.0,2060.0,-169.0,-8.0
4364,1872,-365,0,4661.0,4992.0,1876.0,1932.0,-297.0,-169.0
4104,1906,-377,0,4364.0,4661.0,1872.0,1876.0,-365.0,-297.0
3843,1979,-373,0,4104.0,4364.0,1906.0,1872.0,-377.0,-365.0
3556,2087,-387,0,3843.0,4104.0,1979.0,1906.0,-373.0,-377.0
3255,2207,-390,0,3556.0,3843.0,2087.0,1979.0,-387.0,-373.0
2959,2319,-360,0,3255.0,3556.0,2207.0,2087.0,-390.0,-387.0
2692,2400,-299,0,2959.0,3255.0,2319.0,2207.0,-360.0,-390.0
2460,2440,-220,0,2692.0,2959.0,2400.0,2319.0,-299.0,-360.0
2254,2430,-152,0,2460.0,2692.0,2440.0,2400.0,-220.0,-299.0
2069,2383,-97,0,2254.0,2460.0,2430.0,2440.0,-152.0,-220.0
1906,2310,-81,0,2069.0,2254.0,2383.0,2430.0,-97.0,-152.0
1758,2219,-117,0,1906.0,2069.0,2310.0,2383.0,-81.0,-97.0
1627,2113,-206,0,1758.0,1906.0,2219.0,2310.0,-117.0,-81.0
1521,1999,-333,0,1627.0,1758.0,2113.0,2219.0,-206.0,-117.0
1452,1868,-464,0,1521.0,1627.0,1999.0,2113.0,-333.0,-206.0
1435,1721,-584,0,1452.0,1521.0,1868.0,1999.0,-464.0,-333.0
1476,1567,-679,0,1435.0,1452.0,1721.0,1868.0,-584.0,-464.0
1591,1400,-730,0,1476.0,1435.0,1567.0,1721.0,-679.0,-584.0
1773,1236,-749,0,1591.0,1476.0,1400.0,1567.0,-730.0,-679.0
2008,1078,-744,0,1773.0,1591.0,1236.0,1400.0,-749.0,-730.0
2275,944,-730,0,2008.0,1773.0,1078.0,1236.0,-744.0,-749.0
2554,861,-719,0,2275.0,2008.0,944.0,1078.0,-730.0,-744.0
2819,840,-727,0,2554.0,2275.0,861.0,944.0,-719.0,-730.0
3069,880,-750,0,2819.0,2554.0,840.0,861.0,-727.0,-719.0
3304,964,-768,0,3069.0,2819.0,880.0,840.0,-750.0,-727.0
3538,1088,-780,0,3304.0,3069.0,964.0,880.0,-768.0,-750.0
3774,1234,-776,0,3538.0,3304.0,1088.0,964.0,-780.0,-768.0
4003,1400,-761,0,3774.0,3538.0,1234.0,1088.0,-776.0,-780.0
4245,1576,-717,0,4003.0,3774.0,1400.0,1234.0,-761.0,-776.0
4476,1758,-664,0,4245.0,4003.0,1576.0,1400.0,-717.0,-761.0
4681,1932,-604,0,4476.0,4245.0,1758.0,1576.0,-664.0,-717.0
4846,2097,-555,0,4681.0,4476.0,1932.0,1758.0,-604.0,-664.0
4947,2243,-526,0,4846.0,4681.0,2097.0,1932.0,-555.0,-604.0
4976,2353,-526,0,4947.0,4846.0,2243.0,2097.0,-526.0,-555.0
4937,2415,-540,0,4976.0,4947.0,2353.0,2243.0,-526.0,-526.0
4842,2428,-552,0,4937.0,4976.0,2415.0,2353.0,-540.0,-526.0
4703,2405,-546,0,4842.0,4937.0,2428.0,2415.0,-552.0,-540.0
4523,2355,-519,0,4703.0,4842.0,2405.0,2428.0,-546.0,-552.0
4322,2290,-471,0,4523.0,4703.0,2355.0,2405.0,-519.0,-546.0
4115,2229,-407,0,4322.0,4523.0,2290.0,2355.0,-471.0,-519.0
3903,2177,-332,0,4115.0,4322.0,2229.0,2290.0,-407.0,-471.0
3695,2132,-261,0,3903.0,4115.0,2177.0,2229.0,-332.0,-407.0
3497,2088,-201,0,3695.0,3903.0,2132.0,2177.0,-261.0,-332.0
3311,2032,-156,0,3497.0,3695.0,2088.0,2132.0,-201.0,-261.0
3152,1966,-125,0,3311.0,3497.0,2032.0,2088.0,-156.0,-201.0
3005,1892,-105,0,3152.0,3311.0,1966.0,2032.0,-125.0,-156.0
2885,1799,-89,0,3005.0,3152.0,1892.0,1966.0,-105.0,-125.0
2789,1697,-80,0,2885.0,3005.0,1799.0,1892.0,-89.0,-105.0
2716,1595,-84,0,2789.0,2885.0,1697.0,1799.0,-80.0,-89.0
2663,1496,-103,0,2716.0,2789.0,1595.0,1697.0,-84.0,-80.0
2640,1412,-127,0,2663.0,2716.0,1496.0,1595.0,-103.0,-84.0
2642,1349,-151,0,2640.0,2663.0,1412.0,1496.0,-127.0,-103.0
2675,1306,-155,0,2642.0,2640.0,1349.0,1412.0,-151.0,-127.0
2747,1285,-138,0,2675.0,2642.0,1306.0,1349.0,-155.0,-151.0
2846,1274,-108,0,2747.0,2675.0,1285.0,1306.0,-138.0,-155.0
2956,1283,-78,0,2846.0,2747.0,1274.0,1285.0,-108.0,-138.0
3075,1305,-62,0,2956.0,2846.0,1283.0,1274.0,-78.0,-108.0
3198,1326,-63,0,3075.0,2956.0,1305.0,1283.0,-62.0,-78.0
3324,1346,-71,0,3198.0,3075.0,1326.0,1305.0,-63.0,-62.0
3451,1358,-92,0,3324.0,3198.0,1346.0,1326.0,-71.0,-63.0
3583,1356,-117,0,3451.0,3324.0,1358.0,1346.0,-92.0,-71.0
3713,1340,-142,0,3583.0,3451.0,1356.0,1358.0,-117.0,-92.0
3835,1309,-169,0,3713.0,3583.0,1340.0,1356.0,-142.0,-117.0
3933,1271,-199,0,3835.0,3713.0,1309.0,1340.0,-169.0,-142.0
4017,1226,-243,0,3933.0,3835.0,1271.0,1309.0,-199.0,-169.0
4080,1168,-283,0,4017.0,3933.0,1226.0,1271.0,-243.0,-199.0
4125,1102,-314,0,4080.0,4017.0,1168.0,1226.0,-283.0,-243.0
4162,1035,-334,0,4125.0,4080.0,1102.0,1168.0,-314.0,-283.0
4182,968,-334,0,4162.0,4125.0,1035.0,1102.0,-334.0,-314.0
4181,902,-317,0,4182.0,4162.0,968.0,1035.0,-334.0,-334.0
4168,845,-297,0,4181.0,4182.0,902.0,968.0,-317.0,-334.0
4135,796,-263,0,4168.0,4181.0,845.0,902.0,-297.0,-317.0
4091,759,-227,0,4135.0,4168.0,796.0,845.0,-263.0,-297.0
4036,734,-192,0,4091.0,4135.0,759.0,796.0,-227.0,-263.0
3966,713,-159,0,4036.0,4091.0,734.0,759.0,-192.0,-227.0
3896,696,-123,0,3966.0,4036.0,713.0,734.0,-159.0,-192.0
3824,687,-92,0,3896.0,3966.0,696.0,713.0,-123.0,-159.0
3752,690,-70,0,3824.0,3896.0,687.0,696.0,-92.0,-123.0
3686,695,-59,0,3752.0,3824.0,690.0,687.0,-70.0,-92.0
3621,705,-48,0,3686.0,3752.0,695.0,690.0,-59.0,-70.0
3559,722,-38,0,3621.0,3686.0,705.0,695.0,-48.0,-59.0
3506,737,-30,0,3559.0,3621.0,722.0,705.0,-38.0,-48.0
3458,762,-32,0,3506.0,3559.0,737.0,722.0,-30.0,-38.0
3423,788,-28,0,3458.0,3506.0,762.0,737.0,-32.0,-30.0
3394,817,-28,0,3423.0,3458.0,788.0,762.0,-28.0,-32.0
3375,858,-40,0,3394.0,3423.0,817.0,788.0,-28.0,-28.0
3367,909,-59,0,3375.0,3394.0,858.0,817.0,-40.0,-28.0
3366,958,-72,0,3367.0,3375.0,909.0,858.0,-59.0,-40.0
3381,1011,-80,0,3366.0,3367.0,958.0,909.0,-72.0,-59.0
3407,1067,-88,0,3381.0,3366.0,1011.0,958.0,-80.0,-72.0
3450,1121,-76,0,3407.0,3381.0,1067.0,1011.0,-88.0,-80.0
3501,1175,-54,0,3450.0,3407.0,1121.0,1067.0,-76.0,-88.0
3559,1225,-34,0,3501.0,3450.0,1175.0,1121.0,-54.0,-76.0
3613,1259,-22,0,3559.0,3501.0,1225.0,1175.0,-34.0,-54.0
3668,1278,-17,0,3613.0,3559.0,1259.0,1225.0,-22.0,-34.0
3716,1282,-18,0,3668.0,3613.0,1278.0,1259.0,-17.0,-22.0
3753,1272,-29,0,3716.0,3668.0,1282.0,1278.0,-18.0,-17.0
3775,1251,-36,0,3753.0,3716.0,1272.0,1282.0,-29.0,-18.0
3790,1227,-56,0,3775.0,3753.0,1251.0,1272.0,-36.0,-29.0
3797,1198,-70,0,3790.0,3775.0,1227.0,1251.0,-56.0,-36.0
3804,1159,-82,0,3797.0,3790.0,1198.0,1227.0,-70.0,-56.0
3812,1117,-85,0,3804.0,3797.0,1159.0,1198.0,-82.0,-70.0
3816,1077,-77,0,3812.0,3804.0,1117.0,1159.0,-85.0,-82.0
3820,1036,-64,0,3816.0,3812.0,1077.0,1117.0,-77.0,-85.0
3819,1001,-49,0,3820.0,3816.0,1036.0,1077.0,-64.0,-77.0
3815,969,-31,0,3819.0,3820.0,1001.0,1036.0,-49.0,-64.0
3804,948,-15,0,3815.0,3819.0,969.0,1001.0,-31.0,-49.0
3791,932,-4,0,3804.0,3815.0,948.0,969.0,-15.0,-31.0
3765,922,2,0,3791.0,3804.0,932.0,948.0,-4.0,-15.0
3741,917,5,0,3765.0,3791.0,922.0,932.0,2.0,-4.0
3713,923,7,0,3741.0,3765.0,917.0,922.0,5.0,2.0
3688,931,13,0,3713.0,3741.0,923.0,917.0,7.0,5.0
3670,934,21,0,3688.0,3713.0,931.0,923.0,13.0,7.0
3665,946,29,0,3670.0,3688.0,934.0,931.0,21.0,13.0
3675,952,48,0,3665.0,3670.0,946.0,934.0,29.0,21.0
3693,958,68,0,3675.0,3665.0,952.0,946.0,48.0,29.0
3713,959,82,0,3693.0,3675.0,958.0,952.0,68.0,48.0
3741,954,89,0,3713.0,3693.0,959.0,958.0,82.0,68.0
3770,949,85,0,3741.0,3713.0,954.0,959.0,89.0,82.0
3807,942,85,0,3770.0,3741.0,949.0,954.0,85.0,89.0
3846,932,90,0,3807.0,3770.0,942.0,949.0,85.0,85.0
3894,910,96,0,3846.0,3807.0,932.0,942.0,90.0,85.0
3947,887,98,0,3894.0,3846.0,910.0,932.0,96.0,90.0
3999,861,93,0,3947.0,3894.0,887.0,910.0,98.0,96.0
4048,834,81,0,3999.0,3947.0,861.0,887.0,93.0,98.0
4090,805,58,0,4048.0,3999.0,834.0,861.0,81.0,93.0
4137,779,35,0,4090.0,4048.0,805.0,834.0,58.0,81.0
4193,752,25,0,4137.0,4090.0,779.0,805.0,35.0,58.0
4265,738,26,0,4193.0,4137.0,752.0,779.0,25.0,35.0
4340,742,27,0,4265.0,4193.0,738.0,752.0,26.0,25.0
4408,764,17,0,4340.0,4265.0,742.0,738.0,27.0,26.0
4465,802,-2,0,4408.0,4340.0,764.0,742.0,17.0,27.0
4513,851,-27,0,4465.0,4408.0,802.0,764.0,-2.0,17.0
4562,916,-44,0,4513.0,4465.0,851.0,802.0,-27.0,-2.0
4609,990,-69,0,4562.0,4513.0,916.0,851.0,-44.0,-27.0
4650,1072,-104,0,4609.0,4562.0,990.0,916.0,-69.0,-44.0
4683,1167,-145,0,4650.0,4609.0,1072.0,990.0,-104.0,-69.0
4695,1279,-206,0,4683.0,4650.0,1167.0,1072.0,-145.0,-104.0
4682,1406,-289,0,4695.0,4683.0,1279.0,1167.0,-206.0,-145.0
4648,1551,-377,0,4682.0,4695.0,1406.0,1279.0,-289.0,-206.0
4605,1703,-429,0,4648.0,4682.0,1551.0,1406.0,-377.0,-289.0
4552,1848,-456,0,4605.0,4648.0,1703.0,1551.0,-429.0,-377.0
4497,1971,-461,0,4552.0,4605.0,1848.0,1703.0,-456.0,-429.0
4448,2040,-449,0,4497.0,4552.0,1971.0,1848.0,-461.0,-456.0
4417,2047,-432,0,4448.0,4497.0,2040.0,1971.0,-449.0,-461.0
4385,2002,-457,0,4417.0,4448.0,2047.0,2040.0,-432.0,-449.0
4329,1895,-572,0,4385.0,4417.0,2002.0,2047.0,-457.0,-432.0
4260,1742,-750,0,4329.0,4385.0,1895.0,2002.0,-572.0,-457.0
4200,1572,-932,0,4260.0,4329.0,1742.0,1895.0,-750.0,-572.0
4176,1411,-1068,0,4200.0,4260.0,1572.0,1742.0,-932.0,-750.0
4199,1292,-1150,0,4176.0,4200.0,1411.0,1572.0,-1068.0,-932.0
4240,1223,-1199,0,4199.0,4176.0,1292.0,1411.0,-1150.0,-1068.0
4290,1193,-1239,0,4240.0,4199.0,1223.0,1292.0,-1199.0,-1150.0
4336,1199,-1275,0,4290.0,4240.0,1193.0,1223.0,-1239.0,-1199.0
4374,1222,-1310,0,4336.0,4290.0,1199.0,1193.0,-1275.0,-1239.0
4410,1249,-1345,0,4374.0,4336.0,1222.0,1199.0,-1310.0,-1275.0
4439,1269,-1370,0,4410.0,4374.0,1249.0,1222.0,-1345.0,-1310.0
4481,1291,-1374,0,4439.0,4410.0,1269.0,1249.0,-1370.0,-1345.0
4515,1317,-1374,0,4481.0,4439.0,1291.0,1269.0,-1374.0,-1370.0
4529,1360,-1403,0,4515.0,4481.0,1317.0,1291.0,-1374.0,-1374.0
4507,1420,-1473,0,4529.0,4515.0,1360.0,1317.0,-1403.0,-1374.0
4436,1506,-1571,0,4507.0,4529.0,1420.0,1360.0,-1473.0,-1403.0
4328,1607,-1672,0,4436.0,4507.0,1506.0,1420.0,-1571.0,-1473.0
4191,1719,-1756,0,4328.0,4436.0,1607.0,1506.0,-1672.0,-1571.0
4022,1850,-1808,0,4191.0,4328.0,1719.0,1607.0,-1756.0,-1672.0
3841,1971,-1821,0,4022.0,4191.0,1850.0,1719.0,-1808.0,-1756.0
3654,2087,-1794,0,3841.0,4022.0,1971.0,1850.0,-1821.0,-1808.0
3481,2206,-1725,0,3654.0,3841.0,2087.0,1971.0,-1794.0,-1821.0
3338,2319,-1629,0,3481.0,3654.0,2206.0,2087.0,-1725.0,-1794.0
3234,2414,-1505,0,3338.0,3481.0,2319.0,2206.0,-1629.0,-1725.0
3160,2482,-1358,0,3234.0,3338.0,2414.0,2319.0,-1505.0,-1629.0
3113,2518,-1199,0,3160.0,3234.0,2482.0,2414.0,-1358.0,-1505.0
3093,2542,-1022,0,3113.0,3160.0,2518.0,2482.0,-1199.0,-1358.0
3097,2555,-843,0,3093.0,3113.0,2542.0,2518.0,-1022.0,-1199.0
3110,2557,-669,0,3097.0,3093.0,2555.0,2542.0,-843.0,-1022.0
3120,2547,-505,0,3110.0,3097.0,2557.0,2555.0,-669.0,-843.0
3137,2528,-366,0,3120.0,3110.0,2547.0,2557.0,-505.0,-669.0
3158,2497,-264,0,3137.0,3120.0,2528.0,2547.0,-366.0,-505.0
3173,2445,-196,0,3158.0,3137.0,2497.0,2528.0,-264.0,-366.0
3193,2372,-164,0,3173.0,3158.0,2445.0,2497.0,-196.0,-264.0
3214,2271,-145,0,3193.0,3173.0,2372.0,2445.0,-164.0,-196.0
3230,2152,-144,0,3214.0,3193.0,2271.0,2372.0,-145.0,-164.0
3248,2026,-161,0,3230.0,3214.0,2152.0,2271.0,-144.0,-145.0
3270,1880,-185,0,3248.0,3230.0,2026.0,2152.0,-161.0,-144.0
3295,1731,-220,0,3270.0,3248.0,1880.0,2026.0,-185.0,-161.0
3318,1589,-275,0,3295.0,3270.0,1731.0,1880.0,-220.0,-185.0
3334,1464,-353,0,3318.0,3295.0,1589.0,1731.0,-275.0,-220.0
3358,1355,-446,0,3334.0,3318.0,1464.0,1589.0,-353.0,-275.0
3393,1253,-533,0,3358.0,3334.0,1355.0,1464.0,-446.0,-353.0
3454,1157,-594,0,3393.0,3358.0,1253.0,1355.0,-533.0,-446.0
3539,1073,-624,0,3454.0,3393.0,1157.0,1253.0,-594.0,-533.0
3651,1005,-629,0,3539.0,3454.0,1073.0,1157.0,-624.0,-594.0
3765,960,-632,0,3651.0,3539.0,1005.0,1073.0,-629.0,-624.0
3874,932,-648,0,3765.0,3651.0,960.0,1005.0,-632.0,-629.0
3975,918,-679,0,3874.0,3765.0,932.0,960.0,-648.0,-632.0
4058,925,-704,0,3975.0,3874.0,918.0,932.0,-679.0,-648.0
4133,925,-714,0,4058.0,3975.0,925.0,918.0,-704.0,-679.0
4203,917,-707,0,4133.0,4058.0,925.0,925.0,-714.0,-704.0
4272,896,-691,0,4203.0,4133.0,917.0,925.0,-707.0,-714.0
4322,870,-687,0,4272.0,4203.0,896.0,917.0,-691.0,-707.0
4355,840,-688,0,4322.0,4272.0,870.0,896.0,-687.0,-691.0
4374,790,-687,0,4355.0,4322.0,840.0,870.0,-688.0,-687.0
4371,733,-684,0,4374.0,4355.0,790.0,840.0,-687.0,-688.0
4344,684,-668,0,4371.0,4374.0,733.0,790.0,-684.0,-687.0
4295,645,-654,0,4344.0,4371.0,684.0,733.0,-668.0,-684.0
4224,608,-632,0,4295.0,4344.0,645.0,684.0,-654.0,-668.0
4146,583,-592,0,4224.0,4295.0,608.0,645.0,-632.0,-654.0
4051,571,-522,0,4146.0,4224.0,583.0,608.0,-592.0,-632.0
3946,576,-426,0,4051.0,4146.0,571.0,583.0,-522.0,-592.0
3834,590,-314,0,3946.0,4051.0,576.0,571.0,-426.0,-522.0
3721,614,-207,0,3834.0,3946.0,590.0,576.0,-314.0,-426.0
3605,645,-108,0,3721.0,3834.0,614.0,590.0,-207.0,-314.0
3489,685,-39,0,3605.0,3721.0,645.0,614.0,-108.0,-207.0
3369,728,27,0,3489.0,3605.0,685.0,645.0,-39.0,-108.0
3250,774,86,0,3369.0,3489.0,728.0,685.0,27.0,-39.0
3146,812,145,0,3250.0,3369.0,774.0,728.0,86.0,27.0
3050,841,208,0,3146.0,3250.0,812.0,774.0,145.0,86.0
2969,866,274,0,3050.0,3146.0,841.0,812.0,208.0,145.0
2898,892,328,0,2969.0,3050.0,866.0,841.0,274.0,208.0
2833,919,379,0,2898.0,2969.0,892.0,866.0,328.0,274.0
2777,948,426,0,2833.0,2898.0,919.0,892.0,379.0,328.0
2734,974,468,0,2777.0,2833.0,948.0,919.0,426.0,379.0
2694,1002,509,0,2734.0,2777.0,974.0,948.0,468.0,426.0
2665,1022,554,0,2694.0,2734.0,1002.0,974.0,509.0,468.0
2648,1035,601,0,2665.0,2694.0,1022.0,1002.0,554.0,509.0
2644,1045,645,0,2648.0,2665.0,1035.0,1022.0,601.0,554.0
2656,1050,679,0,2644.0,2648.0,1045.0,1035.0,645.0,601.0
2681,1053,698,0,2656.0,2644.0,1050.0,1045.0,679.0,645.0
2724,1057,708,0,2681.0,2656.0,1053.0,1050.0,698.0,679.0
2780,1059,706,0,2724.0,2681.0,1057.0,1053.0,708.0,698.0
2840,1060,695,0,2780.0,2724.0,1059.0,1057.0,706.0,708.0
2896,1059,660,0,2840.0,2780.0,1060.0,1059.0,695.0,706.0
2951,1053,610,0,2896.0,2840.0,1059.0,1060.0,660.0,695.0
2999,1044,551,0,2951.0,2896.0,1053.0,1059.0,610.0,660.0
3047,1030,498,0,2999.0,2951.0,1044.0,1053.0,551.0,610.0
3092,1008,452,0,3047.0,2999.0,1030.0,1044.0,498.0,551.0
3134,982,421,0,3092.0,3047.0,1008.0,1030.0,452.0,498.0
3177,952,413,0,3134.0,3092.0,982.0,1008.0,421.0,452.0
3212,921,410,0,3177.0,3134.0,952.0,982.0,413.0,421.0
3231,894,403,0,3212.0,3177.0,921.0,952.0,410.0,413.0
3235,863,384,0,3231.0,3212.0,894.0,921.0,403.0,410.0
3224,830,352,0,3235.0,3231.0,863.0,894.0,384.0,403.0
3199,796,312,0,3224.0,3235.0,830.0,863.0,352.0,384.0
3166,755,274,0,3199.0,3224.0,796.0,830.0,312.0,352.0
3130,707,238,0,3166.0,3199.0,755.0,796.0,274.0,312.0
3093,652,212,0,3130.0,3166.0,707.0,755.0,238.0,274.0
3052,603,188,0,3093.0,3130.0,652.0,707.0,212.0,238.0
3004,555,165,0,3052.0,3093.0,603.0,652.0,188.0,212.0
2948,517,144,0,3004.0,3052.0,555.0,603.0,165.0,188.0
2898,487,133,0,2948.0,3004.0,517.0,555.0,144.0,165.0
2850,460,132,0,2898.0,2948.0,487.0,517.0,133.0,144.0
2800,450,143,0,2850.0,2898.0,460.0,487.0,132.0,133.0
2760,450,166,0,2800.0,2850.0,450.0,460.0,143.0,132.0
2716,470,199,0,2760.0,2800.0,450.0,450.0,166.0,143.0
2679,506,243,0,2716.0,2760.0,470.0,450.0,199.0,166.0
2648,559,288,0,2679.0,2716.0,506.0,470.0,243.0,199.0
2629,621,348,0,2648.0,2679.0,559.0,506.0,288.0,243.0
2607,708,384,0,2629.0,2648.0,621.0,559.0,348.0,288.0
2576,803,403,0,2607.0,2629.0,708.0,621.0,384.0,348.0
2551,900,408,0,2576.0,2607.0,803.0,708.0,403.0,384.0
2540,993,415,0,2551.0,2576.0,900.0,803.0,408.0,403.0
2543,1064,424,0,2540.0,2551.0,993.0,900.0,415.0,408.0
2560,1115,442,0,2543.0,2540.0,1064.0,993.0,424.0,415.0
2598,1140,469,0,2560.0,2543.0,1115.0,1064.0,442.0,424.0
2651,1135,493,0,2598.0,2560.0,1140.0,1115.0,469.0,442.0
2708,1097,495,0,2651.0,2598.0,1135.0,1140.0,493.0,469.0
2774,1035,480,0,2708.0,2651.0,1097.0,1135.0,495.0,493.0
2849,956,451,0,2774.0,2708.0,1035.0,1097.0,480.0,495.0
2929,863,412,0,2849.0,2774.0,956.0,1035.0,451.0,480.0
3017,761,370,0,2929.0,2849.0,863.0,956.0,412.0,451.0
3114,655,320,0,3017.0,2929.0,761.0,863.0,370.0,412.0
3231,553,286,0,3114.0,3017.0,655.0,761.0,320.0,370.0
3358,468,263,0,3231.0,3114.0,553.0,655.0,286.0,320.0
3490,411,244,0,3358.0,3231.0,468.0,553.0,263.0,286.0
3618,393,220,0,3490.0,3358.0,411.0,468.0,244.0,263.0
3742,419,194,0,3618.0,3490.0,393.0,411.0,220.0,244.0
3864,471,176,0,3742.0,3618.0,419.0,393.0,194.0,220.0
3983,538,176,0,3864.0,3742.0,471.0,419.0,176.0,194.0
4095,627,189,0,3983.0,3864.0,538.0,471.0,176.0,176.0
4200,727,220,0,4095.0,3983.0,627.0,538.0,189.0,176.0
4299,835,260,0,4200.0,4095.0,727.0,627.0,220.0,189.0
4380,946,305,0,4299.0,4200.0,835.0,727.0,260.0,220.0
4449,1042,371,0,4380.0,4299.0,946.0,835.0,305.0,260.0
4505,1125,440,0,4449.0,4380.0,1042.0,946.0,371.0,305.0
4534,1194,509,0,4505.0,4449.0,1125.0,1042.0,440.0,371.0
4512,1260,516,0,4534.0,4505.0,1194.0,1125.0,509.0,440.0
4434,1333,449,0,4512.0,4534.0,1260.0,1194.0,516.0,509.0
4338,1394,356,0,4434.0,4512.0,1333.0,1260.0,449.0,516.0
4264,1434,295,0,4338.0,4434.0,1394.0,1333.0,356.0,449.0
4202,1454,256,0,4264.0,4338.0,1434.0,1394.0,295.0,356.0
4122,1486,179,0,4202.0,4264.0,1454.0,1434.0,256.0,295.0
4009,1552,50,0,4122.0,4202.0,1486.0,1454.0,179.0,256.0
3914,1633,-36,0,4009.0,4122.0,1552.0,1486.0,50.0,179.0
3927,1694,53,0,3914.0,4009.0,1633.0,1552.0,-36.0,50.0
4035,1721,307,0,3927.0,3914.0,1694.0,1633.0,53.0,-36.0
4152,1718,487,0,4035.0,3927.0,1721.0,1694.0,307.0,53.0
4164,1696,405,0,4152.0,4035.0,1718.0,1721.0,487.0,307.0
4082,1657,132,0,4164.0,4152.0,1696.0,1718.0,405.0,487.0
3957,1586,-210,0,4082.0,4164.0,1657.0,1696.0,132.0,405.0
3854,1488,-555,0,3957.0,4082.0,1586.0,1657.0,-210.0,132.0
3802,1405,-860,0,3854.0,3957.0,1488.0,1586.0,-555.0,-210.0
3842,1345,-1076,0,3802.0,3854.0,1405.0,1488.0,-860.0,-555.0
3977,1312,-1194,0,3842.0,3802.0,1345.0,1405.0,-1076.0,-860.0
4194,1304,-1242,0,3977.0,3842.0,1312.0,1345.0,-1194.0,-1076.0
