accelerometer_x,accelerometer_y,accelerometer_z,fall,x_lag_1,x_lag_2,y_lag_1,y_lag_2,z_lag_1,z_lag_2
4809,-462,-16,1,,,,,,
4526,12,160,1,4809.0,,-462.0,,-16.0,
4296,-293,36,1,4526.0,4809.0,12.0,-462.0,160.0,-16.0
3999,-368,77,1,4296.0,4526.0,-293.0,12.0,36.0,160.0
3774,-514,29,1,3999.0,4296.0,-368.0,-293.0,77.0,36.0
3685,-118,374,1,3774.0,3999.0,-514.0,-368.0,29.0,77.0
3654,339,624,1,3685.0,3774.0,-118.0,-514.0,374.0,29.0
3571,621,790,1,3654.0,3685.0,339.0,-118.0,624.0,374.0
3460,396,869,1,3571.0,3654.0,621.0,339.0,790.0,624.0
3306,924,820,1,3460.0,3571.0,396.0,621.0,869.0,790.0
3235,1092,724,1,3306.0,3460.0,924.0,396.0,820.0,869.0
3207,1139,605,1,3235.0,3306.0,1092.0,924.0,724.0,820.0
3014,866,143,1,3207.0,3235.0,1139.0,1092.0,605.0,724.0
2969,788,-113,1,3014.0,3207.0,866.0,1139.0,143.0,605.0
2995,1005,-177,1,2969.0,3014.0,788.0,866.0,-113.0,143.0
2946,274,-400,1,2995.0,2969.0,1005.0,788.0,-177.0,-113.0
2782,159,-343,1,2946.0,2995.0,274.0,1005.0,-400.0,-177.0
2539,17,-442,1,2782.0,2946.0,159.0,274.0,-343.0,-400.0
2344,110,-427,1,2539.0,2782.0,17.0,159.0,-442.0,-343.0
2159,174,-280,1,2344.0,2539.0,110.0,17.0,-427.0,-442.0
1932,78,-299,1,2159.0,2344.0,174.0,110.0,-280.0,-427.0
1679,-42,-217,1,1932.0,2159.0,78.0,174.0,-299.0,-280.0
1504,68,-46,1,1679.0,1932.0,-42.0,78.0,-217.0,-299.0
1241,-266,5,1,1504.0,1679.0,68.0,-42.0,-46.0,-217.0
945,-151,129,1,1241.0,1504.0,-266.0,68.0,5.0,-46.0
563,-288,25,1,945.0,1241.0,-151.0,-266.0,129.0,5.0
448,-164,48,1,563.0,945.0,-288.0,-151.0,25.0,129.0
311,-146,28,1,448.0,563.0,-164.0,-288.0,48.0,25.0
117,-588,-192,1,311.0,448.0,-146.0,-164.0,28.0,48.0
75,-463,-189,1,117.0,311.0,-588.0,-146.0,-192.0,28.0
16,-742,-337,1,75.0,117.0,-463.0,-588.0,-189.0,-192.0
-102,-830,-390,1,16.0,75.0,-742.0,-463.0,-337.0,-189.0
-99,-750,-557,1,-102.0,16.0,-830.0,-742.0,-390.0,-337.0
-87,-1030,-682,1,-99.0,-102.0,-750.0,-830.0,-557.0,-390.0
-99,-892,-675,1,-87.0,-99.0,-1030.0,-750.0,-682.0,-557.0
-179,-1140,-714,1,-99.0,-87.0,-892.0,-1030.0,-675.0,-682.0
-386,-1056,-577,1,-179.0,-99.0,-1140.0,-892.0,-714.0,-675.0
-481,-1130,-491,1,-386.0,-179.0,-1056.0,-1140.0,-577.0,-714.0
-510,-885,-395,1,-481.0,-386.0,-1130.0,-1056.0,-491.0,-577.0
-483,-739,-512,1,-510.0,-481.0,-885.0,-1130.0,-395.0,-491.0
-255,-682,-596,1,-483.0,-510.0,-739.0,-885.0,-512.0,-395.0
-94,-390,-700,1,-255.0,-483.0,-682.0,-739.0,-596.0,-512.0
-163,-338,-1475,1,-94.0,-255.0,-390.0,-682.0,-700.0,-596.0
-217,-387,-2629,1,-163.0,-94.0,-338.0,-390.0,-1475.0,-700.0
-161,-277,-3800,1,-217.0,-163.0,-387.0,-338.0,-2629.0,-1475.0
-236,-222,-4696,1,-161.0,-217.0,-277.0,-387.0,-3800.0,-2629.0
-227,-175,-5479,1,-236.0,-161.0,-222.0,-277.0,-4696.0,-3800.0
199,27,-6675,1,-227.0,-236.0,-175.0,-222.0,-5479.0,-4696.0
679,788,-8075,1,199.0,-227.0,27.0,-175.0,-6675.0,-5479.0
1539,1117,-8843,1,679.0,199.0,788.0,27.0,-8075.0,-6675.0
3128,1260,-8216,1,1539.0,679.0,1117.0,788.0,-8843.0,-8075.0
5059,1196,-6788,1,3128.0,1539.0,1260.0,1117.0,-8216.0,-8843.0
7152,892,-5460,1,5059.0,3128.0,1196.0,1260.0,-6788.0,-8216.0
9309,841,-4093,1,7152.0,5059.0,892.0,1196.0,-5460.0,-6788.0
11721,1129,-2209,1,9309.0,7152.0,841.0,892.0,-4093.0,-5460.0
13471,376,-640,1,11721.0,9309.0,1129.0,841.0,-2209.0,-4093.0
14646,-547,158,1,13471.0,11721.0,376.0,1129.0,-640.0,-2209.0
15445,-1129,414,1,14646.0,13471.0,-547.0,376.0,158.0,-640.0
14734,-2309,-30,1,15445.0,14646.0,-1129.0,-547.0,414.0,158.0
13549,-3640,-815,1,14734.0,15445.0,-2309.0,-1129.0,-30.0,414.0
12458,-4245,-1192,1,13549.0,14734.0,-3640.0,-2309.0,-815.0,-30.0
11496,-4354,-1307,1,12458.0,13549.0,-4245.0,-3640.0,-1192.0,-815.0
11361,-3810,-1139,1,11496.0,12458.0,-4354.0,-4245.0,-1307.0,-1192.0
10551,-2805,-941,1,11361.0,11496.0,-3810.0,-4354.0,-1139.0,-1307.0
9802,-1531,-451,1,10551.0,11361.0,-2805.0,-3810.0,-941.0,-1139.0
9032,-993,-314,1,9802.0,10551.0,-1531.0,-2805.0,-451.0,-941.0
7961,-853,-726,1,9032.0,9802.0,-993.0,-1531.0,-314.0,-451.0
7058,-764,-1153,1,7961.0,9032.0,-853.0,-993.0,-726.0,-314.0
5858,-805,-1814,1,7058.0,7961.0,-764.0,-853.0,-1153.0,-726.0
5129,-791,-1930,1,5858.0,7058.0,-805.0,-764.0,-1814.0,-1153.0
4343,-712,-1981,1,5129.0,5858.0,-791.0,-805.0,-1930.0,-1814.0
3588,-561,-1969,1,4343.0,5129.0,-712.0,-791.0,-1981.0,-1930.0
3019,-468,-1739,1,3588.0,4343.0,-561.0,-712.0,-1969.0,-1981.0
2744,-339,-1471,1,3019.0,3588.0,-468.0,-561.0,-1739.0,-1969.0
2436,-256,-1292,1,2744.0,3019.0,-339.0,-468.0,-1471.0,-1739.0
2543,-151,-974,1,2436.0,2744.0,-256.0,-339.0,-1292.0,-1471.0
2670,88,-832,1,2543.0,2436.0,-151.0,-256.0,-974.0,-1292.0
3077,164,-687,1,2670.0,2543.0,88.0,-151.0,-832.0,-974.0
3772,355,-355,1,3077.0,2670.0,164.0,88.0,-687.0,-832.0
4460,646,155,1,3772.0,3077.0,355.0,164.0,-355.0,-687.0
4743,964,452,1,4460.0,3772.0,646.0,355.0,155.0,-355.0
4847,913,542,1,4743.0,4460.0,964.0,646.0,452.0,155.0
4948,892,676,1,4847.0,4743.0,913.0,964.0,542.0,452.0
4935,810,661,1,4948.0,4847.0,892.0,913.0,676.0,542.0
4886,493,453,1,4935.0,4948.0,810.0,892.0,661.0,676.0
5054,111,330,1,4886.0,4935.0,493.0,810.0,453.0,661.0
4940,146,282,1,5054.0,4886.0,111.0,493.0,330.0,453.0
4909,-41,162,1,4940.0,5054.0,146.0,111.0,282.0,330.0
4791,-175,-45,1,4909.0,4940.0,-41.0,146.0,162.0,282.0
4646,-55,-32,1,4791.0,4909.0,-175.0,-41.0,-45.0,162.0
4479,-118,-161,1,4646.0,4791.0,-55.0,-175.0,-32.0,-45.0
4378,-360,-396,1,4479.0,4646.0,-118.0,-55.0,-161.0,-32.0
4241,-266,-477,1,4378.0,4479.0,-360.0,-118.0,-396.0,-161.0
4207,526,-209,1,4241.0,4378.0,-266.0,-360.0,-477.0,-396.0
3885,495,-416,1,4207.0,4241.0,526.0,-266.0,-209.0,-477.0
3801,744,-337,1,3885.0,4207.0,495.0,526.0,-416.0,-209.0
3827,959,-221,1,3801.0,3885.0,744.0,495.0,-337.0,-416.0
3649,983,-276,1,3827.0,3801.0,959.0,744.0,-221.0,-337.0
3145,805,-412,1,3649.0,3827.0,983.0,959.0,-276.0,-221.0
3298,-496,-812,1,3145.0,3649.0,805.0,983.0,-412.0,-276.0
3397,-1978,-1074,1,3298.0,3145.0,-496.0,805.0,-812.0,-412.0
3416,-1463,-792,1,3397.0,3298.0,-1978.0,-496.0,-1074.0,-812.0
3154,-207,-636,1,3416.0,3397.0,-1463.0,-1978.0,-792.0,-1074.0
2840,602,-523,1,3154.0,3416.0,-207.0,-1463.0,-636.0,-792.0
2752,1375,-177,1,2840.0,3154.0,602.0,-207.0,-523.0,-636.0
2605,1451,35,1,2752.0,2840.0,1375.0,602.0,-177.0,-523.0
2128,471,-240,1,2605.0,2752.0,1451.0,1375.0,35.0,-177.0
2019,721,6,1,2128.0,2605.0,471.0,1451.0,-240.0,35.0
2173,-1386,372,1,2019.0,2128.0,721.0,471.0,6.0,-240.0
2606,266,1015,1,2173.0,2019.0,-1386.0,721.0,372.0,6.0
2393,1917,951,1,2606.0,2173.0,266.0,-1386.0,1015.0,372.0
2681,5602,1931,1,2393.0,2606.0,1917.0,266.0,951.0,1015.0
2417,2061,829,1,2681.0,2393.0,5602.0,1917.0,1931.0,951.0
3048,3086,1446,1,2417.0,2681.0,2061.0,5602.0,829.0,1931.0
2289,306,-69,1,3048.0,2417.0,3086.0,2061.0,1446.0,829.0
1945,9072,961,1,2289.0,3048.0,306.0,3086.0,-69.0,1446.0
1797,4661,910,1,1945.0,2289.0,9072.0,306.0,961.0,-69.0
1521,1927,386,1,1797.0,1945.0,4661.0,9072.0,910.0,961.0
1687,-777,343,1,1521.0,1797.0,1927.0,4661.0,386.0,910.0
1939,-6167,-1235,1,1687.0,1521.0,-777.0,1927.0,343.0,386.0
2723,-5111,-612,1,1939.0,1687.0,-6167.0,-777.0,-1235.0,343.0
1835,-6399,-2229,1,2723.0,1939.0,-5111.0,-6167.0,-612.0,-1235.0
1373,-3970,-1219,1,1835.0,2723.0,-6399.0,-5111.0,-2229.0,-612.0
1476,-1816,-753,1,1373.0,1835.0,-3970.0,-6399.0,-1219.0,-2229.0
1133,-250,-413,1,1476.0,1373.0,-1816.0,-3970.0,-753.0,-1219.0
746,62,-692,1,1133.0,1476.0,-250.0,-1816.0,-413.0,-753.0
729,26,-589,1,746.0,1133.0,62.0,-250.0,-692.0,-413.0
742,76,-439,1,729.0,746.0,26.0,62.0,-589.0,-692.0
642,-274,-516,1,742.0,729.0,76.0,26.0,-439.0,-589.0
457,-530,-537,1,642.0,742.0,-274.0,76.0,-516.0,-439.0
229,-434,-519,1,457.0,642.0,-530.0,-274.0,-537.0,-516.0
178,-513,-495,1,229.0,457.0,-434.0,-530.0,-519.0,-537.0
105,-683,-452,1,178.0,229.0,-513.0,-434.0,-495.0,-519.0
166,-498,-272,1,105.0,178.0,-683.0,-513.0,-452.0,-495.0
118,-620,-224,1,166.0,105.0,-498.0,-683.0,-272.0,-452.0
31,-604,-209,1,118.0,166.0,-620.0,-498.0,-224.0,-272.0
91,-329,-174,1,31.0,118.0,-604.0,-620.0,-209.0,-224.0
152,-249,-390,1,91.0,31.0,-329.0,-604.0,-174.0,-209.0
260,-325,-970,1,152.0,91.0,-249.0,-329.0,-390.0,-174.0
369,-728,-1912,1,260.0,152.0,-325.0,-249.0,-970.0,-390.0
556,-1105,-2871,1,369.0,260.0,-728.0,-325.0,-1912.0,-970.0
912,-1309,-3795,1,556.0,369.0,-1105.0,-728.0,-2871.0,-1912.0
1489,-1608,-4820,1,912.0,556.0,-1309.0,-1105.0,-3795.0,-2871.0
2050,-1874,-6057,1,1489.0,912.0,-1608.0,-1309.0,-4820.0,-3795.0
2748,-2324,-7028,1,2050.0,1489.0,-1874.0,-1608.0,-6057.0,-4820.0
3786,-2726,-7478,1,2748.0,2050.0,-2324.0,-1874.0,-7028.0,-6057.0
5549,-1035,-6240,1,3786.0,2748.0,-2726.0,-2324.0,-7478.0,-7028.0
7586,230,-4230,1,5549.0,3786.0,-1035.0,-2726.0,-6240.0,-7478.0
9610,2417,-1858,1,7586.0,5549.0,230.0,-1035.0,-4230.0,-6240.0
11476,3593,-72,1,9610.0,7586.0,2417.0,230.0,-1858.0,-4230.0
13015,2842,928,1,11476.0,9610.0,3593.0,2417.0,-72.0,-1858.0
13417,1461,771,1,13015.0,11476.0,2842.0,3593.0,928.0,-72.0
13535,129,-74,1,13417.0,13015.0,1461.0,2842.0,771.0,928.0
13362,-620,-1428,1,13535.0,13417.0,129.0,1461.0,-74.0,771.0
12707,-1285,-2628,1,13362.0,13535.0,-620.0,129.0,-1428.0,-74.0
11634,-33,-2639,1,12707.0,13362.0,-1285.0,-620.0,-2628.0,-1428.0
10149,-215,-3084,1,11634.0,12707.0,-33.0,-1285.0,-2639.0,-2628.0
9799,259,-2133,1,10149.0,11634.0,-215.0,-33.0,-3084.0,-2639.0
8114,1404,-1719,1,9799.0,10149.0,259.0,-215.0,-2133.0,-3084.0
6477,774,-2003,1,8114.0,9799.0,1404.0,259.0,-1719.0,-2133.0
5133,417,-1838,1,6477.0,8114.0,774.0,1404.0,-2003.0,-1719.0
5063,239,-1319,1,5133.0,6477.0,417.0,774.0,-1838.0,-2003.0
5491,791,-525,1,5063.0,5133.0,239.0,417.0,-1319.0,-1838.0
5075,304,-1103,1,5491.0,5063.0,791.0,239.0,-525.0,-1319.0
5269,-135,-487,1,5075.0,5491.0,304.0,791.0,-1103.0,-525.0
5439,-75,-51,1,5269.0,5075.0,-135.0,304.0,-487.0,-1103.0
6487,-588,417,1,5439.0,5269.0,-75.0,-135.0,-51.0,-487.0
5549,-360,35,1,6487.0,5439.0,-588.0,-75.0,417.0,-51.0
5231,-535,-106,1,5549.0,6487.0,-360.0,-588.0,35.0,417.0
5315,-746,69,1,5231.0,5549.0,-535.0,-360.0,-106.0,35.0
5517,-307,539,1,5315.0,5231.0,-746.0,-535.0,69.0,-106.0
6203,-1048,1528,1,5517.0,5315.0,-307.0,-746.0,539.0,69.0
7058,-520,3243,1,6203.0,5517.0,-1048.0,-307.0,1528.0,539.0
6369,-258,1339,1,7058.0,6203.0,-520.0,-1048.0,3243.0,1528.0
5400,307,237,1,6369.0,7058.0,-258.0,-520.0,1339.0,3243.0
4805,-936,-1347,1,5400.0,6369.0,307.0,-258.0,237.0,1339.0
4839,-643,-980,1,4805.0,5400.0,-936.0,307.0,-1347.0,237.0
4684,-1646,-1439,1,4839.0,4805.0,-643.0,-936.0,-980.0,-1347.0
4480,-233,-790,1,4684.0,4839.0,-1646.0,-643.0,-1439.0,-980.0
4407,-912,-837,1,4480.0,4684.0,-233.0,-1646.0,-790.0,-1439.0
4721,-1976,-667,1,4407.0,4480.0,-912.0,-233.0,-837.0,-790.0
4741,-898,141,1,4721.0,4407.0,-1976.0,-912.0,-667.0,-837.0
4901,294,487,1,4741.0,4721.0,-898.0,-1976.0,141.0,-667.0
5230,797,857,1,4901.0,4741.0,294.0,-898.0,487.0,141.0
5277,905,946,1,5230.0,4901.0,797.0,294.0,857.0,487.0
5129,655,720,1,5277.0,5230.0,905.0,797.0,946.0,857.0
4790,306,503,1,5129.0,5277.0,655.0,905.0,720.0,946.0
4592,623,454,1,4790.0,5129.0,306.0,655.0,503.0,720.0
4903,1211,695,1,4592.0,4790.0,623.0,306.0,454.0,503.0
4970,1932,641,1,4903.0,4592.0,1211.0,623.0,695.0,454.0
5153,1756,563,1,4970.0,4903.0,1932.0,1211.0,641.0,695.0
5199,2395,648,1,5153.0,4970.0,1756.0,1932.0,563.0,641.0
5203,1688,766,1,5199.0,5153.0,2395.0,1756.0,648.0,563.0
5093,3007,750,1,5203.0,5199.0,1688.0,2395.0,766.0,648.0
5083,3730,162,1,5093.0,5203.0,3007.0,1688.0,750.0,766.0
5150,2931,-648,1,5083.0,5093.0,3730.0,3007.0,162.0,750.0
4887,1692,-1093,1,5150.0,5083.0,2931.0,3730.0,-648.0,162.0
4589,1147,-1222,1,4887.0,5150.0,1692.0,2931.0,-1093.0,-648.0
4237,622,-1319,1,4589.0,4887.0,1147.0,1692.0,-1222.0,-1093.0
3840,665,-1241,1,4237.0,4589.0,622.0,1147.0,-1319.0,-1222.0
3514,538,-1271,1,3840.0,4237.0,665.0,622.0,-1241.0,-1319.0
3264,355,-1205,1,3514.0,3840.0,538.0,665.0,-1271.0,-1241.0
2984,100,-1039,1,3264.0,3514.0,355.0,538.0,-1205.0,-1271.0
2709,59,-904,1,2984.0,3264.0,100.0,355.0,-1039.0,-1205.0
2390,163,-888,1,2709.0,2984.0,59.0,100.0,-904.0,-1039.0
2079,453,-798,1,2390.0,2709.0,163.0,59.0,-888.0,-904.0
1750,424,-880,1,2079.0,2390.0,453.0,163.0,-798.0,-888.0
1345,314,-981,1,1750.0,2079.0,424.0,453.0,-880.0,-798.0
945,62,-1114,1,1345.0,1750.0,314.0,424.0,-981.0,-880.0
584,-91,-1141,1,945.0,1345.0,62.0,314.0,-1114.0,-981.0
270,-232,-1126,1,584.0,945.0,-91.0,62.0,-1141.0,-1114.0
-3,-436,-1117,1,270.0,584.0,-232.0,-91.0,-1126.0,-1141.0
-232,-570,-988,1,-3.0,270.0,-436.0,-232.0,-1117.0,-1126.0
-510,-539,-807,1,-232.0,-3.0,-570.0,-436.0,-988.0,-1117.0
-712,-561,-676,1,-510.0,-232.0,-539.0,-570.0,-807.0,-988.0
-895,-735,-580,1,-712.0,-510.0,-561.0,-539.0,-676.0,-807.0
-981,-1038,-487,1,-895.0,-712.0,-735.0,-561.0,-580.0,-676.0
-1163,-1214,-360,1,-981.0,-895.0,-1038.0,-735.0,-487.0,-580.0
-1291,-1068,-272,1,-1163.0,-981.0,-1214.0,-1038.0,-360.0,-487.0
-1409,-823,-122,1,-1291.0,-1163.0,-1068.0,-1214.0,-272.0,-360.0
-1528,-698,-161,1,-1409.0,-1291.0,-823.0,-1068.0,-122.0,-272.0
-1542,-721,-484,1,-1528.0,-1409.0,-698.0,-823.0,-161.0,-122.0
-1369,-822,-939,1,-1542.0,-1528.0,-721.0,-698.0,-484.0,-161.0
-1329,-850,-1374,1,-1369.0,-1542.0,-822.0,-721.0,-939.0,-484.0
-1404,-1169,-2182,1,-1329.0,-1369.0,-850.0,-822.0,-1374.0,-939.0
-1425,-1646,-3291,1,-1404.0,-1329.0,-1169.0,-850.0,-2182.0,-1374.0
-1426,-1995,-4040,1,-1425.0,-1404.0,-1646.0,-1169.0,-3291.0,-2182.0
-1260,-1867,-4300,1,-1426.0,-1425.0,-1995.0,-1646.0,-4040.0,-3291.0
-608,-1429,-4023,1,-1260.0,-1426.0,-1867.0,-1995.0,-4300.0,-4040.0
111,-1221,-4154,1,-608.0,-1260.0,-1429.0,-1867.0,-4023.0,-4300.0
1025,-1062,-4681,1,111.0,-608.0,-1221.0,-1429.0,-4154.0,-4023.0
2241,-845,-4438,1,1025.0,111.0,-1062.0,-1221.0,-4681.0,-4154.0
3747,-629,-3564,1,2241.0,1025.0,-845.0,-1062.0,-4438.0,-4681.0
5379,-602,-2526,1,3747.0,2241.0,-629.0,-845.0,-3564.0,-4438.0
6857,-1025,-1756,1,5379.0,3747.0,-602.0,-629.0,-2526.0,-3564.0
7558,-1349,-1570,1,6857.0,5379.0,-1025.0,-602.0,-1756.0,-2526.0
8229,-1049,-1309,1,7558.0,6857.0,-1349.0,-1025.0,-1570.0,-1756.0
8805,-590,-894,1,8229.0,7558.0,-1049.0,-1349.0,-1309.0,-1570.0
9517,-111,-545,1,8805.0,8229.0,-590.0,-1049.0,-894.0,-1309.0
10303,758,-429,1,9517.0,8805.0,-111.0,-590.0,-545.0,-894.0
10957,943,-803,1,10303.0,9517.0,758.0,-111.0,-429.0,-545.0
11146,403,-1213,1,10957.0,10303.0,943.0,758.0,-803.0,-429.0
10918,-401,-1445,1,11146.0,10957.0,403.0,943.0,-1213.0,-803.0
10486,-1373,-1613,1,10918.0,11146.0,-401.0,403.0,-1445.0,-1213.0
9806,-1638,-1649,1,10486.0,10918.0,-1373.0,-401.0,-1613.0,-1445.0
8919,-1781,-1609,1,9806.0,10486.0,-1638.0,-1373.0,-1649.0,-1613.0
8559,-1331,-1149,1,8919.0,9806.0,-1781.0,-1638.0,-1609.0,-1649.0
7962,-1225,-1097,1,8559.0,8919.0,-1331.0,-1781.0,-1149.0,-1609.0
7222,-951,-1098,1,7962.0,8559.0,-1225.0,-1331.0,-1097.0,-1149.0
6943,-1033,-1088,1,7222.0,7962.0,-951.0,-1225.0,-1098.0,-1097.0
6360,-805,-1043,1,6943.0,7222.0,-1033.0,-951.0,-1088.0,-1098.0
5796,-541,-1082,1,6360.0,6943.0,-805.0,-1033.0,-1043.0,-1088.0
5344,-38,-1123,1,5796.0,6360.0,-541.0,-805.0,-1082.0,-1043.0
5165,85,-1040,1,5344.0,5796.0,-38.0,-541.0,-1123.0,-1082.0
4857,651,-1134,1,5165.0,5344.0,85.0,-38.0,-1040.0,-1123.0
4668,786,-925,1,4857.0,5165.0,651.0,85.0,-1134.0,-1040.0
4654,1208,-699,1,4668.0,4857.0,786.0,651.0,-925.0,-1134.0
4824,1120,-773,1,4654.0,4668.0,1208.0,786.0,-699.0,-925.0
4916,1275,-634,1,4824.0,4654.0,1120.0,1208.0,-773.0,-699.0
4965,1340,-371,1,4916.0,4824.0,1275.0,1120.0,-634.0,-773.0
4975,1371,-379,1,4965.0,4916.0,1340.0,1275.0,-371.0,-634.0
4913,1123,-396,1,4975.0,4965.0,1371.0,1340.0,-379.0,-371.0
4993,793,-336,1,4913.0,4975.0,1123.0,1371.0,-396.0,-379.0
5180,865,-12,1,4993.0,4913.0,793.0,1123.0,-336.0,-396.0
5274,221,-42,1,5180.0,4993.0,865.0,793.0,-12.0,-336.0
5656,-140,126,1,5274.0,5180.0,221.0,865.0,-42.0,-12.0
5863,-330,344,1,5656.0,5274.0,-140.0,221.0,126.0,-42.0
5914,-961,110,1,5863.0,5656.0,-330.0,-140.0,344.0,126.0
6000,-716,269,1,5914.0,5863.0,-961.0,-330.0,110.0,344.0
6193,-1567,-172,1,6000.0,5914.0,-716.0,-961.0,269.0,110.0
6235,-1544,-88,1,6193.0,6000.0,-1567.0,-716.0,-172.0,269.0
5918,-53,280,1,6235.0,6193.0,-1544.0,-1567.0,-88.0,-172.0
5208,90,17,1,5918.0,6235.0,-53.0,-1544.0,280.0,-88.0
5258,-594,-94,1,5208.0,5918.0,90.0,-53.0,17.0,280.0
5284,-1076,-174,1,5258.0,5208.0,-594.0,90.0,-94.0,17.0
4719,-843,-493,1,5284.0,5258.0,-1076.0,-594.0,-174.0,-94.0
4247,-892,-567,1,4719.0,5284.0,-843.0,-1076.0,-493.0,-174.0
4219,-1776,-778,1,4247.0,4719.0,-892.0,-843.0,-567.0,-493.0
4341,-3376,-1385,1,4219.0,4247.0,-1776.0,-892.0,-778.0,-567.0
4119,-2705,-905,1,4341.0,4219.0,-3376.0,-1776.0,-1385.0,-778.0
3871,-932,-417,1,4119.0,4341.0,-2705.0,-3376.0,-905.0,-1385.0
3537,690,-132,1,3871.0,4119.0,-932.0,-2705.0,-417.0,-905.0
3348,1460,-35,1,3537.0,3871.0,690.0,-932.0,-132.0,-417.0
3222,2207,11,1,3348.0,3537.0,1460.0,690.0,-35.0,-132.0
2471,2497,-524,1,3222.0,3348.0,2207.0,1460.0,11.0,-35.0
2061,220,-1048,1,2471.0,3222.0,2497.0,2207.0,-524.0,11.0
2299,1,-852,1,2061.0,2471.0,220.0,2497.0,-1048.0,-524.0
3211,-1363,322,1,2299.0,2061.0,1.0,220.0,-852.0,-1048.0
2838,-574,205,1,3211.0,2299.0,-1363.0,1.0,322.0,-852.0
2379,630,422,1,2838.0,3211.0,-574.0,-1363.0,205.0,322.0
2161,1077,608,1,2379.0,2838.0,630.0,-574.0,422.0,205.0
1784,2012,559,1,2161.0,2379.0,1077.0,630.0,608.0,422.0
1992,1829,806,1,1784.0,2161.0,2012.0,1077.0,559.0,608.0
2160,629,949,1,1992.0,1784.0,1829.0,2012.0,806.0,559.0
2301,983,1232,1,2160.0,1992.0,629.0,1829.0,949.0,806.0
2946,3238,2097,1,2301.0,2160.0,983.0,629.0,1232.0,949.0
2167,359,532,1,2946.0,2301.0,3238.0,983.0,2097.0,1232.0
2997,801,1056,1,2167.0,2946.0,359.0,3238.0,532.0,2097.0
2406,2870,-36,1,2997.0,2167.0,801.0,359.0,1056.0,532.0
1472,4401,140,1,2406.0,2997.0,2870.0,801.0,-36.0,1056.0
1083,2976,-39,1,1472.0,2406.0,4401.0,2870.0,140.0,-36.0
1218,-47,-131,1,1083.0,1472.0,2976.0,4401.0,-39.0,140.0
1523,-4934,-326,1,1218.0,1083.0,-47.0,2976.0,-131.0,-39.0
1533,-5782,-927,1,1523.0,1218.0,-4934.0,-47.0,-326.0,-131.0
2045,-5770,-1085,1,1533.0,1523.0,-5782.0,-4934.0,-927.0,-326.0
1808,-4753,-1183,1,2045.0,1533.0,-5770.0,-5782.0,-1085.0,-927.0
973,-2669,-894,1,1808.0,2045.0,-4753.0,-5770.0,-1183.0,-1085.0
-128,-1188,-858,1,973.0,1808.0,-2669.0,-4753.0,-894.0,-1183.0
-623,-361,-776,1,-128.0,973.0,-1188.0,-2669.0,-858.0,-894.0
-876,-141,-648,1,-623.0,-128.0,-361.0,-1188.0,-776.0,-858.0
-950,80,-447,1,-876.0,-623.0,-141.0,-361.0,-648.0,-776.0
-899,-207,-405,1,-950.0,-876.0,80.0,-141.0,-447.0,-648.0
-860,24,-294,1,-899.0,-950.0,-207.0,80.0,-405.0,-447.0
-926,-156,-420,1,-860.0,-899.0,24.0,-207.0,-294.0,-405.0
-916,-102,-565,1,-926.0,-860.0,-156.0,24.0,-420.0,-294.0
-897,-176,-959,1,-916.0,-926.0,-102.0,-156.0,-565.0,-420.0
-774,-348,-1502,1,-897.0,-916.0,-176.0,-102.0,-959.0,-565.0
-438,-563,-2223,1,-774.0,-897.0,-348.0,-176.0,-1502.0,-959.0
81,-638,-2955,1,-438.0,-774.0,-563.0,-348.0,-2223.0,-1502.0
616,-649,-3604,1,81.0,-438.0,-638.0,-563.0,-2955.0,-2223.0
1138,-980,-4378,1,616.0,81.0,-649.0,-638.0,-3604.0,-2955.0
1797,-1023,-4957,1,1138.0,616.0,-980.0,-649.0,-4378.0,-3604.0
2442,-652,-5123,1,1797.0,1138.0,-1023.0,-980.0,-4957.0,-4378.0
3092,-804,-5176,1,2442.0,1797.0,-652.0,-1023.0,-5123.0,-4957.0
3574,-49,-5071,1,3092.0,2442.0,-804.0,-652.0,-5176.0,-5123.0
5646,1351,-3519,1,3574.0,3092.0,-49.0,-804.0,-5071.0,-5176.0
7144,1764,-2652,1,5646.0,3574.0,1351.0,-49.0,-3519.0,-5071.0
8321,1946,-1987,1,7144.0,5646.0,1764.0,1351.0,-2652.0,-3519.0
8803,1163,-2148,1,8321.0,7144.0,1946.0,1764.0,-1987.0,-2652.0
11078,1647,-662,1,8803.0,8321.0,1163.0,1946.0,-2148.0,-1987.0
12120,407,-822,1,11078.0,8803.0,1647.0,1163.0,-662.0,-2148.0
12005,-1845,-1920,1,12120.0,11078.0,407.0,1647.0,-822.0,-662.0
11261,-3600,-3443,1,12005.0,12120.0,-1845.0,407.0,-1920.0,-822.0
9904,-2112,-3426,1,11261.0,12005.0,-3600.0,-1845.0,-3443.0,-1920.0
9238,-121,-2542,1,9904.0,11261.0,-2112.0,-3600.0,-3426.0,-3443.0
11447,2490,-620,1,9238.0,9904.0,-121.0,-2112.0,-2542.0,-3426.0
9227,204,-1582,1,11447.0,9238.0,2490.0,-121.0,-620.0,-2542.0
9119,688,-46,1,9227.0,11447.0,204.0,2490.0,-1582.0,-620.0
7246,-1335,-1245,1,9119.0,9227.0,688.0,204.0,-46.0,-1582.0
5815,-16,187,1,7246.0,9119.0,-1335.0,688.0,-1245.0,-46.0
7564,-1147,-190,1,5815.0,7246.0,-16.0,-1335.0,187.0,-1245.0
4790,-2168,-38,1,7564.0,5815.0,-1147.0,-16.0,-190.0,187.0
5857,-740,329,1,4790.0,7564.0,-2168.0,-1147.0,-38.0,-190.0
7299,-2450,-121,1,5857.0,4790.0,-740.0,-2168.0,329.0,-38.0
6131,-2891,-925,1,7299.0,5857.0,-2450.0,-740.0,-121.0,329.0
6382,3118,2187,1,6131.0,7299.0,-2891.0,-2450.0,-925.0,-121.0
4949,1335,664,1,6382.0,6131.0,3118.0,-2891.0,2187.0,-925.0
5195,464,573,1,4949.0,6382.0,1335.0,3118.0,664.0,2187.0
5866,177,1025,1,5195.0,4949.0,464.0,1335.0,573.0,664.0
5800,-1347,463,1,5866.0,5195.0,177.0,464.0,1025.0,573.0
5559,-2375,-141,1,5800.0,5866.0,-1347.0,177.0,463.0,1025.0
5038,-2603,-487,1,5559.0,5800.0,-2375.0,-1347.0,-141.0,463.0
4835,-1198,-94,1,5038.0,5559.0,-2603.0,-2375.0,-487.0,-141.0
4763,-23,185,1,4835.0,5038.0,-1198.0,-2603.0,-94.0,-487.0
4816,429,423,1,4763.0,4835.0,-23.0,-1198.0,185.0,-94.0
4648,259,185,1,4816.0,4763.0,429.0,-23.0,423.0,185.0
4752,-73,303,1,4648.0,4816.0,259.0,429.0,185.0,423.0
4635,-69,287,1,4752.0,4648.0,-73.0,259.0,303.0,185.0
4569,-290,257,1,4635.0,4752.0,-69.0,-73.0,287.0,303.0
4662,-149,455,1,4569.0,4635.0,-290.0,-69.0,257.0,287.0
4669,141,448,1,4662.0,4569.0,-149.0,-290.0,455.0,257.0
4685,414,463,1,4669.0,4662.0,141.0,-149.0,448.0,455.0
4809,824,471,1,4685.0,4669.0,414.0,141.0,463.0,448.0
4923,1087,404,1,4809.0,4685.0,824.0,414.0,471.0,463.0
5037,968,316,1,4923.0,4809.0,1087.0,824.0,404.0,471.0
5011,937,53,1,5037.0,4923.0,968.0,1087.0,316.0,404.0
4859,1089,-57,1,5011.0,5037.0,937.0,968.0,53.0,316.0
4956,1141,-115,1,4859.0,5011.0,1089.0,937.0,-57.0,53.0
4810,1288,-341,1,4956.0,4859.0,1141.0,1089.0,-115.0,-57.0
4979,1451,-274,1,4810.0,4956.0,1288.0,1141.0,-341.0,-115.0
5090,1426,-327,1,4979.0,4810.0,1451.0,1288.0,-274.0,-341.0
5191,1403,-344,1,5090.0,4979.0,1426.0,1451.0,-327.0,-274.0
4963,1014,-566,1,5191.0,5090.0,1403.0,1426.0,-344.0,-327.0
4897,1266,-452,1,4963.0,5191.0,1014.0,1403.0,-566.0,-344.0
4754,1237,-611,1,4897.0,4963.0,1266.0,1014.0,-452.0,-566.0
4404,1130,-833,1,4754.0,4897.0,1237.0,1266.0,-611.0,-452.0
3993,990,-1038,1,4404.0,4754.0,1130.0,1237.0,-833.0,-611.0
3303,821,-1230,1,3993.0,4404.0,990.0,1130.0,-1038.0,-833.0
2409,521,-1509,1,3303.0,3993.0,821.0,990.0,-1230.0,-1038.0
1903,499,-1494,1,2409.0,3303.0,521.0,821.0,-1509.0,-1230.0
1481,395,-1485,1,1903.0,2409.0,499.0,521.0,-1494.0,-1509.0
1047,265,-1464,1,1481.0,1903.0,395.0,499.0,-1485.0,-1494.0
782,94,-1394,1,1047.0,1481.0,265.0,395.0,-1464.0,-1485.0
514,-61,-1366,1,782.0,1047.0,94.0,265.0,-1394.0,-1464.0
282,-188,-1302,1,514.0,782.0,-61.0,94.0,-1366.0,-1394.0
65,-297,-1214,1,282.0,514.0,-188.0,-61.0,-1302.0,-1366.0
-130,-372,-1142,1,65.0,282.0,-297.0,-188.0,-1214.0,-1302.0
-276,-473,-1074,1,-130.0,65.0,-372.0,-297.0,-1142.0,-1214.0
-463,-547,-1074,1,-276.0,-130.0,-473.0,-372.0,-1074.0,-1142.0
-634,-562,-1111,1,-463.0,-276.0,-547.0,-473.0,-1074.0,-1074.0
-767,-585,-1260,1,-634.0,-463.0,-562.0,-547.0,-1111.0,-1074.0
-873,-535,-1489,1,-767.0,-634.0,-585.0,-562.0,-1260.0,-1111.0
-1080,-603,-1715,1,-873.0,-767.0,-535.0,-585.0,-1489.0,-1260.0
-1356,-784,-2020,1,-1080.0,-873.0,-603.0,-535.0,-1715.0,-1489.0
-1548,-952,-2458,1,-1356.0,-1080.0,-784.0,-603.0,-2020.0,-1715.0
-1668,-1311,-2778,1,-1548.0,-1356.0,-952.0,-784.0,-2458.0,-2020.0
-1648,-1819,-3057,1,-1668.0,-1548.0,-1311.0,-952.0,-2778.0,-2458.0
-1407,-2131,-3210,1,-1648.0,-1668.0,-1819.0,-1311.0,-3057.0,-2778.0
-635,-1887,-2877,1,-1407.0,-1648.0,-2131.0,-1819.0,-3210.0,-3057.0
152,-1804,-2409,1,-635.0,-1407.0,-1887.0,-2131.0,-2877.0,-3210.0
764,-1771,-1941,1,152.0,-635.0,-1804.0,-1887.0,-2409.0,-2877.0
1344,-1746,-1360,1,764.0,152.0,-1771.0,-1804.0,-1941.0,-2409.0
1877,-1751,-871,1,1344.0,764.0,-1746.0,-1771.0,-1360.0,-1941.0
2313,-1656,-498,1,1877.0,1344.0,-1751.0,-1746.0,-871.0,-1360.0
2727,-1524,-284,1,2313.0,1877.0,-1656.0,-1751.0,-498.0,-871.0
3222,-1302,-203,1,2727.0,2313.0,-1524.0,-1656.0,-284.0,-498.0
3871,-1292,-271,1,3222.0,2727.0,-1302.0,-1524.0,-203.0,-284.0
4635,-1391,-481,1,3871.0,3222.0,-1292.0,-1302.0,-271.0,-203.0
5455,-1817,-956,1,4635.0,3871.0,-1391.0,-1292.0,-481.0,-271.0
6416,-2479,-1613,1,5455.0,4635.0,-1817.0,-1391.0,-956.0,-481.0
7423,-3133,-2334,1,6416.0,5455.0,-2479.0,-1817.0,-1613.0,-956.0
8313,-3642,-3140,1,7423.0,6416.0,-3133.0,-2479.0,-2334.0,-1613.0
9032,-3382,-3287,1,8313.0,7423.0,-3642.0,-3133.0,-3140.0,-2334.0
9464,-2785,-2883,1,9032.0,8313.0,-3382.0,-3642.0,-3287.0,-3140.0
9808,-1955,-1966,1,9464.0,9032.0,-2785.0,-3382.0,-2883.0,-3287.0
9966,-1033,-1095,1,9808.0,9464.0,-1955.0,-2785.0,-1966.0,-2883.0
9874,-257,-461,1,9966.0,9808.0,-1033.0,-1955.0,-1095.0,-1966.0
9661,255,188,1,9874.0,9966.0,-257.0,-1033.0,-461.0,-1095.0
9514,625,695,1,9661.0,9874.0,255.0,-257.0,188.0,-461.0
9446,1247,1080,1,9514.0,9661.0,625.0,255.0,695.0,188.0
9048,1543,926,1,9446.0,9514.0,1247.0,625.0,1080.0,695.0
8759,1209,446,1,9048.0,9446.0,1543.0,1247.0,926.0,1080.0
8144,647,-393,1,8759.0,9048.0,1209.0,1543.0,446.0,926.0
7459,869,-1029,1,8144.0,8759.0,647.0,1209.0,-393.0,446.0
6967,740,-1503,1,7459.0,8144.0,869.0,647.0,-1029.0,-393.0
6701,936,-1484,1,6967.0,7459.0,740.0,869.0,-1503.0,-1029.0
6675,1177,-1359,1,6701.0,6967.0,936.0,740.0,-1484.0,-1503.0
6401,1056,-1404,1,6675.0,6701.0,1177.0,936.0,-1359.0,-1484.0
6052,1016,-1508,1,6401.0,6675.0,1056.0,1177.0,-1404.0,-1359.0
5798,1194,-1289,1,6052.0,6401.0,1016.0,1056.0,-1508.0,-1404.0
5819,904,-974,1,5798.0,6052.0,1194.0,1016.0,-1289.0,-1508.0
5646,649,-873,1,5819.0,5798.0,904.0,1194.0,-974.0,-1289.0
5398,833,-717,1,5646.0,5819.0,649.0,904.0,-873.0,-974.0
5323,-5,-576,1,5398.0,5646.0,833.0,649.0,-717.0,-873.0
4993,76,-930,1,5323.0,5398.0,-5.0,833.0,-576.0,-717.0
5109,-855,-1020,1,4993.0,5323.0,76.0,-5.0,-930.0,-576.0
5146,-803,-436,1,5109.0,4993.0,-855.0,76.0,-1020.0,-930.0
5333,-500,270,1,5146.0,5109.0,-803.0,-855.0,-436.0,-1020.0
5377,-372,374,1,5333.0,5146.0,-500.0,-803.0,270.0,-436.0
5368,-532,374,1,5377.0,5333.0,-372.0,-500.0,374.0,270.0
5509,-187,682,1,5368.0,5377.0,-532.0,-372.0,374.0,374.0
5262,1515,1186,1,5509.0,5368.0,-187.0,-532.0,682.0,374.0
4738,1327,942,1,5262.0,5509.0,1515.0,-187.0,1186.0,682.0
4790,728,1059,1,4738.0,5262.0,1327.0,1515.0,942.0,1186.0
4049,199,717,1,4790.0,4738.0,728.0,1327.0,1059.0,942.0
3276,-263,575,1,4049.0,4790.0,199.0,728.0,717.0,1059.0
3661,-3838,-834,1,3276.0,4049.0,-263.0,199.0,575.0,717.0
3946,-3563,-460,1,3661.0,3276.0,-3838.0,-263.0,-834.0,575.0
3599,-1685,94,1,3946.0,3661.0,-3563.0,-3838.0,-460.0,-834.0
2858,-735,9,1,3599.0,3946.0,-1685.0,-3563.0,94.0,-460.0
2588,-1963,-983,1,2858.0,3599.0,-735.0,-1685.0,9.0,94.0
3349,-2099,562,1,2588.0,2858.0,-1963.0,-735.0,-983.0,9.0
3672,-1205,609,1,3349.0,2588.0,-2099.0,-1963.0,562.0,-983.0
3139,-63,459,1,3672.0,3349.0,-1205.0,-2099.0,609.0,562.0
2656,351,365,1,3139.0,3672.0,-63.0,-1205.0,459.0,609.0
2409,381,376,1,2656.0,3139.0,351.0,-63.0,365.0,459.0
2234,483,383,1,2409.0,2656.0,381.0,351.0,376.0,365.0
1973,604,95,1,2234.0,2409.0,483.0,381.0,383.0,376.0
1966,588,44,1,1973.0,2234.0,604.0,483.0,95.0,383.0
1889,736,30,1,1966.0,1973.0,588.0,604.0,44.0,95.0
2113,198,313,1,1889.0,1966.0,736.0,588.0,30.0,44.0
1909,592,294,1,2113.0,1889.0,198.0,736.0,313.0,30.0
2368,2208,1056,1,1909.0,2113.0,592.0,198.0,294.0,313.0
1445,-558,-574,1,2368.0,1909.0,2208.0,592.0,1056.0,294.0
1496,-619,-423,1,1445.0,2368.0,-558.0,2208.0,-574.0,1056.0
1891,-961,-266,1,1496.0,1445.0,-619.0,-558.0,-423.0,-574.0
2090,1055,428,1,1891.0,1496.0,-961.0,-619.0,-266.0,-423.0
1726,-794,-307,1,2090.0,1891.0,1055.0,-961.0,428.0,-266.0
1173,-460,-645,1,1726.0,2090.0,-794.0,1055.0,-307.0,428.0
446,6030,531,1,1173.0,1726.0,-460.0,-794.0,-645.0,-307.0
-33,3922,476,1,446.0,1173.0,6030.0,-460.0,531.0,-645.0
-210,2524,397,1,-33.0,446.0,3922.0,6030.0,476.0,531.0
-440,1377,432,1,-210.0,-33.0,2524.0,3922.0,397.0,476.0
-650,-362,180,1,-440.0,-210.0,1377.0,2524.0,432.0,397.0
-934,-3850,-153,1,-650.0,-440.0,-362.0,1377.0,180.0,432.0
-1045,-3144,1,1,-934.0,-650.0,-3850.0,-362.0,-153.0,180.0
-848,-3405,-353,1,-1045.0,-934.0,-3144.0,-3850.0,1.0,-153.0
-1314,-2403,-452,1,-848.0,-1045.0,-3405.0,-3144.0,-353.0,1.0
-1709,-1208,-633,1,-1314.0,-848.0,-2403.0,-3405.0,-452.0,-353.0
-1823,-648,-899,1,-1709.0,-1314.0,-1208.0,-2403.0,-633.0,-452.0
-1836,-302,-1369,1,-1823.0,-1709.0,-648.0,-1208.0,-899.0,-633.0
-1826,-472,-2173,1,-1836.0,-1823.0,-302.0,-648.0,-1369.0,-899.0
-1578,-574,-2950,1,-1826.0,-1836.0,-472.0,-302.0,-2173.0,-1369.0
-1100,-1123,-3888,1,-1578.0,-1826.0,-574.0,-472.0,-2950.0,-2173.0
-489,-1335,-4622,1,-1100.0,-1578.0,-1123.0,-574.0,-3888.0,-2950.0
-195,-1213,-5150,1,-489.0,-1100.0,-1335.0,-1123.0,-4622.0,-3888.0
250,-1095,-5409,1,-195.0,-489.0,-1213.0,-1335.0,-5150.0,-4622.0
1334,-1153,-4926,1,250.0,-195.0,-1095.0,-1213.0,-5409.0,-5150.0
2523,-1377,-4515,1,1334.0,250.0,-1153.0,-1095.0,-4926.0,-5409.0
3628,-1299,-4026,1,2523.0,1334.0,-1377.0,-1153.0,-4515.0,-4926.0
4764,-1443,-3512,1,3628.0,2523.0,-1299.0,-1377.0,-4026.0,-4515.0
7203,-644,-1887,1,4764.0,3628.0,-1443.0,-1299.0,-3512.0,-4026.0
9102,51,-1168,1,7203.0,4764.0,-644.0,-1443.0,-1887.0,-3512.0
10964,566,-484,1,9102.0,7203.0,51.0,-644.0,-1168.0,-1887.0
12325,1310,-130,1,10964.0,9102.0,566.0,51.0,-484.0,-1168.0
14268,1163,81,1,12325.0,10964.0,1310.0,566.0,-130.0,-484.0
14437,450,-1092,1,14268.0,12325.0,1163.0,1310.0,81.0,-130.0
13599,-1154,-3014,1,14437.0,14268.0,450.0,1163.0,-1092.0,81.0
14136,-896,-3354,1,13599.0,14437.0,-1154.0,450.0,-3014.0,-1092.0
13143,-396,-3594,1,14136.0,13599.0,-896.0,-1154.0,-3354.0,-3014.0
11265,1594,-1647,1,13143.0,14136.0,-396.0,-896.0,-3594.0,-3354.0
8247,-4,-2891,1,11265.0,13143.0,1594.0,-396.0,-1647.0,-3594.0
9821,1442,607,1,8247.0,11265.0,-4.0,1594.0,-2891.0,-1647.0
7696,3194,625,1,9821.0,8247.0,1442.0,-4.0,607.0,-2891.0
4100,-616,-3259,1,7696.0,9821.0,3194.0,1442.0,625.0,607.0
6683,618,402,1,4100.0,7696.0,-616.0,3194.0,-3259.0,625.0
4673,1150,398,1,6683.0,4100.0,618.0,-616.0,402.0,-3259.0
5285,-4725,-2165,1,4673.0,6683.0,1150.0,618.0,398.0,402.0
3553,-2498,-1035,1,5285.0,4673.0,-4725.0,1150.0,-2165.0,398.0
4052,-1635,-685,1,3553.0,5285.0,-2498.0,-4725.0,-1035.0,-2165.0
5443,-1342,1008,1,4052.0,3553.0,-1635.0,-2498.0,-685.0,-1035.0
6210,-1835,988,1,5443.0,4052.0,-1342.0,-1635.0,1008.0,-685.0
5577,-2069,1085,1,6210.0,5443.0,-1835.0,-1342.0,988.0,1008.0
5537,2005,2900,1,5577.0,6210.0,-2069.0,-1835.0,1085.0,988.0
4814,1358,1794,1,5537.0,5577.0,2005.0,-2069.0,2900.0,1085.0
4525,2357,2266,1,4814.0,5537.0,1358.0,2005.0,1794.0,2900.0
4729,-365,457,1,4525.0,4814.0,2357.0,1358.0,2266.0,1794.0
4943,-1693,50,1,4729.0,4525.0,-365.0,2357.0,457.0,2266.0
4730,-2285,-282,1,4943.0,4729.0,-1693.0,-365.0,50.0,457.0
4574,-1352,-89,1,4730.0,4943.0,-2285.0,-1693.0,-282.0,50.0
4576,-474,35,1,4574.0,4730.0,-1352.0,-2285.0,-89.0,-282.0
4666,568,158,1,4576.0,4574.0,-474.0,-1352.0,35.0,-89.0
4995,1066,162,1,4666.0,4576.0,568.0,-474.0,158.0,35.0
5150,1010,38,1,4995.0,4666.0,1066.0,568.0,162.0,158.0
4947,834,-146,1,5150.0,4995.0,1010.0,1066.0,38.0,162.0
4915,698,-148,1,4947.0,5150.0,834.0,1010.0,-146.0,38.0
4747,880,-303,1,4915.0,4947.0,698.0,834.0,-148.0,-146.0
4876,922,-289,1,4747.0,4915.0,880.0,698.0,-303.0,-148.0
4719,1073,30,1,4876.0,4747.0,922.0,880.0,-289.0,-303.0
4370,973,74,1,4719.0,4876.0,1073.0,922.0,30.0,-289.0
4294,1109,-98,1,4370.0,4719.0,973.0,1073.0,74.0,30.0
4203,1167,-191,1,4294.0,4370.0,1109.0,973.0,-98.0,74.0
4287,1183,-86,1,4203.0,4294.0,1167.0,1109.0,-191.0,-98.0
4177,1078,-253,1,4287.0,4203.0,1183.0,1167.0,-86.0,-191.0
4201,954,-474,1,4177.0,4287.0,1078.0,1183.0,-253.0,-86.0
4370,770,-499,1,4201.0,4177.0,954.0,1078.0,-474.0,-253.0
4160,404,-1115,1,4370.0,4201.0,770.0,954.0,-499.0,-474.0
4224,421,-1259,1,4160.0,4370.0,404.0,770.0,-1115.0,-499.0
4053,158,-1455,1,4224.0,4160.0,421.0,404.0,-1259.0,-1115.0
3972,-33,-1583,1,4053.0,4224.0,158.0,421.0,-1455.0,-1259.0
3683,43,-1636,1,3972.0,4053.0,-33.0,158.0,-1583.0,-1455.0
3602,282,-1414,1,3683.0,3972.0,43.0,-33.0,-1636.0,-1583.0
3351,333,-1327,1,3602.0,3683.0,282.0,43.0,-1414.0,-1636.0
3034,444,-1192,1,3351.0,3602.0,333.0,282.0,-1327.0,-1414.0
2680,156,-1171,1,3034.0,3351.0,444.0,333.0,-1192.0,-1327.0
2154,201,-1004,1,2680.0,3034.0,156.0,444.0,-1171.0,-1192.0
1686,80,-852,1,2154.0,2680.0,201.0,156.0,-1004.0,-1171.0
1259,-50,-689,1,1686.0,2154.0,80.0,201.0,-852.0,-1004.0
887,-279,-602,1,1259.0,1686.0,-50.0,80.0,-689.0,-852.0
637,-390,-453,1,887.0,1259.0,-279.0,-50.0,-602.0,-689.0
432,-549,-344,1,637.0,887.0,-390.0,-279.0,-453.0,-602.0
180,-636,-292,1,432.0,637.0,-549.0,-390.0,-344.0,-453.0
1,-782,-346,1,180.0,432.0,-636.0,-549.0,-292.0,-344.0
-167,-789,-388,1,1.0,180.0,-782.0,-636.0,-346.0,-292.0
-360,-819,-425,1,-167.0,1.0,-789.0,-782.0,-388.0,-346.0
-618,-827,-436,1,-360.0,-167.0,-819.0,-789.0,-425.0,-388.0
-891,-796,-571,1,-618.0,-360.0,-827.0,-819.0,-436.0,-425.0
-1179,-775,-734,1,-891.0,-618.0,-796.0,-827.0,-571.0,-436.0
-1488,-789,-1012,1,-1179.0,-891.0,-775.0,-796.0,-734.0,-571.0
-1785,-900,-1480,1,-1488.0,-1179.0,-789.0,-775.0,-1012.0,-734.0
-1983,-1120,-2073,1,-1785.0,-1488.0,-900.0,-789.0,-1480.0,-1012.0
-2228,-1356,-2642,1,-1983.0,-1785.0,-1120.0,-900.0,-2073.0,-1480.0
-2253,-1720,-3208,1,-2228.0,-1983.0,-1356.0,-1120.0,-2642.0,-2073.0
-2210,-1889,-3668,1,-2253.0,-2228.0,-1720.0,-1356.0,-3208.0,-2642.0
-1877,-1642,-3760,1,-2210.0,-2253.0,-1889.0,-1720.0,-3668.0,-3208.0
-582,-1861,-3337,1,-1877.0,-2210.0,-1642.0,-1889.0,-3760.0,-3668.0
358,-2094,-3313,1,-582.0,-1877.0,-1861.0,-1642.0,-3337.0,-3760.0
976,-1792,-3256,1,358.0,-582.0,-2094.0,-1861.0,-3313.0,-3337.0
1588,-1392,-3091,1,976.0,358.0,-1792.0,-2094.0,-3256.0,-3313.0
2366,-909,-2634,1,1588.0,976.0,-1392.0,-1792.0,-3091.0,-3256.0
3222,-612,-2232,1,2366.0,1588.0,-909.0,-1392.0,-2634.0,-3091.0
4074,-662,-2043,1,3222.0,2366.0,-612.0,-909.0,-2232.0,-2634.0
5050,-874,-1853,1,4074.0,3222.0,-662.0,-612.0,-2043.0,-2232.0
6150,-1202,-1646,1,5050.0,4074.0,-874.0,-662.0,-1853.0,-2043.0
7629,-1643,-1491,1,6150.0,5050.0,-1202.0,-874.0,-1646.0,-1853.0
9297,-1927,-1364,1,7629.0,6150.0,-1643.0,-1202.0,-1491.0,-1646.0
10850,-2066,-1428,1,9297.0,7629.0,-1927.0,-1643.0,-1364.0,-1491.0
11967,-2056,-1581,1,10850.0,9297.0,-2066.0,-1927.0,-1428.0,-1364.0
12237,-1222,-1499,1,11967.0,10850.0,-2056.0,-2066.0,-1581.0,-1428.0
12000,-212,-1215,1,12237.0,11967.0,-1222.0,-2056.0,-1499.0,-1581.0
11467,-277,-1105,1,12000.0,12237.0,-212.0,-1222.0,-1215.0,-1499.0
10961,-430,-839,1,11467.0,12000.0,-277.0,-212.0,-1105.0,-1215.0
10342,-726,-686,1,10961.0,11467.0,-430.0,-277.0,-839.0,-1105.0
9766,-635,-438,1,10342.0,10961.0,-726.0,-430.0,-686.0,-839.0
9370,-427,-261,1,9766.0,10342.0,-635.0,-726.0,-438.0,-686.0
8844,-897,-517,1,9370.0,9766.0,-427.0,-635.0,-261.0,-438.0
8413,-548,-563,1,8844.0,9370.0,-897.0,-427.0,-517.0,-261.0
8173,-398,-646,1,8413.0,8844.0,-548.0,-897.0,-563.0,-517.0
7921,-417,-824,1,8173.0,8413.0,-398.0,-548.0,-646.0,-563.0
7425,-437,-1295,1,7921.0,8173.0,-417.0,-398.0,-824.0,-646.0
6937,-496,-1697,1,7425.0,7921.0,-437.0,-417.0,-1295.0,-824.0
6599,-201,-1659,1,6937.0,7425.0,-496.0,-437.0,-1697.0,-1295.0
6241,-134,-1499,1,6599.0,6937.0,-201.0,-496.0,-1659.0,-1697.0
6146,141,-1116,1,6241.0,6599.0,-134.0,-201.0,-1499.0,-1659.0
5947,206,-1066,1,6146.0,6241.0,141.0,-134.0,-1116.0,-1499.0
5876,143,-934,1,5947.0,6146.0,206.0,141.0,-1066.0,-1116.0
5657,126,-893,1,5876.0,5947.0,143.0,206.0,-934.0,-1066.0
5410,438,-804,1,5657.0,5876.0,126.0,143.0,-893.0,-934.0
5253,473,-579,1,5410.0,5657.0,438.0,126.0,-804.0,-893.0
5075,906,-270,1,5253.0,5410.0,473.0,438.0,-579.0,-804.0
4934,891,-23,1,5075.0,5253.0,906.0,473.0,-270.0,-579.0
4819,838,128,1,4934.0,5075.0,891.0,906.0,-23.0,-270.0
4683,189,60,1,4819.0,4934.0,838.0,891.0,128.0,-23.0
4360,330,-111,1,4683.0,4819.0,189.0,838.0,60.0,128.0
4263,54,-100,1,4360.0,4683.0,330.0,189.0,-111.0,60.0
4234,-407,-80,1,4263.0,4360.0,54.0,330.0,-100.0,-111.0
4198,-296,146,1,4234.0,4263.0,-407.0,54.0,-80.0,-100.0
4103,-106,293,1,4198.0,4234.0,-296.0,-407.0,146.0,-80.0
4073,260,536,1,4103.0,4198.0,-106.0,-296.0,293.0,146.0
3969,-336,399,1,4073.0,4103.0,260.0,-106.0,536.0,293.0
3852,-353,291,1,3969.0,4073.0,-336.0,260.0,399.0,536.0
3754,-396,303,1,3852.0,3969.0,-353.0,-336.0,291.0,399.0
3711,-816,252,1,3754.0,3852.0,-396.0,-353.0,303.0,291.0
3595,221,680,1,3711.0,3754.0,-816.0,-396.0,252.0,303.0
3180,363,312,1,3595.0,3711.0,221.0,-816.0,680.0,252.0
2954,51,151,1,3180.0,3595.0,363.0,221.0,312.0,680.0
2824,85,-119,1,2954.0,3180.0,51.0,363.0,151.0,312.0
2711,667,-11,1,2824.0,2954.0,85.0,51.0,-119.0,151.0
2230,444,-339,1,2711.0,2824.0,667.0,85.0,-11.0,-119.0
1828,-248,-491,1,2230.0,2711.0,444.0,667.0,-339.0,-11.0
2022,-1650,-820,1,1828.0,2230.0,-248.0,444.0,-491.0,-339.0
2178,-3303,-1194,1,2022.0,1828.0,-1650.0,-248.0,-820.0,-491.0
2429,-2414,-481,1,2178.0,2022.0,-3303.0,-1650.0,-1194.0,-820.0
2363,-851,52,1,2429.0,2178.0,-2414.0,-3303.0,-481.0,-1194.0
2067,703,495,1,2363.0,2429.0,-851.0,-2414.0,52.0,-481.0
1927,510,350,1,2067.0,2363.0,703.0,-851.0,495.0,52.0
1815,462,282,1,1927.0,2067.0,510.0,703.0,350.0,495.0
1582,423,293,1,1815.0,1927.0,462.0,510.0,282.0,350.0
1325,372,301,1,1582.0,1815.0,423.0,462.0,293.0,282.0
1131,303,258,1,1325.0,1582.0,372.0,423.0,301.0,293.0
966,291,209,1,1131.0,1325.0,303.0,372.0,258.0,301.0
865,194,262,1,966.0,1131.0,291.0,303.0,209.0,258.0
716,246,251,1,865.0,966.0,194.0,291.0,262.0,209.0
621,416,248,1,716.0,865.0,246.0,194.0,251.0,262.0
542,420,380,1,621.0,716.0,416.0,246.0,248.0,251.0
72,205,179,1,542.0,621.0,420.0,416.0,380.0,248.0
-422,287,75,1,72.0,542.0,205.0,420.0,179.0,380.0
-638,272,185,1,-422.0,72.0,287.0,205.0,75.0,179.0
-809,506,214,1,-638.0,-422.0,272.0,287.0,185.0,75.0
-961,300,211,1,-809.0,-638.0,506.0,272.0,214.0,185.0
-1342,194,-127,1,-961.0,-809.0,300.0,506.0,211.0,214.0
-1779,-143,-495,1,-1342.0,-961.0,194.0,300.0,-127.0,211.0
-1801,-63,-689,1,-1779.0,-1342.0,-143.0,194.0,-495.0,-127.0
-1604,155,-920,1,-1801.0,-1779.0,-63.0,-143.0,-689.0,-495.0
-1525,58,-1498,1,-1604.0,-1801.0,155.0,-63.0,-920.0,-689.0
-1471,-289,-2450,1,-1525.0,-1604.0,58.0,155.0,-1498.0,-920.0
-1175,-641,-3440,1,-1471.0,-1525.0,-289.0,58.0,-2450.0,-1498.0
-467,-1504,-4249,1,-1175.0,-1471.0,-641.0,-289.0,-3440.0,-2450.0
645,-2244,-4699,1,-467.0,-1175.0,-1504.0,-641.0,-4249.0,-3440.0
1585,-2439,-5278,1,645.0,-467.0,-2244.0,-1504.0,-4699.0,-4249.0
2414,-2267,-5571,1,1585.0,645.0,-2439.0,-2244.0,-5278.0,-4699.0
3173,-2489,-6064,1,2414.0,1585.0,-2267.0,-2439.0,-5571.0,-5278.0
4153,-2512,-5996,1,3173.0,2414.0,-2489.0,-2267.0,-6064.0,-5571.0
5417,-1948,-5082,1,4153.0,3173.0,-2512.0,-2489.0,-5996.0,-6064.0
6989,-643,-3642,1,5417.0,4153.0,-1948.0,-2512.0,-5082.0,-5996.0
8823,1101,-1956,1,6989.0,5417.0,-643.0,-1948.0,-3642.0,-5082.0
10942,1111,-460,1,8823.0,6989.0,1101.0,-643.0,-1956.0,-3642.0
13147,1206,370,1,10942.0,8823.0,1111.0,1101.0,-460.0,-1956.0
14447,510,53,1,13147.0,10942.0,1206.0,1111.0,370.0,-460.0
14328,-1720,-1266,1,14447.0,13147.0,510.0,1206.0,53.0,370.0
14323,-3057,-3024,1,14328.0,14447.0,-1720.0,510.0,-1266.0,53.0
13593,-2545,-4230,1,14323.0,14328.0,-3057.0,-1720.0,-3024.0,-1266.0
11853,-604,-3688,1,13593.0,14323.0,-2545.0,-3057.0,-4230.0,-3024.0
10610,389,-2360,1,11853.0,13593.0,-604.0,-2545.0,-3688.0,-4230.0
9239,886,-1567,1,10610.0,11853.0,389.0,-604.0,-2360.0,-3688.0
8657,1545,-455,1,9239.0,10610.0,886.0,389.0,-1567.0,-2360.0
6772,2319,-520,1,8657.0,9239.0,1545.0,886.0,-455.0,-1567.0
6067,2195,-618,1,6772.0,8657.0,2319.0,1545.0,-520.0,-455.0
5714,1573,-718,1,6067.0,6772.0,2195.0,2319.0,-618.0,-520.0
6092,760,-574,1,5714.0,6067.0,1573.0,2195.0,-718.0,-618.0
5565,-196,-724,1,6092.0,5714.0,760.0,1573.0,-574.0,-718.0
4948,-763,-784,1,5565.0,6092.0,-196.0,760.0,-724.0,-574.0
4723,-369,-149,1,4948.0,5565.0,-763.0,-196.0,-784.0,-724.0
4515,-461,75,1,4723.0,4948.0,-369.0,-763.0,-149.0,-784.0
4944,-422,669,1,4515.0,4723.0,-461.0,-369.0,75.0,-149.0
4924,-201,733,1,4944.0,4515.0,-422.0,-461.0,669.0,75.0
5160,-426,749,1,4924.0,4944.0,-201.0,-422.0,733.0,669.0
5495,-426,697,1,5160.0,4924.0,-426.0,-201.0,749.0,733.0
5682,-389,530,1,5495.0,5160.0,-426.0,-426.0,697.0,749.0
5546,-173,228,1,5682.0,5495.0,-389.0,-426.0,530.0,697.0
5320,-275,-37,1,5546.0,5682.0,-173.0,-389.0,228.0,530.0
5223,-190,-53,1,5320.0,5546.0,-275.0,-173.0,-37.0,228.0
5069,-115,-278,1,5223.0,5320.0,-190.0,-275.0,-53.0,-37.0
4838,-189,-439,1,5069.0,5223.0,-115.0,-190.0,-278.0,-53.0
4798,-227,-512,1,4838.0,5069.0,-189.0,-115.0,-439.0,-278.0
4800,-153,-322,1,4798.0,4838.0,-227.0,-189.0,-512.0,-439.0
4750,-103,-272,1,4800.0,4798.0,-153.0,-227.0,-322.0,-512.0
4720,-164,-167,1,4750.0,4800.0,-103.0,-153.0,-272.0,-322.0
4633,-433,-245,1,4720.0,4750.0,-164.0,-103.0,-167.0,-272.0
4572,-32,-26,1,4633.0,4720.0,-433.0,-164.0,-245.0,-167.0
4378,170,86,1,4572.0,4633.0,-32.0,-433.0,-26.0,-245.0
4451,129,325,1,4378.0,4572.0,170.0,-32.0,86.0,-26.0
4339,225,277,1,4451.0,4378.0,129.0,170.0,325.0,86.0
4373,386,536,1,4339.0,4451.0,225.0,129.0,277.0,325.0
4259,485,611,1,4373.0,4339.0,386.0,225.0,536.0,277.0
4463,656,659,1,4259.0,4373.0,485.0,386.0,611.0,536.0
4296,512,472,1,4463.0,4259.0,656.0,485.0,659.0,611.0
4314,435,299,1,4296.0,4463.0,512.0,656.0,472.0,659.0
4257,357,73,1,4314.0,4296.0,435.0,512.0,299.0,472.0
4114,88,-147,1,4257.0,4314.0,357.0,435.0,73.0,299.0
4230,525,-52,1,4114.0,4257.0,88.0,357.0,-147.0,73.0
3973,369,-351,1,4230.0,4114.0,525.0,88.0,-52.0,-147.0
3633,328,-559,1,3973.0,4230.0,369.0,525.0,-351.0,-52.0
3414,331,-682,1,3633.0,3973.0,328.0,369.0,-559.0,-351.0
3331,643,-681,1,3414.0,3633.0,331.0,328.0,-682.0,-559.0
3002,676,-774,1,3331.0,3414.0,643.0,331.0,-681.0,-682.0
2570,707,-892,1,3002.0,3331.0,676.0,643.0,-774.0,-681.0
2082,717,-1058,1,2570.0,3002.0,707.0,676.0,-892.0,-774.0
1588,661,-1210,1,2082.0,2570.0,717.0,707.0,-1058.0,-892.0
1198,516,-1299,1,1588.0,2082.0,661.0,717.0,-1210.0,-1058.0
798,466,-1393,1,1198.0,1588.0,516.0,661.0,-1299.0,-1210.0
483,288,-1457,1,798.0,1198.0,466.0,516.0,-1393.0,-1299.0
214,127,-1458,1,483.0,798.0,288.0,466.0,-1457.0,-1393.0
48,3,-1390,1,214.0,483.0,127.0,288.0,-1458.0,-1457.0
-128,-3,-1237,1,48.0,214.0,3.0,127.0,-1390.0,-1458.0
-384,-123,-1107,1,-128.0,48.0,-3.0,3.0,-1237.0,-1390.0
-615,-400,-978,1,-384.0,-128.0,-123.0,-3.0,-1107.0,-1237.0
-846,-626,-877,1,-615.0,-384.0,-400.0,-123.0,-978.0,-1107.0
-960,-826,-748,1,-846.0,-615.0,-626.0,-400.0,-877.0,-978.0
-880,-826,-604,1,-960.0,-846.0,-826.0,-626.0,-748.0,-877.0
-667,-828,-570,1,-880.0,-960.0,-826.0,-826.0,-604.0,-748.0
-338,-894,-605,1,-667.0,-880.0,-828.0,-826.0,-570.0,-604.0
-140,-981,-745,1,-338.0,-667.0,-894.0,-828.0,-605.0,-570.0
-45,-1018,-960,1,-140.0,-338.0,-981.0,-894.0,-745.0,-605.0
-96,-1158,-1336,1,-45.0,-140.0,-1018.0,-981.0,-960.0,-745.0
-298,-1539,-1972,1,-96.0,-45.0,-1158.0,-1018.0,-1336.0,-960.0
-488,-1832,-2427,1,-298.0,-96.0,-1539.0,-1158.0,-1972.0,-1336.0
-419,-1875,-2829,1,-488.0,-298.0,-1832.0,-1539.0,-2427.0,-1972.0
-157,-1935,-3075,1,-419.0,-488.0,-1875.0,-1832.0,-2829.0,-2427.0
122,-1770,-3172,1,-157.0,-419.0,-1935.0,-1875.0,-3075.0,-2829.0
582,-1653,-3196,1,122.0,-157.0,-1770.0,-1935.0,-3172.0,-3075.0
1192,-1646,-3233,1,582.0,122.0,-1653.0,-1770.0,-3196.0,-3172.0
1784,-1460,-3258,1,1192.0,582.0,-1646.0,-1653.0,-3233.0,-3196.0
2372,-1145,-3074,1,1784.0,1192.0,-1460.0,-1646.0,-3258.0,-3233.0
3056,-925,-2794,1,2372.0,1784.0,-1145.0,-1460.0,-3074.0,-3258.0
3803,-770,-2440,1,3056.0,2372.0,-925.0,-1145.0,-2794.0,-3074.0
4683,-789,-2103,1,3803.0,3056.0,-770.0,-925.0,-2440.0,-2794.0
5511,-1218,-1993,1,4683.0,3803.0,-789.0,-770.0,-2103.0,-2440.0
6336,-1511,-2085,1,5511.0,4683.0,-1218.0,-789.0,-1993.0,-2103.0
7196,-1841,-2483,1,6336.0,5511.0,-1511.0,-1218.0,-2085.0,-1993.0
8038,-1788,-2747,1,7196.0,6336.0,-1841.0,-1511.0,-2483.0,-2085.0
8762,-1525,-2569,1,8038.0,7196.0,-1788.0,-1841.0,-2747.0,-2483.0
9352,-1195,-1929,1,8762.0,8038.0,-1525.0,-1788.0,-2569.0,-2747.0
9824,-777,-1181,1,9352.0,8762.0,-1195.0,-1525.0,-1929.0,-2569.0
9842,-461,-584,1,9824.0,9352.0,-777.0,-1195.0,-1181.0,-1929.0
9807,-465,-99,1,9842.0,9824.0,-461.0,-777.0,-584.0,-1181.0
9737,-423,126,1,9807.0,9842.0,-465.0,-461.0,-99.0,-584.0
9321,11,426,1,9737.0,9807.0,-423.0,-465.0,126.0,-99.0
9004,-179,532,1,9321.0,9737.0,11.0,-423.0,426.0,126.0
8716,-220,452,1,9004.0,9321.0,-179.0,11.0,532.0,426.0
8282,-72,366,1,8716.0,9004.0,-220.0,-179.0,452.0,532.0
7882,-180,132,1,8282.0,8716.0,-72.0,-220.0,366.0,452.0
7480,-250,-349,1,7882.0,8282.0,-180.0,-72.0,132.0,366.0
7144,-258,-821,1,7480.0,7882.0,-250.0,-180.0,-349.0,132.0
6813,-288,-1375,1,7144.0,7480.0,-258.0,-250.0,-821.0,-349.0
6584,-152,-1560,1,6813.0,7144.0,-288.0,-258.0,-1375.0,-821.0
6454,72,-1506,1,6584.0,6813.0,-152.0,-288.0,-1560.0,-1375.0
6336,-146,-1504,1,6454.0,6584.0,72.0,-152.0,-1506.0,-1560.0
6164,-250,-1669,1,6336.0,6454.0,-146.0,72.0,-1504.0,-1506.0
6032,359,-1494,1,6164.0,6336.0,-250.0,-146.0,-1669.0,-1504.0
6015,319,-1247,1,6032.0,6164.0,359.0,-250.0,-1494.0,-1669.0
5896,623,-902,1,6015.0,6032.0,319.0,359.0,-1247.0,-1494.0
5689,454,-819,1,5896.0,6015.0,623.0,319.0,-902.0,-1247.0
5519,820,-469,1,5689.0,5896.0,454.0,623.0,-819.0,-902.0
5331,870,-387,1,5519.0,5689.0,820.0,454.0,-469.0,-819.0
5096,776,-189,1,5331.0,5519.0,870.0,820.0,-387.0,-469.0
4976,791,-36,1,5096.0,5331.0,776.0,870.0,-189.0,-387.0
5047,478,57,1,4976.0,5096.0,791.0,776.0,-36.0,-189.0
5016,-288,-260,1,5047.0,4976.0,478.0,791.0,57.0,-36.0
4818,-527,-112,1,5016.0,5047.0,-288.0,478.0,-260.0,57.0
4771,-622,-202,1,4818.0,5016.0,-527.0,-288.0,-112.0,-260.0
4954,-603,293,1,4771.0,4818.0,-622.0,-527.0,-202.0,-112.0
4882,-376,522,1,4954.0,4771.0,-603.0,-622.0,293.0,-202.0
4664,-390,430,1,4882.0,4954.0,-376.0,-603.0,522.0,293.0
4426,-486,114,1,4664.0,4882.0,-390.0,-376.0,430.0,522.0
4290,-701,42,1,4426.0,4664.0,-486.0,-390.0,114.0,430.0
4185,-512,275,1,4290.0,4426.0,-701.0,-486.0,42.0,114.0
4217,454,681,1,4185.0,4290.0,-512.0,-701.0,275.0,42.0
3659,1139,635,1,4217.0,4185.0,454.0,-512.0,681.0,275.0
3430,733,410,1,3659.0,4217.0,1139.0,454.0,635.0,681.0
3323,166,214,1,3430.0,3659.0,733.0,1139.0,410.0,635.0
3281,269,75,1,3323.0,3430.0,166.0,733.0,214.0,410.0
2676,119,-211,1,3281.0,3323.0,269.0,166.0,75.0,214.0
2323,-312,-227,1,2676.0,3281.0,119.0,269.0,-211.0,75.0
2420,-3144,-1273,1,2323.0,2676.0,-312.0,119.0,-227.0,-211.0
2478,-3328,-1113,1,2420.0,2323.0,-3144.0,-312.0,-1273.0,-227.0
2543,-2031,-375,1,2478.0,2420.0,-3328.0,-3144.0,-1113.0,-1273.0
2546,-74,377,1,2543.0,2478.0,-2031.0,-3328.0,-375.0,-1113.0
2403,659,646,1,2546.0,2543.0,-74.0,-2031.0,377.0,-375.0
2306,633,563,1,2403.0,2546.0,659.0,-74.0,646.0,377.0
2138,857,661,1,2306.0,2403.0,633.0,659.0,563.0,646.0
1961,974,680,1,2138.0,2306.0,857.0,633.0,661.0,563.0
1792,1061,612,1,1961.0,2138.0,974.0,857.0,680.0,661.0
1626,1021,547,1,1792.0,1961.0,1061.0,974.0,612.0,680.0
1346,894,275,1,1626.0,1792.0,1021.0,1061.0,547.0,612.0
1256,631,331,1,1346.0,1626.0,894.0,1021.0,275.0,547.0
911,443,-33,1,1256.0,1346.0,631.0,894.0,331.0,275.0
391,-316,-428,1,911.0,1256.0,443.0,631.0,-33.0,331.0
93,-640,-544,1,391.0,911.0,-316.0,443.0,-428.0,-33.0
65,-434,-301,1,93.0,391.0,-640.0,-316.0,-544.0,-428.0
9,-68,-138,1,65.0,93.0,-434.0,-640.0,-301.0,-544.0
-118,218,-169,1,9.0,65.0,-68.0,-434.0,-138.0,-301.0
-234,-22,-234,1,-118.0,9.0,218.0,-68.0,-169.0,-138.0
-344,-327,100,1,-234.0,-118.0,-22.0,218.0,-234.0,-169.0
-659,-192,95,1,-344.0,-234.0,-327.0,-22.0,100.0,-234.0
-819,219,47,1,-659.0,-344.0,-192.0,-327.0,95.0,100.0
-896,547,43,1,-819.0,-659.0,219.0,-192.0,47.0,95.0
-1033,716,-54,1,-896.0,-819.0,547.0,219.0,43.0,47.0
-1181,761,-218,1,-1033.0,-896.0,716.0,547.0,-54.0,43.0
-1236,834,-277,1,-1181.0,-1033.0,761.0,716.0,-218.0,-54.0
-1203,729,-345,1,-1236.0,-1181.0,834.0,761.0,-277.0,-218.0
-1191,467,-470,1,-1203.0,-1236.0,729.0,834.0,-345.0,-277.0
-1073,307,-679,1,-1191.0,-1203.0,467.0,729.0,-470.0,-345.0
-962,143,-1146,1,-1073.0,-1191.0,307.0,467.0,-679.0,-470.0
-934,-344,-2189,1,-962.0,-1073.0,143.0,307.0,-1146.0,-679.0
-721,-847,-3504,1,-934.0,-962.0,-344.0,143.0,-2189.0,-1146.0
-251,-1306,-4746,1,-721.0,-934.0,-847.0,-344.0,-3504.0,-2189.0
306,-1898,-5826,1,-251.0,-721.0,-1306.0,-847.0,-4746.0,-3504.0
1014,-2567,-6645,1,306.0,-251.0,-1898.0,-1306.0,-5826.0,-4746.0
1737,-3631,-7567,1,1014.0,306.0,-2567.0,-1898.0,-6645.0,-5826.0
2703,-4340,-8259,1,1737.0,1014.0,-3631.0,-2567.0,-7567.0,-6645.0
3798,-4137,-7672,1,2703.0,1737.0,-4340.0,-3631.0,-8259.0,-7567.0
5727,-3079,-5685,1,3798.0,2703.0,-4137.0,-4340.0,-7672.0,-8259.0
7605,-812,-3661,1,5727.0,3798.0,-3079.0,-4137.0,-5685.0,-7672.0
9259,837,-1970,1,7605.0,5727.0,-812.0,-3079.0,-3661.0,-5685.0
11925,2080,394,1,9259.0,7605.0,837.0,-812.0,-1970.0,-3661.0
14267,2141,928,1,11925.0,9259.0,2080.0,837.0,394.0,-1970.0
15745,927,747,1,14267.0,11925.0,2141.0,2080.0,928.0,394.0
15350,-2153,-869,1,15745.0,14267.0,927.0,2141.0,747.0,928.0
14148,-4179,-3193,1,15350.0,15745.0,-2153.0,927.0,-869.0,747.0
13190,-3750,-4225,1,14148.0,15350.0,-4179.0,-2153.0,-3193.0,-869.0
11557,-1314,-3051,1,13190.0,14148.0,-3750.0,-4179.0,-4225.0,-3193.0
10453,546,-1333,1,11557.0,13190.0,-1314.0,-3750.0,-3051.0,-4225.0
9398,2036,-817,1,10453.0,11557.0,546.0,-1314.0,-1333.0,-3051.0
8895,1614,-787,1,9398.0,10453.0,2036.0,546.0,-817.0,-1333.0
7587,1173,-1640,1,8895.0,9398.0,1614.0,2036.0,-787.0,-817.0
6363,923,-2101,1,7587.0,8895.0,1173.0,1614.0,-1640.0,-787.0
4368,304,-2372,1,6363.0,7587.0,923.0,1173.0,-2101.0,-1640.0
3833,817,-1826,1,4368.0,6363.0,304.0,923.0,-2372.0,-2101.0
4519,521,-1117,1,3833.0,4368.0,817.0,304.0,-1826.0,-2372.0
4835,271,-601,1,4519.0,3833.0,521.0,817.0,-1117.0,-1826.0
4705,-365,-164,1,4835.0,4519.0,271.0,521.0,-601.0,-1117.0
4804,-615,276,1,4705.0,4835.0,-365.0,271.0,-164.0,-601.0
4862,-811,677,1,4804.0,4705.0,-615.0,-365.0,276.0,-164.0
4918,-819,936,1,4862.0,4804.0,-811.0,-615.0,677.0,276.0
5006,-664,1079,1,4918.0,4862.0,-819.0,-811.0,936.0,677.0
5202,-567,1153,1,5006.0,4918.0,-664.0,-819.0,1079.0,936.0
5042,-213,1131,1,5202.0,5006.0,-567.0,-664.0,1153.0,1079.0
5056,34,1036,1,5042.0,5202.0,-213.0,-567.0,1131.0,1153.0
4935,133,663,1,5056.0,5042.0,34.0,-213.0,1036.0,1131.0
4899,196,485,1,4935.0,5056.0,133.0,34.0,663.0,1036.0
4778,113,161,1,4899.0,4935.0,196.0,133.0,485.0,663.0
4673,-34,-144,1,4778.0,4899.0,113.0,196.0,161.0,485.0
4665,-137,-187,1,4673.0,4778.0,-34.0,113.0,-144.0,161.0
4594,-334,-447,1,4665.0,4673.0,-137.0,-34.0,-187.0,-144.0
4559,-246,-412,1,4594.0,4665.0,-334.0,-137.0,-447.0,-187.0
4551,-233,-445,1,4559.0,4594.0,-246.0,-334.0,-412.0,-447.0
4528,-226,-540,1,4551.0,4559.0,-233.0,-246.0,-445.0,-412.0
4662,-212,-403,1,4528.0,4551.0,-226.0,-233.0,-540.0,-445.0
4617,-190,-619,1,4662.0,4528.0,-212.0,-226.0,-403.0,-540.0
4828,-87,-454,1,4617.0,4662.0,-190.0,-212.0,-619.0,-403.0
4985,155,-78,1,4828.0,4617.0,-87.0,-190.0,-454.0,-619.0
5216,392,-58,1,4985.0,4828.0,155.0,-87.0,-78.0,-454.0
5308,409,-94,1,5216.0,4985.0,392.0,155.0,-58.0,-78.0
5565,367,-46,1,5308.0,5216.0,409.0,392.0,-94.0,-58.0
5527,653,-76,1,5565.0,5308.0,367.0,409.0,-46.0,-94.0
5774,658,119,1,5527.0,5565.0,653.0,367.0,-76.0,-46.0
5781,655,223,1,5774.0,5527.0,658.0,653.0,119.0,-76.0
5681,493,121,1,5781.0,5774.0,655.0,658.0,223.0,119.0
5760,798,275,1,5681.0,5781.0,493.0,655.0,121.0,223.0
5642,746,189,1,5760.0,5681.0,798.0,493.0,275.0,121.0
5679,685,-26,1,5642.0,5760.0,746.0,798.0,189.0,275.0
5418,411,-208,1,5679.0,5642.0,685.0,746.0,-26.0,189.0
5349,584,-218,1,5418.0,5679.0,411.0,685.0,-208.0,-26.0
5056,455,-498,1,5349.0,5418.0,584.0,411.0,-218.0,-208.0
4766,465,-659,1,5056.0,5349.0,455.0,584.0,-498.0,-218.0
4403,310,-657,1,4766.0,5056.0,465.0,455.0,-659.0,-498.0
3976,456,-598,1,4403.0,4766.0,310.0,465.0,-657.0,-659.0
3415,663,-647,1,3976.0,4403.0,456.0,310.0,-598.0,-657.0
2937,743,-706,1,3415.0,3976.0,663.0,456.0,-647.0,-598.0
2583,728,-687,1,2937.0,3415.0,743.0,663.0,-706.0,-647.0
2261,885,-608,1,2583.0,2937.0,728.0,743.0,-687.0,-706.0
1885,1000,-588,1,2261.0,2583.0,885.0,728.0,-608.0,-687.0
1509,945,-628,1,1885.0,2261.0,1000.0,885.0,-588.0,-608.0
1109,840,-798,1,1509.0,1885.0,945.0,1000.0,-628.0,-588.0
724,693,-972,1,1109.0,1509.0,840.0,945.0,-798.0,-628.0
467,381,-1112,1,724.0,1109.0,693.0,840.0,-972.0,-798.0
187,153,-1206,1,467.0,724.0,381.0,693.0,-1112.0,-972.0
-72,-24,-1248,1,187.0,467.0,153.0,381.0,-1206.0,-1112.0
-333,-195,-1228,1,-72.0,187.0,-24.0,153.0,-1248.0,-1206.0
-508,-343,-1147,1,-333.0,-72.0,-195.0,-24.0,-1228.0,-1248.0
-667,-591,-1111,1,-508.0,-333.0,-343.0,-195.0,-1147.0,-1228.0
-896,-587,-938,1,-667.0,-508.0,-591.0,-343.0,-1111.0,-1147.0
-992,-750,-762,1,-896.0,-667.0,-587.0,-591.0,-938.0,-1111.0
-1124,-908,-660,1,-992.0,-896.0,-750.0,-587.0,-762.0,-938.0
-1252,-1079,-626,1,-1124.0,-992.0,-908.0,-750.0,-660.0,-762.0
-1320,-1091,-661,1,-1252.0,-1124.0,-1079.0,-908.0,-626.0,-660.0
-1330,-1079,-838,1,-1320.0,-1252.0,-1091.0,-1079.0,-661.0,-626.0
-1082,-936,-1264,1,-1330.0,-1320.0,-1079.0,-1091.0,-838.0,-661.0
-883,-703,-1661,1,-1082.0,-1330.0,-936.0,-1079.0,-1264.0,-838.0
-977,-913,-2194,1,-883.0,-1082.0,-703.0,-936.0,-1661.0,-1264.0
-1065,-1190,-3032,1,-977.0,-883.0,-913.0,-703.0,-2194.0,-1661.0
-1111,-1335,-3714,1,-1065.0,-977.0,-1190.0,-913.0,-3032.0,-2194.0
-993,-1237,-3986,1,-1111.0,-1065.0,-1335.0,-1190.0,-3714.0,-3032.0
-705,-1183,-4079,1,-993.0,-1111.0,-1237.0,-1335.0,-3986.0,-3714.0
-196,-1112,-4316,1,-705.0,-993.0,-1183.0,-1237.0,-4079.0,-3986.0
432,-1074,-4646,1,-196.0,-705.0,-1112.0,-1183.0,-4316.0,-4079.0
1292,-1008,-4474,1,432.0,-196.0,-1074.0,-1112.0,-4646.0,-4316.0
2466,-799,-3776,1,1292.0,432.0,-1008.0,-1074.0,-4474.0,-4646.0
3722,-605,-2879,1,2466.0,1292.0,-799.0,-1008.0,-3776.0,-4474.0
5035,-639,-2110,1,3722.0,2466.0,-605.0,-799.0,-2879.0,-3776.0
6298,-873,-1542,1,5035.0,3722.0,-639.0,-605.0,-2110.0,-2879.0
7492,-1184,-1153,1,6298.0,5035.0,-873.0,-639.0,-1542.0,-2110.0
8576,-1321,-1135,1,7492.0,6298.0,-1184.0,-873.0,-1153.0,-1542.0
9709,-1333,-994,1,8576.0,7492.0,-1321.0,-1184.0,-1135.0,-1153.0
10705,-1399,-808,1,9709.0,8576.0,-1333.0,-1321.0,-994.0,-1135.0
11219,-1520,-1016,1,10705.0,9709.0,-1399.0,-1333.0,-808.0,-994.0
11213,-968,-1089,1,11219.0,10705.0,-1520.0,-1399.0,-1016.0,-808.0
10524,-301,-795,1,11213.0,11219.0,-968.0,-1520.0,-1089.0,-1016.0
9736,-108,-701,1,10524.0,11213.0,-301.0,-968.0,-795.0,-1089.0
9301,-481,-686,1,9736.0,10524.0,-108.0,-301.0,-701.0,-795.0
9042,-706,-772,1,9301.0,9736.0,-481.0,-108.0,-686.0,-701.0
8610,-479,-868,1,9042.0,9301.0,-706.0,-481.0,-772.0,-686.0
8026,-548,-1102,1,8610.0,9042.0,-479.0,-706.0,-868.0,-772.0
7810,-315,-849,1,8026.0,8610.0,-548.0,-479.0,-1102.0,-868.0
7587,-426,-926,1,7810.0,8026.0,-315.0,-548.0,-849.0,-1102.0
7204,-366,-1067,1,7587.0,7810.0,-426.0,-315.0,-926.0,-849.0
6667,-270,-1385,1,7204.0,7587.0,-366.0,-426.0,-1067.0,-926.0
6183,15,-1489,1,6667.0,7204.0,-270.0,-366.0,-1385.0,-1067.0
5948,69,-1591,1,6183.0,6667.0,15.0,-270.0,-1489.0,-1385.0
5742,-137,-1629,1,5948.0,6183.0,69.0,15.0,-1591.0,-1489.0
5553,49,-1358,1,5742.0,5948.0,-137.0,69.0,-1629.0,-1591.0
5297,554,-1144,1,5553.0,5742.0,49.0,-137.0,-1358.0,-1629.0
5371,74,-968,1,5297.0,5553.0,554.0,49.0,-1144.0,-1358.0
5116,623,-942,1,5371.0,5297.0,74.0,554.0,-968.0,-1144.0
5038,492,-877,1,5116.0,5371.0,623.0,74.0,-942.0,-968.0
5050,507,-633,1,5038.0,5116.0,492.0,623.0,-877.0,-942.0
5015,712,-559,1,5050.0,5038.0,507.0,492.0,-633.0,-877.0
4969,745,-543,1,5015.0,5050.0,712.0,507.0,-559.0,-633.0
4985,853,-424,1,4969.0,5015.0,745.0,712.0,-543.0,-559.0
5054,353,-382,1,4985.0,4969.0,853.0,745.0,-424.0,-543.0
4948,537,-98,1,5054.0,4985.0,353.0,853.0,-382.0,-424.0
4821,575,171,1,4948.0,5054.0,537.0,353.0,-98.0,-382.0
4777,400,250,1,4821.0,4948.0,575.0,537.0,171.0,-98.0
4766,141,201,1,4777.0,4821.0,400.0,575.0,250.0,171.0
4569,272,266,1,4766.0,4777.0,141.0,400.0,201.0,250.0
4529,-290,317,1,4569.0,4766.0,272.0,141.0,266.0,201.0
4295,-379,73,1,4529.0,4569.0,-290.0,272.0,317.0,266.0
4248,-1292,-310,1,4295.0,4529.0,-379.0,-290.0,73.0,317.0
4218,-1614,-301,1,4248.0,4295.0,-1292.0,-379.0,-310.0,73.0
4178,-1352,113,1,4218.0,4248.0,-1614.0,-1292.0,-301.0,-310.0
4307,-1143,264,1,4178.0,4218.0,-1352.0,-1614.0,113.0,-301.0
4511,-1050,35,1,4307.0,4178.0,-1143.0,-1352.0,264.0,113.0
4147,822,525,1,4511.0,4307.0,-1050.0,-1143.0,35.0,264.0
3654,897,154,1,4147.0,4511.0,822.0,-1050.0,525.0,35.0
3565,711,181,1,3654.0,4147.0,897.0,822.0,154.0,525.0
3642,837,81,1,3565.0,3654.0,711.0,897.0,181.0,154.0
3096,311,-214,1,3642.0,3565.0,837.0,711.0,81.0,181.0
2813,-458,-492,1,3096.0,3642.0,311.0,837.0,-214.0,81.0
2932,-3882,-2181,1,2813.0,3096.0,-458.0,311.0,-492.0,-214.0
3038,-3550,-1511,1,2932.0,2813.0,-3882.0,-458.0,-2181.0,-492.0
3194,-2195,-705,1,3038.0,2932.0,-3550.0,-3882.0,-1511.0,-2181.0
2901,-437,-150,1,3194.0,3038.0,-2195.0,-3550.0,-705.0,-1511.0
2505,424,22,1,2901.0,3194.0,-437.0,-2195.0,-150.0,-705.0
2451,1208,408,1,2505.0,2901.0,424.0,-437.0,22.0,-150.0
2177,1551,396,1,2451.0,2505.0,1208.0,424.0,408.0,22.0
1210,346,-277,1,2177.0,2451.0,1551.0,1208.0,396.0,408.0
1333,-455,-158,1,1210.0,2177.0,346.0,1551.0,-277.0,396.0
1635,-1141,173,1,1333.0,1210.0,-455.0,346.0,-158.0,-277.0
1577,-411,268,1,1635.0,1333.0,-1141.0,-455.0,173.0,-158.0
1295,-214,276,1,1577.0,1635.0,-411.0,-1141.0,268.0,173.0
1222,-14,403,1,1295.0,1577.0,-214.0,-411.0,276.0,268.0
1052,97,342,1,1222.0,1295.0,-14.0,-214.0,403.0,276.0
810,54,176,1,1052.0,1222.0,97.0,-14.0,342.0,403.0
670,183,135,1,810.0,1052.0,54.0,97.0,176.0,342.0
604,156,134,1,670.0,810.0,183.0,54.0,135.0,176.0
352,264,-69,1,604.0,670.0,156.0,183.0,134.0,135.0
114,226,-65,1,352.0,604.0,264.0,156.0,-69.0,134.0
0,-394,12,1,114.0,352.0,226.0,264.0,-65.0,-69.0
-252,-425,16,1,0.0,114.0,-394.0,226.0,12.0,-65.0
-518,-352,-56,1,-252.0,0.0,-425.0,-394.0,16.0,12.0
-780,-163,-211,1,-518.0,-252.0,-352.0,-425.0,-56.0,16.0
-1064,-41,-410,1,-780.0,-518.0,-163.0,-352.0,-211.0,-56.0
-1207,216,-487,1,-1064.0,-780.0,-41.0,-163.0,-410.0,-211.0
-1336,383,-636,1,-1207.0,-1064.0,216.0,-41.0,-487.0,-410.0
-1478,416,-954,1,-1336.0,-1207.0,383.0,216.0,-636.0,-487.0
-1430,405,-1337,1,-1478.0,-1336.0,416.0,383.0,-954.0,-636.0
-1193,58,-1899,1,-1430.0,-1478.0,405.0,416.0,-1337.0,-954.0
-1024,-481,-2714,1,-1193.0,-1430.0,58.0,405.0,-1899.0,-1337.0
-861,-927,-3662,1,-1024.0,-1193.0,-481.0,58.0,-2714.0,-1899.0
-265,-1356,-4213,1,-861.0,-1024.0,-927.0,-481.0,-3662.0,-2714.0
568,-1430,-4293,1,-265.0,-861.0,-1356.0,-927.0,-4213.0,-3662.0
1462,-1062,-4218,1,568.0,-265.0,-1430.0,-1356.0,-4293.0,-4213.0
2269,-706,-4260,1,1462.0,568.0,-1062.0,-1430.0,-4218.0,-4293.0
3197,-881,-4336,1,2269.0,1462.0,-706.0,-1062.0,-4260.0,-4218.0
4232,-960,-4260,1,3197.0,2269.0,-881.0,-706.0,-4336.0,-4260.0
5524,-694,-3859,1,4232.0,3197.0,-960.0,-881.0,-4260.0,-4336.0
6967,-284,-3302,1,5524.0,4232.0,-694.0,-960.0,-3859.0,-4260.0
8395,345,-2763,1,6967.0,5524.0,-284.0,-694.0,-3302.0,-3859.0
10018,893,-2210,1,8395.0,6967.0,345.0,-284.0,-2763.0,-3302.0
11556,745,-1613,1,10018.0,8395.0,893.0,345.0,-2210.0,-2763.0
13055,773,-1149,1,11556.0,10018.0,745.0,893.0,-1613.0,-2210.0
14438,-326,-2025,1,13055.0,11556.0,773.0,745.0,-1149.0,-1613.0
15222,-1671,-3403,1,14438.0,13055.0,-326.0,773.0,-2025.0,-1149.0
13919,-1872,-4580,1,15222.0,14438.0,-1671.0,-326.0,-3403.0,-2025.0
12782,-1331,-3819,1,13919.0,15222.0,-1872.0,-1671.0,-4580.0,-3403.0
10245,-23,-2760,1,12782.0,13919.0,-1331.0,-1872.0,-3819.0,-4580.0
9115,324,-1683,1,10245.0,12782.0,-23.0,-1331.0,-2760.0,-3819.0
8130,708,-1291,1,9115.0,10245.0,324.0,-23.0,-1683.0,-2760.0
7709,288,-1037,1,8130.0,9115.0,708.0,324.0,-1291.0,-1683.0
6923,534,-897,1,7709.0,8130.0,288.0,708.0,-1037.0,-1291.0
5937,1673,-817,1,6923.0,7709.0,534.0,288.0,-897.0,-1037.0
5726,1270,-990,1,5937.0,6923.0,1673.0,534.0,-817.0,-897.0
5457,306,-1168,1,5726.0,5937.0,1270.0,1673.0,-990.0,-817.0
5659,-438,-937,1,5457.0,5726.0,306.0,1270.0,-1168.0,-990.0
5727,-1358,-1004,1,5659.0,5457.0,-438.0,306.0,-937.0,-1168.0
5697,-2002,-816,1,5727.0,5659.0,-1358.0,-438.0,-1004.0,-937.0
5628,-1864,-372,1,5697.0,5727.0,-2002.0,-1358.0,-816.0,-1004.0
5200,-1167,-49,1,5628.0,5697.0,-1864.0,-2002.0,-372.0,-816.0
5284,-819,346,1,5200.0,5628.0,-1167.0,-1864.0,-49.0,-372.0
5541,-664,492,1,5284.0,5200.0,-819.0,-1167.0,346.0,-49.0
5768,-503,489,1,5541.0,5284.0,-664.0,-819.0,492.0,346.0
5775,-395,406,1,5768.0,5541.0,-503.0,-664.0,489.0,492.0
5742,-197,243,1,5775.0,5768.0,-395.0,-503.0,406.0,489.0
5671,-247,-17,1,5742.0,5775.0,-197.0,-395.0,243.0,406.0
5644,-251,-112,1,5671.0,5742.0,-247.0,-197.0,-17.0,243.0
5713,-328,-205,1,5644.0,5671.0,-251.0,-247.0,-112.0,-17.0
5486,-219,-360,1,5713.0,5644.0,-328.0,-251.0,-205.0,-112.0
5485,-295,-275,1,5486.0,5713.0,-219.0,-328.0,-360.0,-205.0
5314,-175,-318,1,5485.0,5486.0,-295.0,-219.0,-275.0,-360.0
5175,-262,-289,1,5314.0,5485.0,-175.0,-295.0,-318.0,-275.0
4996,-92,-330,1,5175.0,5314.0,-262.0,-175.0,-289.0,-318.0
4975,130,-78,1,4996.0,5175.0,-92.0,-262.0,-330.0,-289.0
4830,622,4,1,4975.0,4996.0,130.0,-92.0,-78.0,-330.0
4919,599,-21,1,4830.0,4975.0,622.0,130.0,4.0,-78.0
4965,576,215,1,4919.0,4830.0,599.0,622.0,-21.0,4.0
4688,1021,113,1,4965.0,4919.0,576.0,599.0,215.0,-21.0
4786,1082,467,1,4688.0,4965.0,1021.0,576.0,113.0,215.0
4613,1323,409,1,4786.0,4688.0,1082.0,1021.0,467.0,113.0
4672,1628,696,1,4613.0,4786.0,1323.0,1082.0,409.0,467.0
4439,1699,563,1,4672.0,4613.0,1628.0,1323.0,696.0,409.0
4367,1937,370,1,4439.0,4672.0,1699.0,1628.0,563.0,696.0
4432,1966,204,1,4367.0,4439.0,1937.0,1699.0,370.0,563.0
4221,1710,-79,1,4432.0,4367.0,1966.0,1937.0,204.0,370.0
4017,1440,-400,1,4221.0,4432.0,1710.0,1966.0,-79.0,204.0
3971,1461,-522,1,4017.0,4221.0,1440.0,1710.0,-400.0,-79.0
3944,1224,-786,1,3971.0,4017.0,1461.0,1440.0,-522.0,-400.0
3759,1054,-933,1,3944.0,3971.0,1224.0,1461.0,-786.0,-522.0
3507,884,-1001,1,3759.0,3944.0,1054.0,1224.0,-933.0,-786.0
3171,657,-1126,1,3507.0,3759.0,884.0,1054.0,-1001.0,-933.0
2782,521,-1125,1,3171.0,3507.0,657.0,884.0,-1126.0,-1001.0
2313,434,-1202,1,2782.0,3171.0,521.0,657.0,-1125.0,-1126.0
1945,290,-1187,1,2313.0,2782.0,434.0,521.0,-1202.0,-1125.0
1605,218,-1129,1,1945.0,2313.0,290.0,434.0,-1187.0,-1202.0
1270,214,-1041,1,1605.0,1945.0,218.0,290.0,-1129.0,-1187.0
892,263,-917,1,1270.0,1605.0,214.0,218.0,-1041.0,-1129.0
560,184,-815,1,892.0,1270.0,263.0,214.0,-917.0,-1041.0
210,112,-695,1,560.0,892.0,184.0,263.0,-815.0,-917.0
-108,-36,-641,1,210.0,560.0,112.0,184.0,-695.0,-815.0
-428,-269,-723,1,-108.0,210.0,-36.0,112.0,-641.0,-695.0
-758,-495,-723,1,-428.0,-108.0,-269.0,-36.0,-723.0,-641.0
-943,-603,-636,1,-758.0,-428.0,-495.0,-269.0,-723.0,-723.0
-971,-593,-552,1,-943.0,-758.0,-603.0,-495.0,-636.0,-723.0
-968,-578,-511,1,-971.0,-943.0,-593.0,-603.0,-552.0,-636.0
-1145,-776,-624,1,-968.0,-971.0,-578.0,-593.0,-511.0,-552.0
-1507,-1218,-842,1,-1145.0,-968.0,-776.0,-578.0,-624.0,-511.0
-1562,-1218,-780,1,-1507.0,-1145.0,-1218.0,-776.0,-842.0,-624.0
-1364,-1169,-850,1,-1562.0,-1507.0,-1218.0,-1218.0,-780.0,-842.0
-1353,-1266,-1075,1,-1364.0,-1562.0,-1169.0,-1218.0,-850.0,-780.0
-984,-1205,-1107,1,-1353.0,-1364.0,-1266.0,-1169.0,-1075.0,-850.0
-683,-1369,-1335,1,-984.0,-1353.0,-1205.0,-1266.0,-1107.0,-1075.0
-526,-1294,-1289,1,-683.0,-984.0,-1369.0,-1205.0,-1335.0,-1107.0
-426,-1063,-1498,1,-526.0,-683.0,-1294.0,-1369.0,-1289.0,-1335.0
-476,-1406,-1880,1,-426.0,-526.0,-1063.0,-1294.0,-1498.0,-1289.0
-450,-1448,-2268,1,-476.0,-426.0,-1406.0,-1063.0,-1880.0,-1498.0
-381,-1373,-2824,1,-450.0,-476.0,-1448.0,-1406.0,-2268.0,-1880.0
-319,-1105,-3456,1,-381.0,-450.0,-1373.0,-1448.0,-2824.0,-2268.0
66,-1022,-4130,1,-319.0,-381.0,-1105.0,-1373.0,-3456.0,-2824.0
698,-944,-4776,1,66.0,-319.0,-1022.0,-1105.0,-4130.0,-3456.0
1549,-1045,-5110,1,698.0,66.0,-944.0,-1022.0,-4776.0,-4130.0
2640,-901,-4872,1,1549.0,698.0,-1045.0,-944.0,-5110.0,-4776.0
4072,-741,-4215,1,2640.0,1549.0,-901.0,-1045.0,-4872.0,-5110.0
5430,-901,-3556,1,4072.0,2640.0,-741.0,-901.0,-4215.0,-4872.0
6831,-999,-2676,1,5430.0,4072.0,-901.0,-741.0,-3556.0,-4215.0
8240,-1099,-2227,1,6831.0,5430.0,-999.0,-901.0,-2676.0,-3556.0
9523,-719,-1855,1,8240.0,6831.0,-1099.0,-999.0,-2227.0,-2676.0
10443,-446,-1437,1,9523.0,8240.0,-719.0,-1099.0,-1855.0,-2227.0
11274,-330,-1170,1,10443.0,9523.0,-446.0,-719.0,-1437.0,-1855.0
11785,173,-595,1,11274.0,10443.0,-330.0,-446.0,-1170.0,-1437.0
11798,571,-119,1,11785.0,11274.0,173.0,-330.0,-595.0,-1170.0
11089,606,-69,1,11798.0,11785.0,571.0,173.0,-119.0,-595.0
10288,317,-62,1,11089.0,11798.0,606.0,571.0,-69.0,-119.0
9863,-22,-91,1,10288.0,11089.0,317.0,606.0,-62.0,-69.0
9525,-486,-318,1,9863.0,10288.0,-22.0,317.0,-91.0,-62.0
8970,-732,-534,1,9525.0,9863.0,-486.0,-22.0,-318.0,-91.0
8457,-758,-725,1,8970.0,9525.0,-732.0,-486.0,-534.0,-318.0
7995,-964,-1054,1,8457.0,8970.0,-758.0,-732.0,-725.0,-534.0
7630,-646,-1110,1,7995.0,8457.0,-964.0,-758.0,-1054.0,-725.0
7239,-473,-1260,1,7630.0,7995.0,-646.0,-964.0,-1110.0,-1054.0
6626,-596,-1642,1,7239.0,7630.0,-473.0,-646.0,-1260.0,-1110.0
6096,-398,-1765,1,6626.0,7239.0,-596.0,-473.0,-1642.0,-1260.0
5636,-560,-1983,1,6096.0,6626.0,-398.0,-596.0,-1765.0,-1642.0
5406,-463,-1881,1,5636.0,6096.0,-560.0,-398.0,-1983.0,-1765.0
5189,-575,-1754,1,5406.0,5636.0,-463.0,-560.0,-1881.0,-1983.0
4932,67,-1415,1,5189.0,5406.0,-575.0,-463.0,-1754.0,-1881.0
4876,147,-1178,1,4932.0,5189.0,67.0,-575.0,-1415.0,-1754.0
4880,105,-849,1,4876.0,4932.0,147.0,67.0,-1178.0,-1415.0
4690,193,-804,1,4880.0,4876.0,105.0,147.0,-849.0,-1178.0
4652,520,-434,1,4690.0,4880.0,193.0,105.0,-804.0,-849.0
4644,727,-272,1,4652.0,4690.0,520.0,193.0,-434.0,-804.0
4740,133,-307,1,4644.0,4652.0,727.0,520.0,-272.0,-434.0
4852,61,-211,1,4740.0,4644.0,133.0,727.0,-307.0,-272.0
4819,96,-222,1,4852.0,4740.0,61.0,133.0,-211.0,-307.0
4709,202,-95,1,4819.0,4852.0,96.0,61.0,-222.0,-211.0
4526,268,-36,1,4709.0,4819.0,202.0,96.0,-95.0,-222.0
4474,201,195,1,4526.0,4709.0,268.0,202.0,-36.0,-95.0
4582,-95,204,1,4474.0,4526.0,201.0,268.0,195.0,-36.0
4574,-437,172,1,4582.0,4474.0,-95.0,201.0,204.0,195.0
4570,-919,140,1,4574.0,4582.0,-437.0,-95.0,172.0,204.0
4401,-773,240,1,4570.0,4574.0,-919.0,-437.0,140.0,172.0
4312,-996,174,1,4401.0,4570.0,-773.0,-919.0,240.0,140.0
4281,-1547,-218,1,4312.0,4401.0,-996.0,-773.0,174.0,240.0
4470,-2122,-197,1,4281.0,4312.0,-1547.0,-996.0,-218.0,174.0
4347,-2344,-249,1,4470.0,4281.0,-2122.0,-1547.0,-197.0,-218.0
4154,-1917,-294,1,4347.0,4470.0,-2344.0,-2122.0,-249.0,-197.0
4052,-1826,-320,1,4154.0,4347.0,-1917.0,-2344.0,-294.0,-249.0
3924,-1321,-247,1,4052.0,4154.0,-1826.0,-1917.0,-320.0,-294.0
3660,-1124,-280,1,3924.0,4052.0,-1321.0,-1826.0,-247.0,-320.0
3552,-826,-167,1,3660.0,3924.0,-1124.0,-1321.0,-280.0,-247.0
3397,-218,-44,1,3552.0,3660.0,-826.0,-1124.0,-167.0,-280.0
3193,-67,-69,1,3397.0,3552.0,-218.0,-826.0,-44.0,-167.0
3025,247,-96,1,3193.0,3397.0,-67.0,-218.0,-69.0,-44.0
2779,130,-299,1,3025.0,3193.0,247.0,-67.0,-96.0,-69.0
2688,-125,-496,1,2779.0,3025.0,130.0,247.0,-299.0,-96.0
2776,-67,-368,1,2688.0,2779.0,-125.0,130.0,-496.0,-299.0
2497,-261,-499,1,2776.0,2688.0,-67.0,-125.0,-368.0,-496.0
2280,101,-359,1,2497.0,2776.0,-261.0,-67.0,-499.0,-368.0
2262,307,-304,1,2280.0,2497.0,101.0,-261.0,-359.0,-499.0
2082,473,-151,1,2262.0,2280.0,307.0,101.0,-304.0,-359.0
2033,456,-164,1,2082.0,2262.0,473.0,307.0,-151.0,-304.0
2152,1054,171,1,2033.0,2082.0,456.0,473.0,-164.0,-151.0
2010,1063,227,1,2152.0,2033.0,1054.0,456.0,171.0,-164.0
1888,1057,111,1,2010.0,2152.0,1063.0,1054.0,227.0,171.0
1424,192,-263,1,1888.0,2010.0,1057.0,1063.0,111.0,227.0
1267,-409,-517,1,1424.0,1888.0,192.0,1057.0,-263.0,111.0
1150,-570,-365,1,1267.0,1424.0,-409.0,192.0,-517.0,-263.0
1059,-301,-182,1,1150.0,1267.0,-570.0,-409.0,-365.0,-517.0
991,133,-63,1,1059.0,1150.0,-301.0,-570.0,-182.0,-365.0
939,360,-86,1,991.0,1059.0,133.0,-301.0,-63.0,-182.0
843,433,-91,1,939.0,991.0,360.0,133.0,-86.0,-63.0
698,389,-139,1,843.0,939.0,433.0,360.0,-91.0,-86.0
467,358,-143,1,698.0,843.0,389.0,433.0,-139.0,-91.0
157,243,-151,1,467.0,698.0,358.0,389.0,-143.0,-139.0
-92,284,-119,1,157.0,467.0,243.0,358.0,-151.0,-143.0
-221,24,12,1,-92.0,157.0,284.0,243.0,-119.0,-151.0
-545,128,-32,1,-221.0,-92.0,24.0,284.0,12.0,-119.0
-831,334,-185,1,-545.0,-221.0,128.0,24.0,-32.0,12.0
-1103,418,-387,1,-831.0,-545.0,334.0,128.0,-185.0,-32.0
-1266,257,-642,1,-1103.0,-831.0,418.0,334.0,-387.0,-185.0
-1506,-9,-1130,1,-1266.0,-1103.0,257.0,418.0,-642.0,-387.0
-1681,-11,-1812,1,-1506.0,-1266.0,-9.0,257.0,-1130.0,-642.0
-1743,-422,-2748,1,-1681.0,-1506.0,-11.0,-9.0,-1812.0,-1130.0
-1633,-721,-3711,1,-1743.0,-1681.0,-422.0,-11.0,-2748.0,-1812.0
-1268,-974,-4588,1,-1633.0,-1743.0,-721.0,-422.0,-3711.0,-2748.0
-678,-1282,-5380,1,-1268.0,-1633.0,-974.0,-721.0,-4588.0,-3711.0
140,-1458,-6013,1,-678.0,-1268.0,-1282.0,-974.0,-5380.0,-4588.0
1136,-1172,-6399,1,140.0,-678.0,-1458.0,-1282.0,-6013.0,-5380.0
2113,-1822,-6691,1,1136.0,140.0,-1172.0,-1458.0,-6399.0,-6013.0
3232,-2083,-6849,1,2113.0,1136.0,-1822.0,-1172.0,-6691.0,-6399.0
4668,-1889,-6243,1,3232.0,2113.0,-2083.0,-1822.0,-6849.0,-6691.0
6468,-857,-5242,1,4668.0,3232.0,-1889.0,-2083.0,-6243.0,-6849.0
8195,1249,-4190,1,6468.0,4668.0,-857.0,-1889.0,-5242.0,-6243.0
10311,2800,-2678,1,8195.0,6468.0,1249.0,-857.0,-4190.0,-5242.0
12526,3807,-880,1,10311.0,8195.0,2800.0,1249.0,-2678.0,-4190.0
14268,3125,451,1,12526.0,10311.0,3807.0,2800.0,-880.0,-2678.0
15456,1427,670,1,14268.0,12526.0,3125.0,3807.0,451.0,-880.0
15034,-616,-1223,1,15456.0,14268.0,1427.0,3125.0,670.0,451.0
14819,-2556,-2793,1,15034.0,15456.0,-616.0,1427.0,-1223.0,670.0
13112,-2680,-3441,1,14819.0,15034.0,-2556.0,-616.0,-2793.0,-1223.0
11437,-1756,-2528,1,13112.0,14819.0,-2680.0,-2556.0,-3441.0,-2793.0
10304,-683,-1563,1,11437.0,13112.0,-1756.0,-2680.0,-2528.0,-3441.0
9313,-251,-1381,1,10304.0,11437.0,-683.0,-1756.0,-1563.0,-2528.0
8261,-236,-1265,1,9313.0,10304.0,-251.0,-683.0,-1381.0,-1563.0
7498,-381,-1043,1,8261.0,9313.0,-236.0,-251.0,-1265.0,-1381.0
6590,-441,-910,1,7498.0,8261.0,-381.0,-236.0,-1043.0,-1265.0
5083,-508,-1132,1,6590.0,7498.0,-441.0,-381.0,-910.0,-1043.0
4791,-176,-969,1,5083.0,6590.0,-508.0,-441.0,-1132.0,-910.0
5197,-23,-295,1,4791.0,5083.0,-176.0,-508.0,-969.0,-1132.0
4854,-1364,-422,1,5197.0,4791.0,-23.0,-176.0,-295.0,-969.0
4896,-1779,-320,1,4854.0,5197.0,-1364.0,-23.0,-422.0,-295.0
5299,-2103,16,1,4896.0,4854.0,-1779.0,-1364.0,-320.0,-422.0
5062,-1954,274,1,5299.0,4896.0,-2103.0,-1779.0,16.0,-320.0
4796,-1684,407,1,5062.0,5299.0,-1954.0,-2103.0,274.0,16.0
4777,-1729,728,1,4796.0,5062.0,-1684.0,-1954.0,407.0,274.0
4711,-1697,761,1,4777.0,4796.0,-1729.0,-1684.0,728.0,407.0
4617,-1504,590,1,4711.0,4777.0,-1697.0,-1729.0,761.0,728.0
4442,-1075,465,1,4617.0,4711.0,-1504.0,-1697.0,590.0,761.0
4390,-785,209,1,4442.0,4617.0,-1075.0,-1504.0,465.0,590.0
4394,-528,-44,1,4390.0,4442.0,-785.0,-1075.0,209.0,465.0
4501,-599,-237,1,4394.0,4390.0,-528.0,-785.0,-44.0,209.0
4586,-565,-444,1,4501.0,4394.0,-599.0,-528.0,-237.0,-44.0
4780,-365,-392,1,4586.0,4501.0,-565.0,-599.0,-444.0,-237.0
4923,-201,-440,1,4780.0,4586.0,-365.0,-565.0,-392.0,-444.0
5063,1,-332,1,4923.0,4780.0,-201.0,-365.0,-440.0,-392.0
5105,183,-159,1,5063.0,4923.0,1.0,-201.0,-332.0,-440.0
5215,459,-17,1,5105.0,5063.0,183.0,1.0,-159.0,-332.0
5355,803,55,1,5215.0,5105.0,459.0,183.0,-17.0,-159.0
5442,864,106,1,5355.0,5215.0,803.0,459.0,55.0,-17.0
5514,936,328,1,5442.0,5355.0,864.0,803.0,106.0,55.0
5437,1511,580,1,5514.0,5442.0,936.0,864.0,328.0,106.0
5713,1299,486,1,5437.0,5514.0,1511.0,936.0,580.0,328.0
5738,1367,357,1,5713.0,5437.0,1299.0,1511.0,486.0,580.0
5763,1809,214,1,5738.0,5713.0,1367.0,1299.0,357.0,486.0
5792,1970,146,1,5763.0,5738.0,1809.0,1367.0,214.0,357.0
5567,2115,-92,1,5792.0,5763.0,1970.0,1809.0,146.0,214.0
5436,2302,-270,1,5567.0,5792.0,2115.0,1970.0,-92.0,146.0
5280,2367,-457,1,5436.0,5567.0,2302.0,2115.0,-270.0,-92.0
5123,2252,-653,1,5280.0,5436.0,2367.0,2302.0,-457.0,-270.0
4989,2010,-844,1,5123.0,5280.0,2252.0,2367.0,-653.0,-457.0
4751,1439,-1159,1,4989.0,5123.0,2010.0,2252.0,-844.0,-653.0
4319,820,-1439,1,4751.0,4989.0,1439.0,2010.0,-1159.0,-844.0
3611,459,-1549,1,4319.0,4751.0,820.0,1439.0,-1439.0,-1159.0
2630,601,-1468,1,3611.0,4319.0,459.0,820.0,-1549.0,-1439.0
2156,456,-1426,1,2630.0,3611.0,601.0,459.0,-1468.0,-1549.0
1904,517,-1374,1,2156.0,2630.0,456.0,601.0,-1426.0,-1468.0
1785,446,-1258,1,1904.0,2156.0,517.0,456.0,-1374.0,-1426.0
1467,303,-1294,1,1785.0,1904.0,446.0,517.0,-1258.0,-1374.0
1159,308,-1174,1,1467.0,1785.0,303.0,446.0,-1294.0,-1258.0
908,238,-918,1,1159.0,1467.0,308.0,303.0,-1174.0,-1294.0
737,57,-890,1,908.0,1159.0,238.0,308.0,-918.0,-1174.0
565,66,-901,1,737.0,908.0,57.0,238.0,-890.0,-918.0
417,20,-913,1,565.0,737.0,66.0,57.0,-901.0,-890.0
237,-89,-1002,1,417.0,565.0,20.0,66.0,-913.0,-901.0
32,-153,-1061,1,237.0,417.0,-89.0,20.0,-1002.0,-913.0
-109,-308,-1102,1,32.0,237.0,-153.0,-89.0,-1061.0,-1002.0
-262,-449,-1127,1,-109.0,32.0,-308.0,-153.0,-1102.0,-1061.0
-384,-555,-1075,1,-262.0,-109.0,-449.0,-308.0,-1127.0,-1102.0
-423,-529,-858,1,-384.0,-262.0,-555.0,-449.0,-1075.0,-1127.0
-369,-513,-806,1,-423.0,-384.0,-529.0,-555.0,-858.0,-1075.0
-322,-455,-850,1,-369.0,-423.0,-513.0,-529.0,-806.0,-858.0
-245,-560,-1133,1,-322.0,-369.0,-455.0,-513.0,-850.0,-806.0
-198,-636,-1486,1,-245.0,-322.0,-560.0,-455.0,-1133.0,-850.0
-258,-759,-2055,1,-198.0,-245.0,-636.0,-560.0,-1486.0,-1133.0
-343,-1043,-2775,1,-258.0,-198.0,-759.0,-636.0,-2055.0,-1486.0
-380,-1418,-3438,1,-343.0,-258.0,-1043.0,-759.0,-2775.0,-2055.0
-369,-1936,-3980,1,-380.0,-343.0,-1418.0,-1043.0,-3438.0,-2775.0
-158,-2365,-4231,1,-369.0,-380.0,-1936.0,-1418.0,-3980.0,-3438.0
230,-2464,-4199,1,-158.0,-369.0,-2365.0,-1936.0,-4231.0,-3980.0
510,-2116,-3794,1,230.0,-158.0,-2464.0,-2365.0,-4199.0,-4231.0
909,-1994,-3468,1,510.0,230.0,-2116.0,-2464.0,-3794.0,-4199.0
1571,-2109,-3226,1,909.0,510.0,-1994.0,-2116.0,-3468.0,-3794.0
2361,-1842,-2868,1,1571.0,909.0,-2109.0,-1994.0,-3226.0,-3468.0
3228,-1598,-2634,1,2361.0,1571.0,-1842.0,-2109.0,-2868.0,-3226.0
4178,-1231,-2109,1,3228.0,2361.0,-1598.0,-1842.0,-2634.0,-2868.0
5154,-1087,-1542,1,4178.0,3228.0,-1231.0,-1598.0,-2109.0,-2634.0
5996,-1320,-1350,1,5154.0,4178.0,-1087.0,-1231.0,-1542.0,-2109.0
7014,-1564,-1132,1,5996.0,5154.0,-1320.0,-1087.0,-1350.0,-1542.0
8039,-1951,-1162,1,7014.0,5996.0,-1564.0,-1320.0,-1132.0,-1350.0
8795,-2111,-1180,1,8039.0,7014.0,-1951.0,-1564.0,-1162.0,-1132.0
9161,-2182,-1347,1,8795.0,8039.0,-2111.0,-1951.0,-1180.0,-1162.0
9128,-1844,-1586,1,9161.0,8795.0,-2182.0,-2111.0,-1347.0,-1180.0
8958,-1032,-1491,1,9128.0,9161.0,-1844.0,-2182.0,-1586.0,-1347.0
8695,-375,-1098,1,8958.0,9128.0,-1032.0,-1844.0,-1491.0,-1586.0
8409,-572,-920,1,8695.0,8958.0,-375.0,-1032.0,-1098.0,-1491.0
7916,-557,-826,1,8409.0,8695.0,-572.0,-375.0,-920.0,-1098.0
7415,-422,-634,1,7916.0,8409.0,-557.0,-572.0,-826.0,-920.0
6926,-22,-415,1,7415.0,7916.0,-422.0,-557.0,-634.0,-826.0
6592,52,-391,1,6926.0,7415.0,-22.0,-422.0,-415.0,-634.0
6138,165,-534,1,6592.0,6926.0,52.0,-22.0,-391.0,-415.0
5918,426,-475,1,6138.0,6592.0,165.0,52.0,-534.0,-391.0
5790,459,-714,1,5918.0,6138.0,426.0,165.0,-475.0,-534.0
5568,245,-1061,1,5790.0,5918.0,459.0,426.0,-714.0,-475.0
5297,352,-1451,1,5568.0,5790.0,245.0,459.0,-1061.0,-714.0
5134,635,-1657,1,5297.0,5568.0,352.0,245.0,-1451.0,-1061.0
5253,705,-1752,1,5134.0,5297.0,635.0,352.0,-1657.0,-1451.0
5314,542,-1832,1,5253.0,5134.0,705.0,635.0,-1752.0,-1657.0
5324,736,-1721,1,5314.0,5253.0,542.0,705.0,-1832.0,-1752.0
5367,568,-1809,1,5324.0,5314.0,736.0,542.0,-1721.0,-1832.0
5406,704,-1829,1,5367.0,5324.0,568.0,736.0,-1809.0,-1721.0
5414,864,-1459,1,5406.0,5367.0,704.0,568.0,-1829.0,-1809.0
5376,965,-1221,1,5414.0,5406.0,864.0,704.0,-1459.0,-1829.0
5316,1270,-855,1,5376.0,5414.0,965.0,864.0,-1221.0,-1459.0
5500,1178,-577,1,5316.0,5376.0,1270.0,965.0,-855.0,-1221.0
5623,574,-560,1,5500.0,5316.0,1178.0,1270.0,-577.0,-855.0
5674,-114,-784,1,5623.0,5500.0,574.0,1178.0,-560.0,-577.0
5845,-386,-645,1,5674.0,5623.0,-114.0,574.0,-784.0,-560.0
6117,-751,-321,1,5845.0,5674.0,-386.0,-114.0,-645.0,-784.0
6295,-1287,-411,1,6117.0,5845.0,-751.0,-386.0,-321.0,-645.0
6203,-1392,-440,1,6295.0,6117.0,-1287.0,-751.0,-411.0,-321.0
6284,-1026,-165,1,6203.0,6295.0,-1392.0,-1287.0,-440.0,-411.0
6227,335,452,1,6284.0,6203.0,-1026.0,-1392.0,-165.0,-440.0
5635,377,449,1,6227.0,6284.0,335.0,-1026.0,452.0,-165.0
5479,-117,539,1,5635.0,6227.0,377.0,335.0,449.0,452.0
5046,-436,128,1,5479.0,5635.0,-117.0,377.0,539.0,449.0
4537,-1447,-170,1,5046.0,5479.0,-436.0,-117.0,128.0,539.0
4369,-2493,-343,1,4537.0,5046.0,-1447.0,-436.0,-170.0,128.0
4653,-3568,-840,1,4369.0,4537.0,-2493.0,-1447.0,-343.0,-170.0
4708,-2917,-641,1,4653.0,4369.0,-3568.0,-2493.0,-840.0,-343.0
4301,-1731,-247,1,4708.0,4653.0,-2917.0,-3568.0,-641.0,-840.0
3979,-884,-16,1,4301.0,4708.0,-1731.0,-2917.0,-247.0,-641.0
3752,-555,162,1,3979.0,4301.0,-884.0,-1731.0,-16.0,-247.0
3056,-1404,-320,1,3752.0,3979.0,-555.0,-884.0,162.0,-16.0
2890,-1718,-287,1,3056.0,3752.0,-1404.0,-555.0,-320.0,162.0
2977,-1005,6,1,2890.0,3056.0,-1718.0,-1404.0,-287.0,-320.0
2797,-182,144,1,2977.0,2890.0,-1005.0,-1718.0,6.0,-287.0
2591,-3,-26,1,2797.0,2977.0,-182.0,-1005.0,144.0,6.0
2408,-14,-102,1,2591.0,2797.0,-3.0,-182.0,-26.0,144.0
2275,-8,-110,1,2408.0,2591.0,-14.0,-3.0,-102.0,-26.0
2146,-65,-176,1,2275.0,2408.0,-8.0,-14.0,-110.0,-102.0
2021,79,-96,1,2146.0,2275.0,-65.0,-8.0,-176.0,-110.0
1935,161,70,1,2021.0,2146.0,79.0,-65.0,-96.0,-176.0
1775,246,227,1,1935.0,2021.0,161.0,79.0,70.0,-96.0
1655,339,348,1,1775.0,1935.0,246.0,161.0,227.0,70.0
1620,421,465,1,1655.0,1775.0,339.0,246.0,348.0,227.0
1671,487,626,1,1620.0,1655.0,421.0,339.0,465.0,348.0
1464,375,540,1,1671.0,1620.0,487.0,421.0,626.0,465.0
1440,523,562,1,1464.0,1671.0,375.0,487.0,540.0,626.0
1382,473,498,1,1440.0,1464.0,523.0,375.0,562.0,540.0
1056,378,298,1,1382.0,1440.0,473.0,523.0,498.0,562.0
835,414,199,1,1056.0,1382.0,378.0,473.0,298.0,498.0
608,492,121,1,835.0,1056.0,414.0,378.0,199.0,298.0
365,421,18,1,608.0,835.0,492.0,414.0,121.0,199.0
144,526,-64,1,365.0,608.0,421.0,492.0,18.0,121.0
-12,642,-148,1,144.0,365.0,526.0,421.0,-64.0,18.0
-132,664,-191,1,-12.0,144.0,642.0,526.0,-148.0,-64.0
-256,648,-193,1,-132.0,-12.0,664.0,642.0,-191.0,-148.0
-648,522,-339,1,-256.0,-132.0,648.0,664.0,-193.0,-191.0
-1036,467,-588,1,-648.0,-256.0,522.0,648.0,-339.0,-193.0
-1417,303,-956,1,-1036.0,-648.0,467.0,522.0,-588.0,-339.0
-1655,213,-1420,1,-1417.0,-1036.0,303.0,467.0,-956.0,-588.0
-1763,78,-1922,1,-1655.0,-1417.0,213.0,303.0,-1420.0,-956.0
-1571,-211,-2434,1,-1763.0,-1655.0,78.0,213.0,-1922.0,-1420.0
-1322,-583,-3031,1,-1571.0,-1763.0,-211.0,78.0,-2434.0,-1922.0
-928,-869,-3570,1,-1322.0,-1571.0,-583.0,-211.0,-3031.0,-2434.0
-268,-1122,-3992,1,-928.0,-1322.0,-869.0,-583.0,-3570.0,-3031.0
603,-986,-4298,1,-268.0,-928.0,-1122.0,-869.0,-3992.0,-3570.0
1080,27,-5038,1,603.0,-268.0,-986.0,-1122.0,-4298.0,-3992.0
1966,-564,-5180,1,1080.0,603.0,27.0,-986.0,-5038.0,-4298.0
3027,-1354,-5245,1,1966.0,1080.0,-564.0,27.0,-5180.0,-5038.0
4329,-2054,-5013,1,3027.0,1966.0,-1354.0,-564.0,-5245.0,-5180.0
6208,-2092,-4239,1,4329.0,3027.0,-2054.0,-1354.0,-5013.0,-5245.0
7450,-1122,-3720,1,6208.0,4329.0,-2092.0,-2054.0,-4239.0,-5013.0
8879,-154,-3053,1,7450.0,6208.0,-1122.0,-2092.0,-3720.0,-4239.0
10435,1507,-2153,1,8879.0,7450.0,-154.0,-1122.0,-3053.0,-3720.0
11538,2396,-1381,1,10435.0,8879.0,1507.0,-154.0,-2153.0,-3053.0
11935,1627,-1189,1,11538.0,10435.0,2396.0,1507.0,-1381.0,-2153.0
12386,125,-1375,1,11935.0,11538.0,1627.0,2396.0,-1189.0,-1381.0
12528,-1015,-2232,1,12386.0,11935.0,125.0,1627.0,-1375.0,-1189.0
11715,-1366,-3110,1,12528.0,12386.0,-1015.0,125.0,-2232.0,-1375.0
10356,-1070,-2841,1,11715.0,12528.0,-1366.0,-1015.0,-3110.0,-2232.0
9288,-311,-2215,1,10356.0,11715.0,-1070.0,-1366.0,-2841.0,-3110.0
8914,-913,-1634,1,9288.0,10356.0,-311.0,-1070.0,-2215.0,-2841.0
7984,-718,-1337,1,8914.0,9288.0,-913.0,-311.0,-1634.0,-2215.0
7469,-840,-831,1,7984.0,8914.0,-718.0,-913.0,-1337.0,-1634.0
7083,-515,-562,1,7469.0,7984.0,-840.0,-718.0,-831.0,-1337.0
6944,-885,-288,1,7083.0,7469.0,-515.0,-840.0,-562.0,-831.0
6259,-602,-439,1,6944.0,7083.0,-885.0,-515.0,-288.0,-562.0
5519,-380,-617,1,6259.0,6944.0,-602.0,-885.0,-439.0,-288.0
5714,-740,-343,1,5519.0,6259.0,-380.0,-602.0,-617.0,-439.0
5621,434,307,1,5714.0,5519.0,-740.0,-380.0,-343.0,-617.0
5097,-48,-15,1,5621.0,5714.0,434.0,-740.0,307.0,-343.0
5528,-584,17,1,5097.0,5621.0,-48.0,434.0,-15.0,307.0
5766,-1222,24,1,5528.0,5097.0,-584.0,-48.0,17.0,-15.0
5505,-1576,-173,1,5766.0,5528.0,-1222.0,-584.0,24.0,17.0
5236,-1578,-147,1,5505.0,5766.0,-1576.0,-1222.0,-173.0,24.0
5202,-1341,-3,1,5236.0,5505.0,-1578.0,-1576.0,-147.0,-173.0
5292,-294,335,1,5202.0,5236.0,-1341.0,-1578.0,-3.0,-147.0
5320,402,401,1,5292.0,5202.0,-294.0,-1341.0,335.0,-3.0
5225,619,253,1,5320.0,5292.0,402.0,-294.0,401.0,335.0
5334,701,136,1,5225.0,5320.0,619.0,402.0,253.0,401.0
5230,548,-18,1,5334.0,5225.0,701.0,619.0,136.0,253.0
4895,518,-167,1,5230.0,5334.0,548.0,701.0,-18.0,136.0
4992,676,-71,1,4895.0,5230.0,518.0,548.0,-167.0,-18.0
4898,681,-221,1,4992.0,4895.0,676.0,518.0,-71.0,-167.0
4553,637,-334,1,4898.0,4992.0,681.0,676.0,-221.0,-71.0
4627,840,-141,1,4553.0,4898.0,637.0,681.0,-334.0,-221.0
4375,982,-211,1,4627.0,4553.0,840.0,637.0,-141.0,-334.0
4099,1023,-335,1,4375.0,4627.0,982.0,840.0,-211.0,-141.0
4276,1312,-118,1,4099.0,4375.0,1023.0,982.0,-335.0,-211.0
4057,1307,-227,1,4276.0,4099.0,1312.0,1023.0,-118.0,-335.0
3896,1304,-304,1,4057.0,4276.0,1307.0,1312.0,-227.0,-118.0
4039,1453,-194,1,3896.0,4057.0,1304.0,1307.0,-304.0,-227.0
3931,1557,-252,1,4039.0,3896.0,1453.0,1304.0,-194.0,-304.0
4019,1687,-79,1,3931.0,4039.0,1557.0,1453.0,-252.0,-194.0
4058,1824,67,1,4019.0,3931.0,1687.0,1557.0,-79.0,-252.0
4099,1750,41,1,4058.0,4019.0,1824.0,1687.0,67.0,-79.0
4015,1116,-287,1,4099.0,4058.0,1750.0,1824.0,41.0,67.0
3898,747,-353,1,4015.0,4099.0,1116.0,1750.0,-287.0,41.0
3787,395,-508,1,3898.0,4015.0,747.0,1116.0,-353.0,-287.0
3719,361,-595,1,3787.0,3898.0,395.0,747.0,-508.0,-353.0
3570,188,-701,1,3719.0,3787.0,361.0,395.0,-595.0,-508.0
3327,17,-885,1,3570.0,3719.0,188.0,361.0,-701.0,-595.0
2963,-256,-1032,1,3327.0,3570.0,17.0,188.0,-885.0,-701.0
2613,-347,-1103,1,2963.0,3327.0,-256.0,17.0,-1032.0,-885.0
2366,-436,-1064,1,2613.0,2963.0,-347.0,-256.0,-1103.0,-1032.0
2036,-493,-1031,1,2366.0,2613.0,-436.0,-347.0,-1064.0,-1103.0
1570,-548,-1056,1,2036.0,2366.0,-493.0,-436.0,-1031.0,-1064.0
1130,-515,-1031,1,1570.0,2036.0,-548.0,-493.0,-1056.0,-1031.0
776,-540,-953,1,1130.0,1570.0,-515.0,-548.0,-1031.0,-1056.0
451,-608,-868,1,776.0,1130.0,-540.0,-515.0,-953.0,-1031.0
195,-677,-821,1,451.0,776.0,-608.0,-540.0,-868.0,-953.0
-7,-650,-798,1,195.0,451.0,-677.0,-608.0,-821.0,-868.0
-179,-722,-822,1,-7.0,195.0,-650.0,-677.0,-798.0,-821.0
-386,-741,-765,1,-179.0,-7.0,-722.0,-650.0,-822.0,-798.0
-546,-840,-690,1,-386.0,-179.0,-741.0,-722.0,-765.0,-822.0
-716,-867,-664,1,-546.0,-386.0,-840.0,-741.0,-690.0,-765.0
-747,-1003,-731,1,-716.0,-546.0,-867.0,-840.0,-664.0,-690.0
-710,-1227,-905,1,-747.0,-716.0,-1003.0,-867.0,-731.0,-664.0
-626,-1428,-1174,1,-710.0,-747.0,-1227.0,-1003.0,-905.0,-731.0
-626,-1232,-1370,1,-626.0,-710.0,-1428.0,-1227.0,-1174.0,-905.0
-602,-1188,-1711,1,-626.0,-626.0,-1232.0,-1428.0,-1370.0,-1174.0
-569,-1179,-2096,1,-602.0,-626.0,-1188.0,-1232.0,-1711.0,-1370.0
-447,-1206,-2534,1,-569.0,-602.0,-1179.0,-1188.0,-2096.0,-1711.0
-363,-1153,-2911,1,-447.0,-569.0,-1206.0,-1179.0,-2534.0,-2096.0
-258,-1064,-3217,1,-363.0,-447.0,-1153.0,-1206.0,-2911.0,-2534.0
196,-1081,-3386,1,-258.0,-363.0,-1064.0,-1153.0,-3217.0,-2911.0
830,-1425,-3673,1,196.0,-258.0,-1081.0,-1064.0,-3386.0,-3217.0
1277,-1297,-3935,1,830.0,196.0,-1425.0,-1081.0,-3673.0,-3386.0
1835,-1237,-3883,1,1277.0,830.0,-1297.0,-1425.0,-3935.0,-3673.0
2370,-1278,-3850,1,1835.0,1277.0,-1237.0,-1297.0,-3883.0,-3935.0
2924,-1050,-3615,1,2370.0,1835.0,-1278.0,-1237.0,-3850.0,-3883.0
3535,-903,-3296,1,2924.0,2370.0,-1050.0,-1278.0,-3615.0,-3850.0
4501,-960,-2793,1,3535.0,2924.0,-903.0,-1050.0,-3296.0,-3615.0
5656,-1230,-2354,1,4501.0,3535.0,-960.0,-903.0,-2793.0,-3296.0
6810,-1793,-2151,1,5656.0,4501.0,-1230.0,-960.0,-2354.0,-2793.0
7885,-2196,-2220,1,6810.0,5656.0,-1793.0,-1230.0,-2151.0,-2354.0
8961,-1977,-1925,1,7885.0,6810.0,-2196.0,-1793.0,-2220.0,-2151.0
9498,-1971,-1765,1,8961.0,7885.0,-1977.0,-2196.0,-1925.0,-2220.0
9571,-1848,-1692,1,9498.0,8961.0,-1971.0,-1977.0,-1765.0,-1925.0
9562,-1169,-1078,1,9571.0,9498.0,-1848.0,-1971.0,-1692.0,-1765.0
9173,-355,-396,1,9562.0,9571.0,-1169.0,-1848.0,-1078.0,-1692.0
8727,-104,62,1,9173.0,9562.0,-355.0,-1169.0,-396.0,-1078.0
8505,-356,380,1,8727.0,9173.0,-104.0,-355.0,62.0,-396.0
8016,218,688,1,8505.0,8727.0,-356.0,-104.0,380.0,62.0
7700,402,880,1,8016.0,8505.0,218.0,-356.0,688.0,380.0
7466,740,673,1,7700.0,8016.0,402.0,218.0,880.0,688.0
7277,403,209,1,7466.0,7700.0,740.0,402.0,673.0,880.0
7123,696,-114,1,7277.0,7466.0,403.0,740.0,209.0,673.0
6903,99,-1023,1,7123.0,7277.0,696.0,403.0,-114.0,209.0
6679,-22,-1645,1,6903.0,7123.0,99.0,696.0,-1023.0,-114.0
6514,-18,-2029,1,6679.0,6903.0,-22.0,99.0,-1645.0,-1023.0
6234,-391,-2528,1,6514.0,6679.0,-18.0,-22.0,-2029.0,-1645.0
5891,-225,-2712,1,6234.0,6514.0,-391.0,-18.0,-2528.0,-2029.0
5818,26,-2394,1,5891.0,6234.0,-225.0,-391.0,-2712.0,-2528.0
5760,-159,-2218,1,5818.0,5891.0,26.0,-225.0,-2394.0,-2712.0
5620,-172,-1921,1,5760.0,5818.0,-159.0,26.0,-2218.0,-2394.0
5715,-6,-1517,1,5620.0,5760.0,-172.0,-159.0,-1921.0,-2218.0
5757,-18,-1180,1,5715.0,5620.0,-6.0,-172.0,-1517.0,-1921.0
5735,-192,-1102,1,5757.0,5715.0,-18.0,-6.0,-1180.0,-1517.0
5628,-15,-906,1,5735.0,5757.0,-192.0,-18.0,-1102.0,-1180.0
5562,534,-496,1,5628.0,5735.0,-15.0,-192.0,-906.0,-1102.0
5492,520,-265,1,5562.0,5628.0,534.0,-15.0,-496.0,-906.0
5481,581,144,1,5492.0,5562.0,520.0,534.0,-265.0,-496.0
5500,355,302,1,5481.0,5492.0,581.0,520.0,144.0,-265.0
5474,202,276,1,5500.0,5481.0,355.0,581.0,302.0,144.0
5427,-196,161,1,5474.0,5500.0,202.0,355.0,276.0,302.0
5242,-1176,-341,1,5427.0,5474.0,-196.0,202.0,161.0,276.0
5199,-910,-133,1,5242.0,5427.0,-1176.0,-196.0,-341.0,161.0
5259,-1437,-177,1,5199.0,5242.0,-910.0,-1176.0,-133.0,-341.0
5099,-1633,-117,1,5259.0,5199.0,-1437.0,-910.0,-177.0,-133.0
4804,-1538,-79,1,5099.0,5259.0,-1633.0,-1437.0,-117.0,-177.0
4433,-1403,-134,1,4804.0,5099.0,-1538.0,-1633.0,-79.0,-117.0
4342,-1091,22,1,4433.0,4804.0,-1403.0,-1538.0,-134.0,-79.0
4239,-739,287,1,4342.0,4433.0,-1091.0,-1403.0,22.0,-134.0
3936,420,693,1,4239.0,4342.0,-739.0,-1091.0,287.0,22.0
3759,210,593,1,3936.0,4239.0,420.0,-739.0,693.0,287.0
3815,-578,501,1,3759.0,3936.0,210.0,420.0,593.0,693.0
3757,-608,629,1,3815.0,3759.0,-578.0,210.0,501.0,593.0
3291,-620,359,1,3757.0,3815.0,-608.0,-578.0,629.0,501.0
3017,-1065,154,1,3291.0,3757.0,-620.0,-608.0,359.0,629.0
2888,-2288,-110,1,3017.0,3291.0,-1065.0,-620.0,154.0,359.0
2851,-3109,-648,1,2888.0,3017.0,-2288.0,-1065.0,-110.0,154.0
2819,-2391,-590,1,2851.0,2888.0,-3109.0,-2288.0,-648.0,-110.0
2665,-1146,-409,1,2819.0,2851.0,-2391.0,-3109.0,-590.0,-648.0
2515,-79,-92,1,2665.0,2819.0,-1146.0,-2391.0,-409.0,-590.0
2435,375,49,1,2515.0,2665.0,-79.0,-1146.0,-92.0,-409.0
2373,652,193,1,2435.0,2515.0,375.0,-79.0,49.0,-92.0
2327,843,281,1,2373.0,2435.0,652.0,375.0,193.0,49.0
1900,810,183,1,2327.0,2373.0,843.0,652.0,281.0,193.0
1127,445,-111,1,1900.0,2327.0,810.0,843.0,183.0,281.0
953,732,5,1,1127.0,1900.0,445.0,810.0,-111.0,183.0
997,338,580,1,953.0,1127.0,732.0,445.0,5.0,-111.0
775,412,588,1,997.0,953.0,338.0,732.0,580.0,5.0
646,564,586,1,775.0,997.0,412.0,338.0,588.0,580.0
385,450,339,1,646.0,775.0,564.0,412.0,586.0,588.0
415,664,331,1,385.0,646.0,450.0,564.0,339.0,586.0
413,772,260,1,415.0,385.0,664.0,450.0,331.0,339.0
194,720,25,1,413.0,415.0,772.0,664.0,260.0,331.0
-99,709,-204,1,194.0,413.0,720.0,772.0,25.0,260.0
-274,832,-311,1,-99.0,194.0,709.0,720.0,-204.0,25.0
-368,886,-407,1,-274.0,-99.0,832.0,709.0,-311.0,-204.0
-518,893,-602,1,-368.0,-274.0,886.0,832.0,-407.0,-311.0
-589,689,-876,1,-518.0,-368.0,893.0,886.0,-602.0,-407.0
-824,401,-1304,1,-589.0,-518.0,689.0,893.0,-876.0,-602.0
-849,344,-1609,1,-824.0,-589.0,401.0,689.0,-1304.0,-876.0
-751,250,-1826,1,-849.0,-824.0,344.0,401.0,-1609.0,-1304.0
-679,119,-2128,1,-751.0,-849.0,250.0,344.0,-1826.0,-1609.0
-379,-266,-2578,1,-679.0,-751.0,119.0,250.0,-2128.0,-1826.0
15,-770,-3131,1,-379.0,-679.0,-266.0,119.0,-2578.0,-2128.0
767,-1064,-3580,1,15.0,-379.0,-770.0,-266.0,-3131.0,-2578.0
1755,-1099,-3873,1,767.0,15.0,-1064.0,-770.0,-3580.0,-3131.0
2619,-1201,-4152,1,1755.0,767.0,-1099.0,-1064.0,-3873.0,-3580.0
3483,-1303,-4413,1,2619.0,1755.0,-1201.0,-1099.0,-4152.0,-3873.0
4248,-1534,-4801,1,3483.0,2619.0,-1303.0,-1201.0,-4413.0,-4152.0
5110,-1706,-4953,1,4248.0,3483.0,-1534.0,-1303.0,-4801.0,-4413.0
6319,-1402,-4563,1,5110.0,4248.0,-1706.0,-1534.0,-4953.0,-4801.0
7254,-339,-4185,1,6319.0,5110.0,-1402.0,-1706.0,-4563.0,-4953.0
8085,794,-3818,1,7254.0,6319.0,-339.0,-1402.0,-4185.0,-4563.0
9613,1462,-2867,1,8085.0,7254.0,794.0,-339.0,-3818.0,-4185.0
11041,1525,-2187,1,9613.0,8085.0,1462.0,794.0,-2867.0,-3818.0
11560,1038,-1752,1,11041.0,9613.0,1525.0,1462.0,-2187.0,-2867.0
10979,806,-2162,1,11560.0,11041.0,1038.0,1525.0,-1752.0,-2187.0
10386,182,-2612,1,10979.0,11560.0,806.0,1038.0,-2162.0,-1752.0
9837,336,-2449,1,10386.0,10979.0,182.0,806.0,-2612.0,-2162.0
9452,140,-1923,1,9837.0,10386.0,336.0,182.0,-2449.0,-2612.0
8463,310,-1547,1,9452.0,9837.0,140.0,336.0,-1923.0,-2449.0
8515,79,-842,1,8463.0,9452.0,310.0,140.0,-1547.0,-1923.0
7770,239,-935,1,8515.0,8463.0,79.0,310.0,-842.0,-1547.0
7045,264,-689,1,7770.0,8515.0,239.0,79.0,-935.0,-842.0
6810,-604,-676,1,7045.0,7770.0,264.0,239.0,-689.0,-935.0
6164,-241,-766,1,6810.0,7045.0,-604.0,264.0,-676.0,-689.0
5634,-64,-678,1,6164.0,6810.0,-241.0,-604.0,-766.0,-676.0
5453,-486,-1215,1,5634.0,6164.0,-64.0,-241.0,-678.0,-766.0
4846,-16,-968,1,5453.0,5634.0,-486.0,-64.0,-1215.0,-678.0
4524,444,-759,1,4846.0,5453.0,-16.0,-486.0,-968.0,-1215.0
4719,312,-395,1,4524.0,4846.0,444.0,-16.0,-759.0,-968.0
5006,-310,-291,1,4719.0,4524.0,312.0,444.0,-395.0,-759.0
5382,-1350,-381,1,5006.0,4719.0,-310.0,312.0,-291.0,-395.0
5467,-1705,-459,1,5382.0,5006.0,-1350.0,-310.0,-381.0,-291.0
5554,-1863,-320,1,5467.0,5382.0,-1705.0,-1350.0,-459.0,-381.0
5467,-1707,-351,1,5554.0,5467.0,-1863.0,-1705.0,-320.0,-459.0
5206,-1794,-587,1,5467.0,5554.0,-1707.0,-1863.0,-351.0,-320.0
4990,-974,-296,1,5206.0,5467.0,-1794.0,-1707.0,-587.0,-351.0
5086,-962,-241,1,4990.0,5206.0,-974.0,-1794.0,-296.0,-587.0
5243,-326,58,1,5086.0,4990.0,-962.0,-974.0,-241.0,-296.0
5162,-129,-118,1,5243.0,5086.0,-326.0,-962.0,58.0,-241.0
5112,43,-233,1,5162.0,5243.0,-129.0,-326.0,-118.0,58.0
4877,87,-447,1,5112.0,5162.0,43.0,-129.0,-233.0,-118.0
5010,-252,-392,1,4877.0,5112.0,87.0,43.0,-447.0,-233.0
4819,-237,-457,1,5010.0,4877.0,-252.0,87.0,-392.0,-447.0
4832,-105,-323,1,4819.0,5010.0,-237.0,-252.0,-457.0,-392.0
4737,-25,-334,1,4832.0,4819.0,-105.0,-237.0,-323.0,-457.0
4788,283,-386,1,4737.0,4832.0,-25.0,-105.0,-334.0,-323.0
4791,344,-203,1,4788.0,4737.0,283.0,-25.0,-386.0,-334.0
4735,504,-155,1,4791.0,4788.0,344.0,283.0,-203.0,-386.0
4849,711,5,1,4735.0,4791.0,504.0,344.0,-155.0,-203.0
4842,956,-115,1,4849.0,4735.0,711.0,504.0,5.0,-155.0
4688,1068,-20,1,4842.0,4849.0,956.0,711.0,-115.0,5.0
4657,881,-56,1,4688.0,4842.0,1068.0,956.0,-20.0,-115.0
4394,775,-145,1,4657.0,4688.0,881.0,1068.0,-56.0,-20.0
4366,1111,-149,1,4394.0,4657.0,775.0,881.0,-145.0,-56.0
4316,1650,-30,1,4366.0,4394.0,1111.0,775.0,-149.0,-145.0
4278,1414,-207,1,4316.0,4366.0,1650.0,1111.0,-30.0,-149.0
4228,1297,-333,1,4278.0,4316.0,1414.0,1650.0,-207.0,-30.0
4062,909,-650,1,4228.0,4278.0,1297.0,1414.0,-333.0,-207.0
3753,796,-852,1,4062.0,4228.0,909.0,1297.0,-650.0,-333.0
3452,946,-845,1,3753.0,4062.0,796.0,909.0,-852.0,-650.0
3312,626,-818,1,3452.0,3753.0,946.0,796.0,-845.0,-852.0
3125,389,-876,1,3312.0,3452.0,626.0,946.0,-818.0,-845.0
2922,220,-820,1,3125.0,3312.0,389.0,626.0,-876.0,-818.0
2637,20,-822,1,2922.0,3125.0,220.0,389.0,-820.0,-876.0
2338,-115,-763,1,2637.0,2922.0,20.0,220.0,-822.0,-820.0
2085,-301,-751,1,2338.0,2637.0,-115.0,20.0,-763.0,-822.0
1813,-231,-647,1,2085.0,2338.0,-301.0,-115.0,-751.0,-763.0
1571,-109,-551,1,1813.0,2085.0,-231.0,-301.0,-647.0,-751.0
1268,-54,-550,1,1571.0,1813.0,-109.0,-231.0,-551.0,-647.0
979,72,-471,1,1268.0,1571.0,-54.0,-109.0,-550.0,-551.0
734,36,-497,1,979.0,1268.0,72.0,-54.0,-471.0,-550.0
508,38,-521,1,734.0,979.0,36.0,72.0,-497.0,-471.0
255,-28,-592,1,508.0,734.0,38.0,36.0,-521.0,-497.0
21,-120,-609,1,255.0,508.0,-28.0,38.0,-592.0,-521.0
-208,-308,-686,1,21.0,255.0,-120.0,-28.0,-609.0,-592.0
-423,-449,-778,1,-208.0,21.0,-308.0,-120.0,-686.0,-609.0
-568,-609,-844,1,-423.0,-208.0,-449.0,-308.0,-778.0,-686.0
-690,-761,-905,1,-568.0,-423.0,-609.0,-449.0,-844.0,-778.0
-771,-871,-920,1,-690.0,-568.0,-761.0,-609.0,-905.0,-844.0
-834,-954,-935,1,-771.0,-690.0,-871.0,-761.0,-920.0,-905.0
-869,-992,-937,1,-834.0,-771.0,-954.0,-871.0,-935.0,-920.0
-837,-983,-1003,1,-869.0,-834.0,-992.0,-954.0,-937.0,-935.0
-710,-974,-1221,1,-837.0,-869.0,-983.0,-992.0,-1003.0,-937.0
-577,-1015,-1521,1,-710.0,-837.0,-974.0,-983.0,-1221.0,-1003.0
-710,-1029,-1726,1,-577.0,-710.0,-1015.0,-974.0,-1521.0,-1221.0
-934,-1131,-2163,1,-710.0,-577.0,-1029.0,-1015.0,-1726.0,-1521.0
-1025,-1283,-2710,1,-934.0,-710.0,-1131.0,-1029.0,-2163.0,-1726.0
-908,-1249,-3259,1,-1025.0,-934.0,-1283.0,-1131.0,-2710.0,-2163.0
-672,-1454,-3446,1,-908.0,-1025.0,-1249.0,-1283.0,-3259.0,-2710.0
-113,-1821,-3489,1,-672.0,-908.0,-1454.0,-1249.0,-3446.0,-3259.0
526,-1926,-3555,1,-113.0,-672.0,-1821.0,-1454.0,-3489.0,-3446.0
1192,-2021,-3746,1,526.0,-113.0,-1926.0,-1821.0,-3555.0,-3489.0
1921,-1886,-3729,1,1192.0,526.0,-2021.0,-1926.0,-3746.0,-3555.0
2822,-1655,-3437,1,1921.0,1192.0,-1886.0,-2021.0,-3729.0,-3746.0
3882,-1547,-3032,1,2822.0,1921.0,-1655.0,-1886.0,-3437.0,-3729.0
4864,-1435,-2517,1,3882.0,2822.0,-1547.0,-1655.0,-3032.0,-3437.0
5897,-1694,-2078,1,4864.0,3882.0,-1435.0,-1547.0,-2517.0,-3032.0
7079,-1996,-1693,1,5897.0,4864.0,-1694.0,-1435.0,-2078.0,-2517.0
8236,-2283,-1591,1,7079.0,5897.0,-1996.0,-1694.0,-1693.0,-2078.0
9300,-2439,-1576,1,8236.0,7079.0,-2283.0,-1996.0,-1591.0,-1693.0
10094,-2445,-1468,1,9300.0,8236.0,-2439.0,-2283.0,-1576.0,-1591.0
10217,-2062,-1347,1,10094.0,9300.0,-2445.0,-2439.0,-1468.0,-1576.0
10204,-951,-1108,1,10217.0,10094.0,-2062.0,-2445.0,-1347.0,-1468.0
10195,218,-626,1,10204.0,10217.0,-951.0,-2062.0,-1108.0,-1347.0
10059,940,-432,1,10195.0,10204.0,218.0,-951.0,-626.0,-1108.0
9889,1312,-155,1,10059.0,10195.0,940.0,218.0,-432.0,-626.0
9452,944,-210,1,9889.0,10059.0,1312.0,940.0,-155.0,-432.0
9246,568,-72,1,9452.0,9889.0,944.0,1312.0,-210.0,-155.0
8610,459,-119,1,9246.0,9452.0,568.0,944.0,-72.0,-210.0
7960,328,-374,1,8610.0,9246.0,459.0,568.0,-119.0,-72.0
7306,361,-683,1,7960.0,8610.0,328.0,459.0,-374.0,-119.0
6835,447,-903,1,7306.0,7960.0,361.0,328.0,-683.0,-374.0
6198,193,-1436,1,6835.0,7306.0,447.0,361.0,-903.0,-683.0
5710,354,-1567,1,6198.0,6835.0,193.0,447.0,-1436.0,-903.0
5427,360,-1805,1,5710.0,6198.0,354.0,193.0,-1567.0,-1436.0
5073,647,-1870,1,5427.0,5710.0,360.0,354.0,-1805.0,-1567.0
4990,464,-1908,1,5073.0,5427.0,647.0,360.0,-1870.0,-1805.0
4816,585,-1572,1,4990.0,5073.0,464.0,647.0,-1908.0,-1870.0
4768,878,-1427,1,4816.0,4990.0,585.0,464.0,-1572.0,-1908.0
4855,933,-1275,1,4768.0,4816.0,878.0,585.0,-1427.0,-1572.0
4975,729,-971,1,4855.0,4768.0,933.0,878.0,-1275.0,-1427.0
4880,653,-839,1,4975.0,4855.0,729.0,933.0,-971.0,-1275.0
4810,618,-775,1,4880.0,4975.0,653.0,729.0,-839.0,-971.0
4959,520,-453,1,4810.0,4880.0,618.0,653.0,-775.0,-839.0
5009,149,-587,1,4959.0,4810.0,520.0,618.0,-453.0,-775.0
5088,-307,-589,1,5009.0,4959.0,149.0,520.0,-587.0,-453.0
5111,-261,-212,1,5088.0,5009.0,-307.0,149.0,-589.0,-587.0
5225,-374,-67,1,5111.0,5088.0,-261.0,-307.0,-212.0,-589.0
5581,-848,103,1,5225.0,5111.0,-374.0,-261.0,-67.0,-212.0
5797,-1482,28,1,5581.0,5225.0,-848.0,-374.0,103.0,-67.0
5846,-1231,61,1,5797.0,5581.0,-1482.0,-848.0,28.0,103.0
6301,-1303,108,1,5846.0,5797.0,-1231.0,-1482.0,61.0,28.0
5986,-741,406,1,6301.0,5846.0,-1303.0,-1231.0,108.0,61.0
5697,-750,139,1,5986.0,6301.0,-741.0,-1303.0,406.0,108.0
5500,-1013,-169,1,5697.0,5986.0,-750.0,-741.0,139.0,406.0
5127,-1912,-502,1,5500.0,5697.0,-1013.0,-750.0,-169.0,139.0
4968,-1640,-233,1,5127.0,5500.0,-1912.0,-1013.0,-502.0,-169.0
5380,-3704,-756,1,4968.0,5127.0,-1640.0,-1912.0,-233.0,-502.0
5506,-3544,-613,1,5380.0,4968.0,-3704.0,-1640.0,-756.0,-233.0
5133,-2668,-571,1,5506.0,5380.0,-3544.0,-3704.0,-613.0,-756.0
4605,-1527,-372,1,5133.0,5506.0,-2668.0,-3544.0,-571.0,-613.0
4207,-1088,-309,1,4605.0,5133.0,-1527.0,-2668.0,-372.0,-571.0
3843,-1178,-346,1,4207.0,4605.0,-1088.0,-1527.0,-309.0,-372.0
3810,-1606,-270,1,3843.0,4207.0,-1178.0,-1088.0,-346.0,-309.0
3792,-1457,-138,1,3810.0,3843.0,-1606.0,-1178.0,-270.0,-346.0
3495,-716,-64,1,3792.0,3810.0,-1457.0,-1606.0,-138.0,-270.0
3144,-253,-139,1,3495.0,3792.0,-716.0,-1457.0,-64.0,-138.0
2832,-134,-243,1,3144.0,3495.0,-253.0,-716.0,-139.0,-64.0
2575,-97,-338,1,2832.0,3144.0,-134.0,-253.0,-243.0,-139.0
2360,-48,-369,1,2575.0,2832.0,-97.0,-134.0,-338.0,-243.0
2235,227,-290,1,2360.0,2575.0,-48.0,-97.0,-369.0,-338.0
2143,618,-126,1,2235.0,2360.0,227.0,-48.0,-290.0,-369.0
2226,913,23,1,2143.0,2235.0,618.0,227.0,-126.0,-290.0
2165,1699,-90,1,2226.0,2143.0,913.0,618.0,23.0,-126.0
2042,522,-319,1,2165.0,2226.0,1699.0,913.0,-90.0,23.0
2327,485,187,1,2042.0,2165.0,522.0,1699.0,-319.0,-90.0
2127,266,169,1,2327.0,2042.0,485.0,522.0,187.0,-319.0
2455,854,735,1,2127.0,2327.0,266.0,485.0,169.0,187.0
1785,426,258,1,2455.0,2127.0,854.0,266.0,735.0,169.0
1976,749,681,1,1785.0,2455.0,426.0,854.0,258.0,735.0
1486,921,284,1,1976.0,1785.0,749.0,426.0,681.0,258.0
1299,984,193,1,1486.0,1976.0,921.0,749.0,284.0,681.0
816,775,-86,1,1299.0,1486.0,984.0,921.0,193.0,284.0
344,344,-179,1,816.0,1299.0,775.0,984.0,-86.0,193.0
294,240,149,1,344.0,816.0,344.0,775.0,-179.0,-86.0
294,718,541,1,294.0,344.0,240.0,344.0,149.0,-179.0
193,1136,635,1,294.0,294.0,718.0,240.0,541.0,149.0
464,2163,837,1,193.0,294.0,1136.0,718.0,635.0,541.0
127,2999,468,1,464.0,193.0,2163.0,1136.0,837.0,635.0
-176,2673,266,1,127.0,464.0,2999.0,2163.0,468.0,837.0
-800,1892,-396,1,-176.0,127.0,2673.0,2999.0,266.0,468.0
-1299,1275,-1119,1,-800.0,-176.0,1892.0,2673.0,-396.0,266.0
-1807,-148,-1887,1,-1299.0,-800.0,1275.0,1892.0,-1119.0,-396.0
-2069,-994,-2740,1,-1807.0,-1299.0,-148.0,1275.0,-1887.0,-1119.0
-2140,-2692,-3929,1,-2069.0,-1807.0,-994.0,-148.0,-2740.0,-1887.0
-2021,-3550,-5129,1,-2140.0,-2069.0,-2692.0,-994.0,-3929.0,-2740.0
-1668,-3261,-5548,1,-2021.0,-2140.0,-3550.0,-2692.0,-5129.0,-3929.0
-1353,-3294,-6202,1,-1668.0,-2021.0,-3261.0,-3550.0,-5548.0,-5129.0
-273,-2453,-6150,1,-1353.0,-1668.0,-3294.0,-3261.0,-6202.0,-5548.0
1080,-1504,-5861,1,-273.0,-1353.0,-2453.0,-3294.0,-6150.0,-6202.0
2390,-1083,-5355,1,1080.0,-273.0,-1504.0,-2453.0,-5861.0,-6150.0
3792,-896,-4495,1,2390.0,1080.0,-1083.0,-1504.0,-5355.0,-5861.0
5251,-932,-3405,1,3792.0,2390.0,-896.0,-1083.0,-4495.0,-5355.0
6902,-514,-2203,1,5251.0,3792.0,-932.0,-896.0,-3405.0,-4495.0
8351,-74,-1339,1,6902.0,5251.0,-514.0,-932.0,-2203.0,-3405.0
10296,638,-34,1,8351.0,6902.0,-74.0,-514.0,-1339.0,-2203.0
11985,797,871,1,10296.0,8351.0,638.0,-74.0,-34.0,-1339.0
12794,174,948,1,11985.0,10296.0,797.0,638.0,871.0,-34.0
12898,-781,51,1,12794.0,11985.0,174.0,797.0,948.0,871.0
11747,-2101,-2187,1,12898.0,12794.0,-781.0,174.0,51.0,948.0
10066,-2532,-4125,1,11747.0,12898.0,-2101.0,-781.0,-2187.0,51.0
8325,-1327,-4360,1,10066.0,11747.0,-2532.0,-2101.0,-4125.0,-2187.0
8396,503,-2972,1,8325.0,10066.0,-1327.0,-2532.0,-4360.0,-4125.0
10206,1616,-1421,1,8396.0,8325.0,503.0,-1327.0,-2972.0,-4360.0
6994,-79,-1946,1,10206.0,8396.0,1616.0,503.0,-1421.0,-2972.0
7569,2091,-204,1,6994.0,10206.0,-79.0,1616.0,-1946.0,-1421.0
7756,-837,-949,1,7569.0,6994.0,2091.0,-79.0,-204.0,-1946.0
5405,-186,-452,1,7756.0,7569.0,-837.0,2091.0,-949.0,-204.0
7050,-1066,-870,1,5405.0,7756.0,-186.0,-837.0,-452.0,-949.0
6928,-1662,-254,1,7050.0,5405.0,-1066.0,-186.0,-870.0,-452.0
6389,-1618,-499,1,6928.0,7050.0,-1662.0,-1066.0,-254.0,-870.0
6192,-1077,-253,1,6389.0,6928.0,-1618.0,-1662.0,-499.0,-254.0
5430,-1432,-509,1,6192.0,6389.0,-1077.0,-1618.0,-253.0,-499.0
4899,2532,1214,1,5430.0,6192.0,-1432.0,-1077.0,-509.0,-253.0
4164,2462,77,1,4899.0,5430.0,2532.0,-1432.0,1214.0,-509.0
4120,4254,849,1,4164.0,4899.0,2462.0,2532.0,77.0,1214.0
4673,541,-134,1,4120.0,4164.0,4254.0,2462.0,849.0,77.0
5447,-1312,-302,1,4673.0,4120.0,541.0,4254.0,-134.0,849.0
5400,-2476,-695,1,5447.0,4673.0,-1312.0,541.0,-302.0,-134.0
5295,-1900,-474,1,5400.0,5447.0,-2476.0,-1312.0,-695.0,-302.0
5172,-597,75,1,5295.0,5400.0,-1900.0,-2476.0,-474.0,-695.0
5196,487,330,1,5172.0,5295.0,-597.0,-1900.0,75.0,-474.0
5267,1290,506,1,5196.0,5172.0,487.0,-597.0,330.0,75.0
5381,1825,426,1,5267.0,5196.0,1290.0,487.0,506.0,330.0
5336,1873,231,1,5381.0,5267.0,1825.0,1290.0,426.0,506.0
5092,1726,-126,1,5336.0,5381.0,1873.0,1825.0,231.0,426.0
5150,1610,-371,1,5092.0,5336.0,1726.0,1873.0,-126.0,231.0
5114,1694,-385,1,5150.0,5092.0,1610.0,1726.0,-371.0,-126.0
4869,1520,-750,1,5114.0,5150.0,1694.0,1610.0,-385.0,-371.0
4976,1473,-783,1,4869.0,5114.0,1520.0,1694.0,-750.0,-385.0
4784,1310,-874,1,4976.0,4869.0,1473.0,1520.0,-783.0,-750.0
4755,1301,-781,1,4784.0,4976.0,1310.0,1473.0,-874.0,-783.0
4499,1310,-738,1,4755.0,4784.0,1301.0,1310.0,-781.0,-874.0
4827,1502,-330,1,4499.0,4755.0,1310.0,1301.0,-738.0,-781.0
4666,1317,-536,1,4827.0,4499.0,1502.0,1310.0,-330.0,-738.0
4623,1399,-458,1,4666.0,4827.0,1317.0,1502.0,-536.0,-330.0
4715,1321,-365,1,4623.0,4666.0,1399.0,1317.0,-458.0,-536.0
4781,1033,-357,1,4715.0,4623.0,1321.0,1399.0,-365.0,-458.0
4664,924,-408,1,4781.0,4715.0,1033.0,1321.0,-357.0,-365.0
4679,738,-518,1,4664.0,4781.0,924.0,1033.0,-408.0,-357.0
4447,408,-799,1,4679.0,4664.0,738.0,924.0,-518.0,-408.0
4257,178,-950,1,4447.0,4679.0,408.0,738.0,-799.0,-518.0
4028,-62,-1035,1,4257.0,4447.0,178.0,408.0,-950.0,-799.0
3720,-415,-1144,1,4028.0,4257.0,-62.0,178.0,-1035.0,-950.0
3257,-577,-1218,1,3720.0,4028.0,-415.0,-62.0,-1144.0,-1035.0
2958,-777,-1086,1,3257.0,3720.0,-577.0,-415.0,-1218.0,-1144.0
2680,-967,-960,1,2958.0,3257.0,-777.0,-577.0,-1086.0,-1218.0
2340,-953,-879,1,2680.0,2958.0,-967.0,-777.0,-960.0,-1086.0
1986,-872,-779,1,2340.0,2680.0,-953.0,-967.0,-879.0,-960.0
1720,-820,-687,1,1986.0,2340.0,-872.0,-953.0,-779.0,-879.0
1458,-810,-644,1,1720.0,1986.0,-820.0,-872.0,-687.0,-779.0
1141,-656,-620,1,1458.0,1720.0,-810.0,-820.0,-644.0,-687.0
790,-582,-618,1,1141.0,1458.0,-656.0,-810.0,-620.0,-644.0
431,-567,-599,1,790.0,1141.0,-582.0,-656.0,-618.0,-620.0
33,-593,-606,1,431.0,790.0,-567.0,-582.0,-599.0,-618.0
-395,-736,-655,1,33.0,431.0,-593.0,-567.0,-606.0,-599.0
-953,-738,-783,1,-395.0,33.0,-736.0,-593.0,-655.0,-606.0
-1269,-926,-841,1,-953.0,-395.0,-738.0,-736.0,-783.0,-655.0
-1671,-986,-902,1,-1269.0,-953.0,-926.0,-738.0,-841.0,-783.0
-1922,-1059,-910,1,-1671.0,-1269.0,-986.0,-926.0,-902.0,-841.0
-2106,-1008,-866,1,-1922.0,-1671.0,-1059.0,-986.0,-910.0,-902.0
-2269,-994,-942,1,-2106.0,-1922.0,-1008.0,-1059.0,-866.0,-910.0
-2367,-1012,-1154,1,-2269.0,-2106.0,-994.0,-1008.0,-942.0,-866.0
-2345,-994,-1438,1,-2367.0,-2269.0,-1012.0,-994.0,-1154.0,-942.0
-2127,-1058,-1918,1,-2345.0,-2367.0,-994.0,-1012.0,-1438.0,-1154.0
-1824,-1460,-2249,1,-2127.0,-2345.0,-1058.0,-994.0,-1918.0,-1438.0
-1505,-1893,-2684,1,-1824.0,-2127.0,-1460.0,-1058.0,-2249.0,-1918.0
-1240,-2165,-3052,1,-1505.0,-1824.0,-1893.0,-1460.0,-2684.0,-2249.0
-992,-2270,-3164,1,-1240.0,-1505.0,-2165.0,-1893.0,-3052.0,-2684.0
-626,-2139,-2971,1,-992.0,-1240.0,-2270.0,-2165.0,-3164.0,-3052.0
-156,-1796,-2641,1,-626.0,-992.0,-2139.0,-2270.0,-2971.0,-3164.0
513,-1400,-2302,1,-156.0,-626.0,-1796.0,-2139.0,-2641.0,-2971.0
1344,-1099,-2313,1,513.0,-156.0,-1400.0,-1796.0,-2302.0,-2641.0
2115,-1142,-2247,1,1344.0,513.0,-1099.0,-1400.0,-2313.0,-2302.0
3127,-1167,-1857,1,2115.0,1344.0,-1142.0,-1099.0,-2247.0,-2313.0
3917,-1173,-1556,1,3127.0,2115.0,-1167.0,-1142.0,-1857.0,-2247.0
4905,-1181,-1263,1,3917.0,3127.0,-1173.0,-1167.0,-1556.0,-1857.0
5806,-1450,-1257,1,4905.0,3917.0,-1181.0,-1173.0,-1263.0,-1556.0
6623,-1809,-1226,1,5806.0,4905.0,-1450.0,-1181.0,-1257.0,-1263.0
7850,-2195,-1231,1,6623.0,5806.0,-1809.0,-1450.0,-1226.0,-1257.0
8864,-2317,-1355,1,7850.0,6623.0,-2195.0,-1809.0,-1231.0,-1226.0
9757,-2129,-1115,1,8864.0,7850.0,-2317.0,-2195.0,-1355.0,-1231.0
10565,-1945,-1072,1,9757.0,8864.0,-2129.0,-2317.0,-1115.0,-1355.0
10689,-900,-971,1,10565.0,9757.0,-1945.0,-2129.0,-1072.0,-1115.0
9974,257,-962,1,10689.0,10565.0,-900.0,-1945.0,-971.0,-1072.0
9449,878,-802,1,9974.0,10689.0,257.0,-900.0,-962.0,-971.0
9152,1282,-482,1,9449.0,9974.0,878.0,257.0,-802.0,-962.0
8910,770,-396,1,9152.0,9449.0,1282.0,878.0,-482.0,-802.0
8358,342,-549,1,8910.0,9152.0,770.0,1282.0,-396.0,-482.0
8161,-80,-501,1,8358.0,8910.0,342.0,770.0,-549.0,-396.0
7617,-11,-461,1,8161.0,8358.0,-80.0,342.0,-501.0,-549.0
7373,-90,-547,1,7617.0,8161.0,-11.0,-80.0,-461.0,-501.0
6954,-235,-700,1,7373.0,7617.0,-90.0,-11.0,-547.0,-461.0
6698,31,-885,1,6954.0,7373.0,-235.0,-90.0,-700.0,-547.0
6587,-53,-943,1,6698.0,6954.0,31.0,-235.0,-885.0,-700.0
6290,127,-1070,1,6587.0,6698.0,-53.0,31.0,-943.0,-885.0
6254,31,-1069,1,6290.0,6587.0,127.0,-53.0,-1070.0,-943.0
6097,136,-1131,1,6254.0,6290.0,31.0,127.0,-1069.0,-1070.0
5893,64,-1074,1,6097.0,6254.0,136.0,31.0,-1131.0,-1069.0
5690,31,-1005,1,5893.0,6097.0,64.0,136.0,-1074.0,-1131.0
5616,63,-927,1,5690.0,5893.0,31.0,64.0,-1005.0,-1074.0
5682,-78,-757,1,5616.0,5690.0,63.0,31.0,-927.0,-1005.0
5553,-549,-958,1,5682.0,5616.0,-78.0,63.0,-757.0,-927.0
5404,-193,-774,1,5553.0,5682.0,-549.0,-78.0,-958.0,-757.0
5418,-173,-698,1,5404.0,5553.0,-193.0,-549.0,-774.0,-958.0
5257,-633,-634,1,5418.0,5404.0,-173.0,-193.0,-698.0,-774.0
5328,-392,-250,1,5257.0,5418.0,-633.0,-173.0,-634.0,-698.0
5598,-431,-100,1,5328.0,5257.0,-392.0,-633.0,-250.0,-634.0
5582,-516,234,1,5598.0,5328.0,-431.0,-392.0,-100.0,-250.0
5586,-173,519,1,5582.0,5598.0,-516.0,-431.0,234.0,-100.0
5473,-650,200,1,5586.0,5582.0,-173.0,-516.0,519.0,234.0
5434,-701,215,1,5473.0,5586.0,-650.0,-173.0,200.0,519.0
5353,-823,240,1,5434.0,5473.0,-701.0,-650.0,215.0,200.0
5299,-337,535,1,5353.0,5434.0,-823.0,-701.0,240.0,215.0
5425,523,765,1,5299.0,5353.0,-337.0,-823.0,535.0,240.0
4724,976,487,1,5425.0,5299.0,523.0,-337.0,765.0,535.0
4452,920,331,1,4724.0,5425.0,976.0,523.0,487.0,765.0
4508,449,33,1,4452.0,4724.0,920.0,976.0,331.0,487.0
4116,293,-260,1,4508.0,4452.0,449.0,920.0,33.0,331.0
3227,101,-228,1,4116.0,4508.0,293.0,449.0,-260.0,33.0
3568,-3452,-1322,1,3227.0,4116.0,101.0,293.0,-228.0,-260.0
3951,-3478,-1070,1,3568.0,3227.0,-3452.0,101.0,-1322.0,-228.0
3872,-1721,-442,1,3951.0,3568.0,-3478.0,-3452.0,-1070.0,-1322.0
3602,-257,-44,1,3872.0,3951.0,-1721.0,-3478.0,-442.0,-1070.0
2550,-489,-467,1,3602.0,3872.0,-257.0,-1721.0,-44.0,-442.0
2704,-889,-278,1,2550.0,3602.0,-489.0,-257.0,-467.0,-44.0
2845,-433,9,1,2704.0,2550.0,-889.0,-489.0,-278.0,-467.0
3002,-241,231,1,2845.0,2704.0,-433.0,-889.0,9.0,-278.0
2803,509,523,1,3002.0,2845.0,-241.0,-433.0,231.0,9.0
2695,464,517,1,2803.0,3002.0,509.0,-241.0,523.0,231.0
2523,396,450,1,2695.0,2803.0,464.0,509.0,517.0,523.0
2289,362,299,1,2523.0,2695.0,396.0,464.0,450.0,517.0
2066,487,157,1,2289.0,2523.0,362.0,396.0,299.0,450.0
1997,423,270,1,2066.0,2289.0,487.0,362.0,157.0,299.0
1919,-654,109,1,1997.0,2066.0,423.0,487.0,270.0,157.0
1598,-114,268,1,1919.0,1997.0,-654.0,423.0,109.0,270.0
1386,409,240,1,1598.0,1919.0,-114.0,-654.0,268.0,109.0
1293,536,212,1,1386.0,1598.0,409.0,-114.0,240.0,268.0
1108,516,122,1,1293.0,1386.0,536.0,409.0,212.0,240.0
877,522,67,1,1108.0,1293.0,516.0,536.0,122.0,212.0
708,385,44,1,877.0,1108.0,522.0,516.0,67.0,122.0
552,326,77,1,708.0,877.0,385.0,522.0,44.0,67.0
377,336,88,1,552.0,708.0,326.0,385.0,77.0,44.0
116,470,70,1,377.0,552.0,336.0,326.0,88.0,77.0
-190,613,61,1,116.0,377.0,470.0,336.0,70.0,88.0
-502,599,15,1,-190.0,116.0,613.0,470.0,61.0,70.0
-856,469,-89,1,-502.0,-190.0,599.0,613.0,15.0,61.0
-1208,762,-383,1,-856.0,-502.0,469.0,599.0,-89.0,15.0
-1113,-48,-420,1,-1208.0,-856.0,762.0,469.0,-383.0,-89.0
-1015,-534,-415,1,-1113.0,-1208.0,-48.0,762.0,-420.0,-383.0
-1187,-1063,-830,1,-1015.0,-1113.0,-534.0,-48.0,-415.0,-420.0
-1662,-1475,-1698,1,-1187.0,-1015.0,-1063.0,-534.0,-830.0,-415.0
-1428,-1462,-2044,1,-1662.0,-1187.0,-1475.0,-1063.0,-1698.0,-830.0
-959,-1597,-2491,1,-1428.0,-1662.0,-1462.0,-1475.0,-2044.0,-1698.0
195,-1747,-2715,1,-959.0,-1428.0,-1597.0,-1462.0,-2491.0,-2044.0
1269,-1551,-2899,1,195.0,-959.0,-1747.0,-1597.0,-2715.0,-2491.0
2261,-1353,-3119,1,1269.0,195.0,-1551.0,-1747.0,-2899.0,-2715.0
3218,-1260,-3406,1,2261.0,1269.0,-1353.0,-1551.0,-3119.0,-2899.0
4206,-1013,-3395,1,3218.0,2261.0,-1260.0,-1353.0,-3406.0,-3119.0
5341,-854,-3254,1,4206.0,3218.0,-1013.0,-1260.0,-3395.0,-3406.0
6278,-297,-3035,1,5341.0,4206.0,-854.0,-1013.0,-3254.0,-3395.0
7262,-89,-2694,1,6278.0,5341.0,-297.0,-854.0,-3035.0,-3254.0
8176,1051,-2186,1,7262.0,6278.0,-89.0,-297.0,-2694.0,-3035.0
8747,2104,-1871,1,8176.0,7262.0,1051.0,-89.0,-2186.0,-2694.0
9000,2194,-1754,1,8747.0,8176.0,2104.0,1051.0,-1871.0,-2186.0
9507,2048,-1934,1,9000.0,8747.0,2194.0,2104.0,-1754.0,-1871.0
9959,1079,-2214,1,9507.0,9000.0,2048.0,2194.0,-1934.0,-1754.0
9959,708,-2920,1,9959.0,9507.0,1079.0,2048.0,-2214.0,-1934.0
9294,377,-3356,1,9959.0,9959.0,708.0,1079.0,-2920.0,-2214.0
8825,446,-2783,1,9294.0,9959.0,377.0,708.0,-3356.0,-2920.0
8386,957,-1787,1,8825.0,9294.0,446.0,377.0,-2783.0,-3356.0
8025,1217,-1000,1,8386.0,8825.0,957.0,446.0,-1787.0,-2783.0
7814,705,-320,1,8025.0,8386.0,1217.0,957.0,-1000.0,-1787.0
7608,387,195,1,7814.0,8025.0,705.0,1217.0,-320.0,-1000.0
7462,147,532,1,7608.0,7814.0,387.0,705.0,195.0,-320.0
7608,-34,792,1,7462.0,7608.0,147.0,387.0,532.0,195.0
7232,501,617,1,7608.0,7462.0,-34.0,147.0,792.0,532.0
6606,707,414,1,7232.0,7608.0,501.0,-34.0,617.0,792.0
5762,571,114,1,6606.0,7232.0,707.0,501.0,414.0,617.0
6346,293,283,1,5762.0,6606.0,571.0,707.0,114.0,414.0
6307,-38,358,1,6346.0,5762.0,293.0,571.0,283.0,114.0
6303,-801,566,1,6307.0,6346.0,-38.0,293.0,358.0,283.0
6294,-806,552,1,6303.0,6307.0,-801.0,-38.0,566.0,358.0
6180,-791,266,1,6294.0,6303.0,-806.0,-801.0,552.0,566.0
6039,-1266,-77,1,6180.0,6294.0,-791.0,-806.0,266.0,552.0
6158,415,796,1,6039.0,6180.0,-1266.0,-791.0,-77.0,266.0
5840,428,315,1,6158.0,6039.0,415.0,-1266.0,796.0,-77.0
5665,-385,-35,1,5840.0,6158.0,428.0,415.0,315.0,796.0
5404,-948,-432,1,5665.0,5840.0,-385.0,428.0,-35.0,315.0
4907,-1361,-766,1,5404.0,5665.0,-948.0,-385.0,-432.0,-35.0
4680,-1191,-731,1,4907.0,5404.0,-1361.0,-948.0,-766.0,-432.0
4597,-134,-269,1,4680.0,4907.0,-1191.0,-1361.0,-731.0,-766.0
4797,484,65,1,4597.0,4680.0,-134.0,-1191.0,-269.0,-731.0
4812,939,82,1,4797.0,4597.0,484.0,-134.0,65.0,-269.0
4680,852,47,1,4812.0,4797.0,939.0,484.0,82.0,65.0
4674,543,172,1,4680.0,4812.0,852.0,939.0,47.0,82.0
4580,644,197,1,4674.0,4680.0,543.0,852.0,172.0,47.0
4376,785,164,1,4580.0,4674.0,644.0,543.0,197.0,172.0
4381,745,-25,1,4376.0,4580.0,785.0,644.0,164.0,197.0
4364,869,29,1,4381.0,4376.0,745.0,785.0,-25.0,164.0
4261,806,62,1,4364.0,4381.0,869.0,745.0,29.0,-25.0
4158,950,145,1,4261.0,4364.0,806.0,869.0,62.0,29.0
4115,924,231,1,4158.0,4261.0,950.0,806.0,145.0,62.0
3971,915,143,1,4115.0,4158.0,924.0,950.0,231.0,145.0
3822,1040,117,1,3971.0,4115.0,915.0,924.0,143.0,231.0
3700,763,35,1,3822.0,3971.0,1040.0,915.0,117.0,143.0
3575,346,-117,1,3700.0,3822.0,763.0,1040.0,35.0,117.0
3219,0,-603,1,3575.0,3700.0,346.0,763.0,-117.0,35.0
2992,105,-716,1,3219.0,3575.0,0.0,346.0,-603.0,-117.0
2716,-141,-865,1,2992.0,3219.0,105.0,0.0,-716.0,-603.0
2618,-59,-734,1,2716.0,2992.0,-141.0,105.0,-865.0,-716.0
2391,-497,-957,1,2618.0,2716.0,-59.0,-141.0,-734.0,-865.0
2152,-743,-1081,1,2391.0,2618.0,-497.0,-59.0,-957.0,-734.0
1876,-761,-1114,1,2152.0,2391.0,-743.0,-497.0,-1081.0,-957.0
1715,-788,-1160,1,1876.0,2152.0,-761.0,-743.0,-1114.0,-1081.0
1649,-689,-992,1,1715.0,1876.0,-788.0,-761.0,-1160.0,-1114.0
1488,-847,-982,1,1649.0,1715.0,-689.0,-788.0,-992.0,-1160.0
1423,-624,-773,1,1488.0,1649.0,-847.0,-689.0,-982.0,-992.0
1205,-640,-644,1,1423.0,1488.0,-624.0,-847.0,-773.0,-982.0
967,-549,-421,1,1205.0,1423.0,-640.0,-624.0,-644.0,-773.0
773,-434,-225,1,967.0,1205.0,-549.0,-640.0,-421.0,-644.0
513,-626,-187,1,773.0,967.0,-434.0,-549.0,-225.0,-421.0
238,-519,-109,1,513.0,773.0,-626.0,-434.0,-187.0,-225.0
77,-589,-214,1,238.0,513.0,-519.0,-626.0,-109.0,-187.0
-36,-746,-648,1,77.0,238.0,-589.0,-519.0,-214.0,-109.0
-304,-770,-950,1,-36.0,77.0,-746.0,-589.0,-648.0,-214.0
-611,-691,-1192,1,-304.0,-36.0,-770.0,-746.0,-950.0,-648.0
-836,-860,-1608,1,-611.0,-304.0,-691.0,-770.0,-1192.0,-950.0
-1041,-993,-2095,1,-836.0,-611.0,-860.0,-691.0,-1608.0,-1192.0
-1135,-1260,-2706,1,-1041.0,-836.0,-993.0,-860.0,-2095.0,-1608.0
-1028,-1550,-3320,1,-1135.0,-1041.0,-1260.0,-993.0,-2706.0,-2095.0
-853,-1712,-3781,1,-1028.0,-1135.0,-1550.0,-1260.0,-3320.0,-2706.0
-552,-1775,-4073,1,-853.0,-1028.0,-1712.0,-1550.0,-3781.0,-3320.0
-28,-1678,-3961,1,-552.0,-853.0,-1775.0,-1712.0,-4073.0,-3781.0
714,-1721,-3475,1,-28.0,-552.0,-1678.0,-1775.0,-3961.0,-4073.0
1521,-1712,-2911,1,714.0,-28.0,-1721.0,-1678.0,-3475.0,-3961.0
2179,-1454,-2400,1,1521.0,714.0,-1712.0,-1721.0,-2911.0,-3475.0
2773,-1260,-2095,1,2179.0,1521.0,-1454.0,-1712.0,-2400.0,-2911.0
3350,-924,-1938,1,2773.0,2179.0,-1260.0,-1454.0,-2095.0,-2400.0
3950,-715,-1997,1,3350.0,2773.0,-924.0,-1260.0,-1938.0,-2095.0
4561,-504,-2086,1,3950.0,3350.0,-715.0,-924.0,-1997.0,-1938.0
5454,-641,-2097,1,4561.0,3950.0,-504.0,-715.0,-2086.0,-1997.0
6521,-1412,-2071,1,5454.0,4561.0,-641.0,-504.0,-2097.0,-2086.0
7656,-2664,-2168,1,6521.0,5454.0,-1412.0,-641.0,-2071.0,-2097.0
8777,-3964,-2572,1,7656.0,6521.0,-2664.0,-1412.0,-2168.0,-2071.0
9874,-4976,-3127,1,8777.0,7656.0,-3964.0,-2664.0,-2572.0,-2168.0
10659,-5549,-3604,1,9874.0,8777.0,-4976.0,-3964.0,-3127.0,-2572.0
10951,-5298,-3321,1,10659.0,9874.0,-5549.0,-4976.0,-3604.0,-3127.0
10534,-4056,-2296,1,10951.0,10659.0,-5298.0,-5549.0,-3321.0,-3604.0
9540,-2329,-1133,1,10534.0,10951.0,-4056.0,-5298.0,-2296.0,-3321.0
8621,-1088,-204,1,9540.0,10534.0,-2329.0,-4056.0,-1133.0,-2296.0
7792,-695,154,1,8621.0,9540.0,-1088.0,-2329.0,-204.0,-1133.0
7286,-309,516,1,7792.0,8621.0,-695.0,-1088.0,154.0,-204.0
6960,-163,639,1,7286.0,7792.0,-309.0,-695.0,516.0,154.0
6816,-99,533,1,6960.0,7286.0,-163.0,-309.0,639.0,516.0
6735,56,320,1,6816.0,6960.0,-99.0,-163.0,533.0,639.0
6626,317,66,1,6735.0,6816.0,56.0,-99.0,320.0,533.0
6513,329,-190,1,6626.0,6735.0,317.0,56.0,66.0,320.0
6506,681,-208,1,6513.0,6626.0,329.0,317.0,-190.0,66.0
6334,521,-647,1,6506.0,6513.0,681.0,329.0,-208.0,-190.0
6053,268,-1106,1,6334.0,6506.0,521.0,681.0,-647.0,-208.0
5911,638,-1088,1,6053.0,6334.0,268.0,521.0,-1106.0,-647.0
5742,444,-1147,1,5911.0,6053.0,638.0,268.0,-1088.0,-1106.0
5756,545,-1057,1,5742.0,5911.0,444.0,638.0,-1147.0,-1088.0
5566,533,-1162,1,5756.0,5742.0,545.0,444.0,-1057.0,-1147.0
5654,709,-961,1,5566.0,5756.0,533.0,545.0,-1162.0,-1057.0
5536,664,-1071,1,5654.0,5566.0,709.0,533.0,-961.0,-1162.0
5604,805,-804,1,5536.0,5654.0,664.0,709.0,-1071.0,-961.0
5658,573,-1056,1,5604.0,5536.0,805.0,664.0,-804.0,-1071.0
5807,618,-602,1,5658.0,5604.0,573.0,805.0,-1056.0,-804.0
6060,1050,-334,1,5807.0,5658.0,618.0,573.0,-602.0,-1056.0
6110,759,45,1,6060.0,5807.0,1050.0,618.0,-334.0,-602.0
6057,1133,296,1,6110.0,6060.0,759.0,1050.0,45.0,-334.0
6080,1147,594,1,6057.0,6110.0,1133.0,759.0,296.0,45.0
6013,645,618,1,6080.0,6057.0,1147.0,1133.0,594.0,296.0
5832,791,735,1,6013.0,6080.0,645.0,1147.0,618.0,594.0
5454,1188,1057,1,5832.0,6013.0,791.0,645.0,735.0,618.0
5231,603,885,1,5454.0,5832.0,1188.0,791.0,1057.0,735.0
5002,73,618,1,5231.0,5454.0,603.0,1188.0,885.0,1057.0
4651,67,388,1,5002.0,5231.0,73.0,603.0,618.0,885.0
4258,-1235,-340,1,4651.0,5002.0,67.0,73.0,388.0,618.0
3904,-1436,-597,1,4258.0,4651.0,-1235.0,67.0,-340.0,388.0
3892,-1388,-461,1,3904.0,4258.0,-1436.0,-1235.0,-597.0,-340.0
3803,-551,288,1,3892.0,3904.0,-1388.0,-1436.0,-461.0,-597.0
3362,402,580,1,3803.0,3892.0,-551.0,-1388.0,288.0,-461.0
2821,512,415,1,3362.0,3803.0,402.0,-551.0,580.0,288.0
2430,96,183,1,2821.0,3362.0,512.0,402.0,415.0,580.0
2426,556,484,1,2430.0,2821.0,96.0,512.0,183.0,415.0
2264,1367,731,1,2426.0,2430.0,556.0,96.0,484.0,183.0
1886,1487,599,1,2264.0,2426.0,1367.0,556.0,731.0,484.0
1628,1287,220,1,1886.0,2264.0,1487.0,1367.0,599.0,731.0
1462,1446,38,1,1628.0,1886.0,1287.0,1487.0,220.0,599.0
1367,2089,-62,1,1462.0,1628.0,1446.0,1287.0,38.0,220.0
790,2008,-436,1,1367.0,1462.0,2089.0,1446.0,-62.0,38.0
-35,1206,-669,1,790.0,1367.0,2008.0,2089.0,-436.0,-62.0
20,-1022,-1187,1,-35.0,790.0,1206.0,2008.0,-669.0,-436.0
759,-1566,-578,1,20.0,-35.0,-1022.0,1206.0,-1187.0,-669.0
482,-832,-379,1,759.0,20.0,-1566.0,-1022.0,-578.0,-1187.0
262,-23,-128,1,482.0,759.0,-832.0,-1566.0,-379.0,-578.0
103,481,-96,1,262.0,482.0,-23.0,-832.0,-128.0,-379.0
108,1027,66,1,103.0,262.0,481.0,-23.0,-96.0,-128.0
88,1610,377,1,108.0,103.0,1027.0,481.0,66.0,-96.0
-140,1636,323,1,88.0,108.0,1610.0,1027.0,377.0,66.0
-397,1726,223,1,-140.0,88.0,1636.0,1610.0,323.0,377.0
-585,1421,141,1,-397.0,-140.0,1726.0,1636.0,223.0,323.0
-881,1291,-43,1,-585.0,-397.0,1421.0,1726.0,141.0,223.0
-729,965,134,1,-881.0,-585.0,1291.0,1421.0,-43.0,141.0
-825,888,-119,1,-729.0,-881.0,965.0,1291.0,134.0,-43.0
-1003,1237,-161,1,-825.0,-729.0,888.0,965.0,-119.0,134.0
-1170,1193,-363,1,-1003.0,-825.0,1237.0,888.0,-161.0,-119.0
-1236,654,-494,1,-1170.0,-1003.0,1193.0,1237.0,-363.0,-161.0
-1067,720,-455,1,-1236.0,-1170.0,654.0,1193.0,-494.0,-363.0
-798,729,-552,1,-1067.0,-1236.0,720.0,654.0,-455.0,-494.0
-415,308,-697,1,-798.0,-1067.0,729.0,720.0,-552.0,-455.0
-187,465,-1120,1,-415.0,-798.0,308.0,729.0,-697.0,-552.0
-101,-227,-1894,1,-187.0,-415.0,465.0,308.0,-1120.0,-697.0
-387,-322,-3438,1,-101.0,-187.0,-227.0,465.0,-1894.0,-1120.0
-29,-2380,-4299,1,-387.0,-101.0,-322.0,-227.0,-3438.0,-1894.0
631,-3627,-5995,1,-29.0,-387.0,-2380.0,-322.0,-4299.0,-3438.0
1007,-2976,-6873,1,631.0,-29.0,-3627.0,-2380.0,-5995.0,-4299.0
1571,-2696,-7939,1,1007.0,631.0,-2976.0,-3627.0,-6873.0,-5995.0
2393,-3737,-8483,1,1571.0,1007.0,-2696.0,-2976.0,-7939.0,-6873.0
4089,-4363,-7708,1,2393.0,1571.0,-3737.0,-2696.0,-8483.0,-7939.0
6201,-3960,-6126,1,4089.0,2393.0,-4363.0,-3737.0,-7708.0,-8483.0
9090,-3201,-4013,1,6201.0,4089.0,-3960.0,-4363.0,-6126.0,-7708.0
12138,-746,-2048,1,9090.0,6201.0,-3201.0,-3960.0,-4013.0,-6126.0
14778,1280,-1165,1,12138.0,9090.0,-746.0,-3201.0,-2048.0,-4013.0
16895,2600,-701,1,14778.0,12138.0,1280.0,-746.0,-1165.0,-2048.0
16100,743,-1607,1,16895.0,14778.0,2600.0,1280.0,-701.0,-1165.0
15530,-1691,-2957,1,16100.0,16895.0,743.0,2600.0,-1607.0,-701.0
14612,-1611,-3943,1,15530.0,16100.0,-1691.0,743.0,-2957.0,-1607.0
12889,13,-3526,1,14612.0,15530.0,-1611.0,-1691.0,-3943.0,-2957.0
11690,947,-2501,1,12889.0,14612.0,13.0,-1611.0,-3526.0,-3943.0
10189,1188,-2265,1,11690.0,12889.0,947.0,13.0,-2501.0,-3526.0
8582,1014,-2147,1,10189.0,11690.0,1188.0,947.0,-2265.0,-2501.0
7254,905,-1758,1,8582.0,10189.0,1014.0,1188.0,-2147.0,-2265.0
6006,783,-1640,1,7254.0,8582.0,905.0,1014.0,-1758.0,-2147.0
4193,553,-1931,1,6006.0,7254.0,783.0,905.0,-1640.0,-1758.0
3285,1458,-1445,1,4193.0,6006.0,553.0,783.0,-1931.0,-1640.0
2829,1084,-1232,1,3285.0,4193.0,1458.0,553.0,-1445.0,-1931.0
3297,1380,-397,1,2829.0,3285.0,1084.0,1458.0,-1232.0,-1445.0
3208,238,-363,1,3297.0,2829.0,1380.0,1084.0,-397.0,-1232.0
4161,-1111,-638,1,3208.0,3297.0,238.0,1380.0,-363.0,-397.0
5123,-1404,1,1,4161.0,3208.0,-1111.0,238.0,-638.0,-363.0
5066,-925,126,1,5123.0,4161.0,-1404.0,-1111.0,1.0,-638.0
4704,-226,242,1,5066.0,5123.0,-925.0,-1404.0,126.0,1.0
4938,346,497,1,4704.0,5066.0,-226.0,-925.0,242.0,126.0
4993,817,715,1,4938.0,4704.0,346.0,-226.0,497.0,242.0
5346,532,628,1,4993.0,4938.0,817.0,346.0,715.0,497.0
5729,280,365,1,5346.0,4993.0,532.0,817.0,628.0,715.0
5834,375,-5,1,5729.0,5346.0,280.0,532.0,365.0,628.0
5775,772,-209,1,5834.0,5729.0,375.0,280.0,-5.0,365.0
5607,1011,-445,1,5775.0,5834.0,772.0,375.0,-209.0,-5.0
5412,1337,-551,1,5607.0,5775.0,1011.0,772.0,-445.0,-209.0
5185,1229,-875,1,5412.0,5607.0,1337.0,1011.0,-551.0,-445.0
4967,1187,-1149,1,5185.0,5412.0,1229.0,1337.0,-875.0,-551.0
4959,1110,-1401,1,4967.0,5185.0,1187.0,1229.0,-1149.0,-875.0
4728,687,-1602,1,4959.0,4967.0,1110.0,1187.0,-1401.0,-1149.0
4805,928,-1356,1,4728.0,4959.0,687.0,1110.0,-1602.0,-1401.0
4718,807,-1443,1,4805.0,4728.0,928.0,687.0,-1356.0,-1602.0
4825,773,-1332,1,4718.0,4805.0,807.0,928.0,-1443.0,-1356.0
4969,1173,-884,1,4825.0,4718.0,773.0,807.0,-1332.0,-1443.0
5204,1138,-479,1,4969.0,4825.0,1173.0,773.0,-884.0,-1332.0
5250,890,-398,1,5204.0,4969.0,1138.0,1173.0,-479.0,-884.0
5095,793,-506,1,5250.0,5204.0,890.0,1138.0,-398.0,-479.0
5254,880,-359,1,5095.0,5250.0,793.0,890.0,-506.0,-398.0
5296,800,-200,1,5254.0,5095.0,880.0,793.0,-359.0,-506.0
5126,602,-153,1,5296.0,5254.0,800.0,880.0,-200.0,-359.0
5060,598,1,1,5126.0,5296.0,602.0,800.0,-153.0,-200.0
4936,437,77,1,5060.0,5126.0,598.0,602.0,1.0,-153.0
4788,308,-10,1,4936.0,5060.0,437.0,598.0,77.0,1.0
4470,451,-84,1,4788.0,4936.0,308.0,437.0,-10.0,77.0
4246,285,-203,1,4470.0,4788.0,451.0,308.0,-84.0,-10.0
4067,345,-158,1,4246.0,4470.0,285.0,451.0,-203.0,-84.0
3776,122,-270,1,4067.0,4246.0,345.0,285.0,-158.0,-203.0
3477,11,-347,1,3776.0,4067.0,122.0,345.0,-270.0,-158.0
3197,180,-357,1,3477.0,3776.0,11.0,122.0,-347.0,-270.0
2884,260,-522,1,3197.0,3477.0,180.0,11.0,-357.0,-347.0
2718,9,-609,1,2884.0,3197.0,260.0,180.0,-522.0,-357.0
2349,188,-665,1,2718.0,2884.0,9.0,260.0,-609.0,-522.0
2040,208,-795,1,2349.0,2718.0,188.0,9.0,-665.0,-609.0
1901,32,-823,1,2040.0,2349.0,208.0,188.0,-795.0,-665.0
1714,57,-868,1,1901.0,2040.0,32.0,208.0,-823.0,-795.0
1515,-141,-981,1,1714.0,1901.0,57.0,32.0,-868.0,-823.0
1275,-191,-1021,1,1515.0,1714.0,-141.0,57.0,-981.0,-868.0
1045,-352,-1085,1,1275.0,1515.0,-191.0,-141.0,-1021.0,-981.0
792,-396,-1189,1,1045.0,1275.0,-352.0,-191.0,-1085.0,-1021.0
460,-524,-1326,1,792.0,1045.0,-396.0,-352.0,-1189.0,-1085.0
191,-671,-1394,1,460.0,792.0,-524.0,-396.0,-1326.0,-1189.0
-143,-692,-1343,1,191.0,460.0,-671.0,-524.0,-1394.0,-1326.0
-393,-659,-1205,1,-143.0,191.0,-692.0,-671.0,-1343.0,-1394.0
-564,-742,-1059,1,-393.0,-143.0,-659.0,-692.0,-1205.0,-1343.0
-709,-711,-855,1,-564.0,-393.0,-742.0,-659.0,-1059.0,-1205.0
-874,-631,-634,1,-709.0,-564.0,-711.0,-742.0,-855.0,-1059.0
-927,-630,-451,1,-874.0,-709.0,-631.0,-711.0,-634.0,-855.0
-968,-651,-330,1,-927.0,-874.0,-630.0,-631.0,-451.0,-634.0
-979,-685,-248,1,-968.0,-927.0,-651.0,-630.0,-330.0,-451.0
-936,-800,-184,1,-979.0,-968.0,-685.0,-651.0,-248.0,-330.0
-857,-924,-148,1,-936.0,-979.0,-800.0,-685.0,-184.0,-248.0
-778,-949,-89,1,-857.0,-936.0,-924.0,-800.0,-148.0,-184.0
-690,-904,-53,1,-778.0,-857.0,-949.0,-924.0,-89.0,-148.0
-644,-813,-60,1,-690.0,-778.0,-904.0,-949.0,-53.0,-89.0
-607,-703,-116,1,-644.0,-690.0,-813.0,-904.0,-60.0,-53.0
-595,-711,-300,1,-607.0,-644.0,-703.0,-813.0,-116.0,-60.0
-601,-671,-681,1,-595.0,-607.0,-711.0,-703.0,-300.0,-116.0
-501,-876,-1332,1,-601.0,-595.0,-671.0,-711.0,-681.0,-300.0
-231,-1280,-2081,1,-501.0,-601.0,-876.0,-671.0,-1332.0,-681.0
102,-1257,-2688,1,-231.0,-501.0,-1280.0,-876.0,-2081.0,-1332.0
261,-1465,-3124,1,102.0,-231.0,-1257.0,-1280.0,-2688.0,-2081.0
158,-1195,-3471,1,261.0,102.0,-1465.0,-1257.0,-3124.0,-2688.0
98,-1058,-4116,1,158.0,261.0,-1195.0,-1465.0,-3471.0,-3124.0
290,-1081,-4876,1,98.0,158.0,-1058.0,-1195.0,-4116.0,-3471.0
643,-1179,-5563,1,290.0,98.0,-1081.0,-1058.0,-4876.0,-4116.0
1269,-1280,-5765,1,643.0,290.0,-1179.0,-1081.0,-5563.0,-4876.0
2116,-1481,-5610,1,1269.0,643.0,-1280.0,-1179.0,-5765.0,-5563.0
2936,-1591,-5348,1,2116.0,1269.0,-1481.0,-1280.0,-5610.0,-5765.0
4213,-1795,-4917,1,2936.0,2116.0,-1591.0,-1481.0,-5348.0,-5610.0
5498,-1598,-4321,1,4213.0,2936.0,-1795.0,-1591.0,-4917.0,-5348.0
6993,-1170,-3275,1,5498.0,4213.0,-1598.0,-1795.0,-4321.0,-4917.0
8208,-411,-1871,1,6993.0,5498.0,-1170.0,-1598.0,-3275.0,-4321.0
9317,14,-325,1,8208.0,6993.0,-411.0,-1170.0,-1871.0,-3275.0
9972,165,731,1,9317.0,8208.0,14.0,-411.0,-325.0,-1871.0
10637,-53,1305,1,9972.0,9317.0,165.0,14.0,731.0,-325.0
10755,-248,1477,1,10637.0,9972.0,-53.0,165.0,1305.0,731.0
10414,-418,1169,1,10755.0,10637.0,-248.0,-53.0,1477.0,1305.0
9792,-630,511,1,10414.0,10755.0,-418.0,-248.0,1169.0,1477.0
9330,-825,-224,1,9792.0,10414.0,-630.0,-418.0,511.0,1169.0
8339,-1437,-1365,1,9330.0,9792.0,-825.0,-630.0,-224.0,511.0
7784,-1562,-1949,1,8339.0,9330.0,-1437.0,-825.0,-1365.0,-224.0
6865,-1823,-2476,1,7784.0,8339.0,-1562.0,-1437.0,-1949.0,-1365.0
6175,-1722,-2639,1,6865.0,7784.0,-1823.0,-1562.0,-2476.0,-1949.0
5516,-1553,-2671,1,6175.0,6865.0,-1722.0,-1823.0,-2639.0,-2476.0
4799,-1410,-2700,1,5516.0,6175.0,-1553.0,-1722.0,-2671.0,-2639.0
4286,-1272,-2607,1,4799.0,5516.0,-1410.0,-1553.0,-2700.0,-2671.0
3735,-1183,-2516,1,4286.0,4799.0,-1272.0,-1410.0,-2607.0,-2700.0
3343,-1163,-2299,1,3735.0,4286.0,-1183.0,-1272.0,-2516.0,-2607.0
2920,-1210,-2165,1,3343.0,3735.0,-1163.0,-1183.0,-2299.0,-2516.0
2611,-1293,-1984,1,2920.0,3343.0,-1210.0,-1163.0,-2165.0,-2299.0
2374,-1308,-1752,1,2611.0,2920.0,-1293.0,-1210.0,-1984.0,-2165.0
2127,-1320,-1525,1,2374.0,2611.0,-1308.0,-1293.0,-1752.0,-1984.0
1914,-1248,-1286,1,2127.0,2374.0,-1320.0,-1308.0,-1525.0,-1752.0
1823,-1138,-897,1,1914.0,2127.0,-1248.0,-1320.0,-1286.0,-1525.0
1629,-875,-803,1,1823.0,1914.0,-1138.0,-1248.0,-897.0,-1286.0
1468,-629,-606,1,1629.0,1823.0,-875.0,-1138.0,-803.0,-897.0
1280,-433,-353,1,1468.0,1629.0,-629.0,-875.0,-606.0,-803.0
1039,-296,-210,1,1280.0,1468.0,-433.0,-629.0,-353.0,-606.0
806,-332,-85,1,1039.0,1280.0,-296.0,-433.0,-210.0,-353.0
441,-30,-15,1,806.0,1039.0,-332.0,-296.0,-85.0,-210.0
104,21,-2,1,441.0,806.0,-30.0,-332.0,-15.0,-85.0
-136,19,124,1,104.0,441.0,21.0,-30.0,-2.0,-15.0
-220,1,285,1,-136.0,104.0,19.0,21.0,124.0,-2.0
-250,11,416,1,-220.0,-136.0,1.0,19.0,285.0,124.0
-160,-144,419,1,-250.0,-220.0,11.0,1.0,416.0,285.0
-87,-7,451,1,-160.0,-250.0,-144.0,11.0,419.0,416.0
162,-122,423,1,-87.0,-160.0,-7.0,-144.0,451.0,419.0
317,-360,174,1,162.0,-87.0,-122.0,-7.0,423.0,451.0
511,-490,50,1,317.0,162.0,-360.0,-122.0,174.0,423.0
847,-585,-187,1,511.0,317.0,-490.0,-360.0,50.0,174.0
1124,-397,-386,1,847.0,511.0,-585.0,-490.0,-187.0,50.0
1342,-316,-483,1,1124.0,847.0,-397.0,-585.0,-386.0,-187.0
1788,-366,-529,1,1342.0,1124.0,-316.0,-397.0,-483.0,-386.0
1876,-182,-597,1,1788.0,1342.0,-366.0,-316.0,-529.0,-483.0
2201,-443,-737,1,1876.0,1788.0,-182.0,-366.0,-597.0,-529.0
2227,-311,-791,1,2201.0,1876.0,-443.0,-182.0,-737.0,-597.0
2354,-366,-749,1,2227.0,2201.0,-311.0,-443.0,-791.0,-737.0
2567,-431,-710,1,2354.0,2227.0,-366.0,-311.0,-749.0,-791.0
2566,-374,-642,1,2567.0,2354.0,-431.0,-366.0,-710.0,-749.0
2571,-462,-591,1,2566.0,2567.0,-374.0,-431.0,-642.0,-710.0
2520,-389,-411,1,2571.0,2566.0,-462.0,-374.0,-591.0,-642.0
2362,-294,-267,1,2520.0,2571.0,-389.0,-462.0,-411.0,-591.0
2216,-276,-126,1,2362.0,2520.0,-294.0,-389.0,-267.0,-411.0
2031,-290,-23,1,2216.0,2362.0,-276.0,-294.0,-126.0,-267.0
1806,-215,-14,1,2031.0,2216.0,-290.0,-276.0,-23.0,-126.0
1723,-109,120,1,1806.0,2031.0,-215.0,-290.0,-14.0,-23.0
1587,60,324,1,1723.0,1806.0,-109.0,-215.0,120.0,-14.0
1664,223,413,1,1587.0,1723.0,60.0,-109.0,324.0,120.0
1631,1,348,1,1664.0,1587.0,223.0,60.0,413.0,324.0
1652,36,370,1,1631.0,1664.0,1.0,223.0,348.0,413.0
1637,-115,447,1,1652.0,1631.0,36.0,1.0,370.0,348.0
1440,-139,507,1,1637.0,1652.0,-115.0,36.0,447.0,370.0
1529,-768,-85,1,1440.0,1637.0,-139.0,-115.0,507.0,447.0
1310,-971,-105,1,1529.0,1440.0,-768.0,-139.0,-85.0,507.0
1593,-753,190,1,1310.0,1529.0,-971.0,-768.0,-105.0,-85.0
1856,-97,360,1,1593.0,1310.0,-753.0,-971.0,190.0,-105.0
2382,98,274,1,1856.0,1593.0,-97.0,-753.0,360.0,190.0
3318,-362,-526,1,2382.0,1856.0,98.0,-97.0,274.0,360.0
3851,-896,-1184,1,3318.0,2382.0,-362.0,98.0,-526.0,274.0
3692,-1050,-2389,1,3851.0,3318.0,-896.0,-362.0,-1184.0,-526.0
2137,-730,-3245,1,3692.0,3851.0,-1050.0,-896.0,-2389.0,-1184.0
5150,-4209,-4236,1,2137.0,3692.0,-730.0,-1050.0,-3245.0,-2389.0
5805,-3844,-4978,1,5150.0,2137.0,-4209.0,-730.0,-4236.0,-3245.0
5274,-1698,-4810,1,5805.0,5150.0,-3844.0,-4209.0,-4978.0,-4236.0
4821,-1775,-4911,1,5274.0,5805.0,-1698.0,-3844.0,-4810.0,-4978.0
4266,-1012,-3943,1,4821.0,5274.0,-1775.0,-1698.0,-4911.0,-4810.0
3604,-548,-3023,1,4266.0,4821.0,-1012.0,-1775.0,-3943.0,-4911.0
2972,-575,-2346,1,3604.0,4266.0,-548.0,-1012.0,-3023.0,-3943.0
2405,-616,-1589,1,2972.0,3604.0,-575.0,-548.0,-2346.0,-3023.0
2181,-504,-1066,1,2405.0,2972.0,-616.0,-575.0,-1589.0,-2346.0
2530,-742,-1055,1,2181.0,2405.0,-504.0,-616.0,-1066.0,-1589.0
2696,-399,-1294,1,2530.0,2181.0,-742.0,-504.0,-1055.0,-1066.0
3265,-369,-1502,1,2696.0,2530.0,-399.0,-742.0,-1294.0,-1055.0
3820,-537,-1498,1,3265.0,2696.0,-369.0,-399.0,-1502.0,-1294.0
4312,-495,-1138,1,3820.0,3265.0,-537.0,-369.0,-1498.0,-1502.0
4101,-646,-1143,1,4312.0,3820.0,-495.0,-537.0,-1138.0,-1498.0
3514,-759,-1551,1,4101.0,4312.0,-646.0,-495.0,-1143.0,-1138.0
3518,-755,-1449,1,3514.0,4101.0,-759.0,-646.0,-1551.0,-1143.0
3824,-686,-1197,1,3518.0,3514.0,-755.0,-759.0,-1449.0,-1551.0
3905,-818,-1375,1,3824.0,3518.0,-686.0,-755.0,-1197.0,-1449.0
3679,-937,-1146,1,3905.0,3824.0,-818.0,-686.0,-1375.0,-1197.0
3611,-798,-888,1,3679.0,3905.0,-937.0,-818.0,-1146.0,-1375.0
3379,-963,-1380,1,3611.0,3679.0,-798.0,-937.0,-888.0,-1146.0
3417,-824,-1362,1,3379.0,3611.0,-963.0,-798.0,-1380.0,-888.0
3527,-715,-1499,1,3417.0,3379.0,-824.0,-963.0,-1362.0,-1380.0
3458,-1028,-2422,1,3527.0,3417.0,-715.0,-824.0,-1499.0,-1362.0
3813,-706,-2969,1,3458.0,3527.0,-1028.0,-715.0,-2422.0,-1499.0
3932,-591,-3677,1,3813.0,3458.0,-706.0,-1028.0,-2969.0,-2422.0
4039,-368,-3429,1,3932.0,3813.0,-591.0,-706.0,-3677.0,-2969.0
3725,-352,-2789,1,4039.0,3932.0,-368.0,-591.0,-3429.0,-3677.0
3721,-384,-2913,1,3725.0,4039.0,-352.0,-368.0,-2789.0,-3429.0
4073,-351,-3145,1,3721.0,3725.0,-384.0,-352.0,-2913.0,-2789.0
4128,-23,-2688,1,4073.0,3721.0,-351.0,-384.0,-3145.0,-2913.0
3772,-94,-3006,1,4128.0,4073.0,-23.0,-351.0,-2688.0,-3145.0
3633,-146,-3158,1,3772.0,4128.0,-94.0,-23.0,-3006.0,-2688.0
3539,-112,-3353,1,3633.0,3772.0,-146.0,-94.0,-3158.0,-3006.0
3826,-136,-3695,1,3539.0,3633.0,-112.0,-146.0,-3353.0,-3158.0
4060,-277,-3938,1,3826.0,3539.0,-136.0,-112.0,-3695.0,-3353.0
4028,-386,-3894,1,4060.0,3826.0,-277.0,-136.0,-3938.0,-3695.0
4248,-808,-3852,1,4028.0,4060.0,-386.0,-277.0,-3894.0,-3938.0
4244,-388,-3555,1,4248.0,4028.0,-808.0,-386.0,-3852.0,-3894.0
4103,-836,-3407,1,4244.0,4248.0,-388.0,-808.0,-3555.0,-3852.0
3679,-1088,-3472,1,4103.0,4244.0,-836.0,-388.0,-3407.0,-3555.0
3809,-1032,-4011,1,3679.0,4103.0,-1088.0,-836.0,-3472.0,-3407.0
4144,-1472,-4420,1,3809.0,3679.0,-1032.0,-1088.0,-4011.0,-3472.0
4848,-1994,-5136,1,4144.0,3809.0,-1472.0,-1032.0,-4420.0,-4011.0
4789,-2476,-5569,1,4848.0,4144.0,-1994.0,-1472.0,-5136.0,-4420.0
3881,-2486,-6023,1,4789.0,4848.0,-2476.0,-1994.0,-5569.0,-5136.0
3003,-2445,-6816,1,3881.0,4789.0,-2486.0,-2476.0,-6023.0,-5569.0
2891,-2682,-7964,1,3003.0,3881.0,-2445.0,-2486.0,-6816.0,-6023.0
3356,-2707,-8591,1,2891.0,3003.0,-2682.0,-2445.0,-7964.0,-6816.0
4265,-3032,-8989,1,3356.0,2891.0,-2707.0,-2682.0,-8591.0,-7964.0
5858,-2588,-8859,1,4265.0,3356.0,-3032.0,-2707.0,-8989.0,-8591.0
5381,-2606,-8562,1,5858.0,4265.0,-2588.0,-3032.0,-8859.0,-8989.0
4151,-2570,-8246,1,5381.0,5858.0,-2606.0,-2588.0,-8562.0,-8859.0
2196,-1693,-4399,1,4151.0,5381.0,-2570.0,-2606.0,-8246.0,-8562.0
344,-2385,-7882,1,2196.0,4151.0,-1693.0,-2570.0,-4399.0,-8246.0
-765,-3106,-8756,1,344.0,2196.0,-2385.0,-1693.0,-7882.0,-4399.0
2226,-3477,-10545,1,-765.0,344.0,-3106.0,-2385.0,-8756.0,-7882.0
8317,-2865,-11672,1,2226.0,-765.0,-3477.0,-3106.0,-10545.0,-8756.0
6587,-3378,-5497,1,8317.0,2226.0,-2865.0,-3477.0,-11672.0,-10545.0
2656,-4134,-1857,1,6587.0,8317.0,-3378.0,-2865.0,-5497.0,-11672.0
743,-7660,-4284,1,2656.0,6587.0,-4134.0,-3378.0,-1857.0,-5497.0
-1323,-5748,-3686,1,743.0,2656.0,-7660.0,-4134.0,-4284.0,-1857.0
-887,-8454,-10355,1,-1323.0,743.0,-5748.0,-7660.0,-3686.0,-4284.0
-568,-7590,-9158,1,-887.0,-1323.0,-8454.0,-5748.0,-10355.0,-3686.0
-32,-6370,-8914,1,-568.0,-887.0,-7590.0,-8454.0,-9158.0,-10355.0
1045,-5407,-7528,1,-32.0,-568.0,-6370.0,-7590.0,-8914.0,-9158.0
2144,-4750,-6421,1,1045.0,-32.0,-5407.0,-6370.0,-7528.0,-8914.0
3076,-4823,-6087,1,2144.0,1045.0,-4750.0,-5407.0,-6421.0,-7528.0
3922,-4408,-5807,1,3076.0,2144.0,-4823.0,-4750.0,-6087.0,-6421.0
4521,-4188,-5600,1,3922.0,3076.0,-4408.0,-4823.0,-5807.0,-6087.0
4711,-3628,-5517,1,4521.0,3922.0,-4188.0,-4408.0,-5600.0,-5807.0
4839,-2623,-4752,1,4711.0,4521.0,-3628.0,-4188.0,-5517.0,-5600.0
5566,-1901,-4040,1,4839.0,4711.0,-2623.0,-3628.0,-4752.0,-5517.0
6473,-1356,-3788,1,5566.0,4839.0,-1901.0,-2623.0,-4040.0,-4752.0
7316,-1378,-3337,1,6473.0,5566.0,-1356.0,-1901.0,-3788.0,-4040.0
7354,-1270,-3490,1,7316.0,6473.0,-1378.0,-1356.0,-3337.0,-3788.0
7018,-1834,-3502,1,7354.0,7316.0,-1270.0,-1378.0,-3490.0,-3337.0
5982,-2260,-3701,1,7018.0,7354.0,-1834.0,-1270.0,-3502.0,-3490.0
4548,-2618,-4413,1,5982.0,7018.0,-2260.0,-1834.0,-3701.0,-3502.0
2489,-3181,-4663,1,4548.0,5982.0,-2618.0,-2260.0,-4413.0,-3701.0
1408,-2995,-3766,1,2489.0,4548.0,-3181.0,-2618.0,-4663.0,-4413.0
1195,-6347,-5229,1,1408.0,2489.0,-2995.0,-3181.0,-3766.0,-4663.0
-301,-4094,-3811,1,1195.0,1408.0,-6347.0,-2995.0,-5229.0,-3766.0
-3653,3163,-145,1,-301.0,1195.0,-4094.0,-6347.0,-3811.0,-5229.0
-3857,3420,-785,1,-3653.0,-301.0,3163.0,-4094.0,-145.0,-3811.0
-987,2344,2003,1,-3857.0,-3653.0,3420.0,3163.0,-785.0,-145.0
-86,938,1561,1,-987.0,-3857.0,2344.0,3420.0,2003.0,-785.0
-161,518,1464,1,-86.0,-987.0,938.0,2344.0,1561.0,2003.0
245,361,1516,1,-161.0,-86.0,518.0,938.0,1464.0,1561.0
-173,40,-1009,1,245.0,-161.0,361.0,518.0,1516.0,1464.0
-207,48,-246,1,-173.0,245.0,40.0,361.0,-1009.0,1516.0
-322,-97,-842,1,-207.0,-173.0,48.0,40.0,-246.0,-1009.0
-373,22,-848,1,-322.0,-207.0,-97.0,48.0,-842.0,-246.0
-490,-28,-1107,1,-373.0,-322.0,22.0,-97.0,-848.0,-842.0
-912,418,-1621,1,-490.0,-373.0,-28.0,22.0,-1107.0,-848.0
-979,652,-1654,1,-912.0,-490.0,418.0,-28.0,-1621.0,-1107.0
-1008,1193,-1339,1,-979.0,-912.0,652.0,418.0,-1654.0,-1621.0
-924,1586,-1181,1,-1008.0,-979.0,1193.0,652.0,-1339.0,-1654.0
-867,1563,-1334,1,-924.0,-1008.0,1586.0,1193.0,-1181.0,-1339.0
-455,2173,-882,1,-867.0,-924.0,1563.0,1586.0,-1334.0,-1181.0
-571,2672,-1800,1,-455.0,-867.0,2173.0,1563.0,-882.0,-1334.0
-1273,2796,-3464,1,-571.0,-455.0,2672.0,2173.0,-1800.0,-882.0
-1872,3192,-4892,1,-1273.0,-571.0,2796.0,2672.0,-3464.0,-1800.0
-1726,2995,-5486,1,-1872.0,-1273.0,3192.0,2796.0,-4892.0,-3464.0
-1543,2473,-5965,1,-1726.0,-1872.0,2995.0,3192.0,-5486.0,-4892.0
-1865,2791,-6182,1,-1543.0,-1726.0,2473.0,2995.0,-5965.0,-5486.0
-1887,2611,-6378,1,-1865.0,-1543.0,2791.0,2473.0,-6182.0,-5965.0
-2188,2703,-6324,1,-1887.0,-1865.0,2611.0,2791.0,-6378.0,-6182.0
-2202,2262,-6054,1,-2188.0,-1887.0,2703.0,2611.0,-6324.0,-6378.0
-2427,2687,-6463,1,-2202.0,-2188.0,2262.0,2703.0,-6054.0,-6324.0
-3677,4826,-8134,1,-2427.0,-2202.0,2687.0,2262.0,-6463.0,-6054.0
-4427,6128,-9682,1,-3677.0,-2427.0,4826.0,2687.0,-8134.0,-6463.0
-4145,6531,-8760,1,-4427.0,-3677.0,6128.0,4826.0,-9682.0,-8134.0
-3036,4877,-7354,1,-4145.0,-4427.0,6531.0,6128.0,-8760.0,-9682.0
-2554,3580,-7035,1,-3036.0,-4145.0,4877.0,6531.0,-7354.0,-8760.0
-2547,2825,-7081,1,-2554.0,-3036.0,3580.0,4877.0,-7035.0,-7354.0
-2582,2131,-7629,1,-2547.0,-2554.0,2825.0,3580.0,-7081.0,-7035.0
-2899,1569,-8507,1,-2582.0,-2547.0,2131.0,2825.0,-7629.0,-7081.0
-3145,1314,-9449,1,-2899.0,-2582.0,1569.0,2131.0,-8507.0,-7629.0
-3151,983,-9761,1,-3145.0,-2899.0,1314.0,1569.0,-9449.0,-8507.0
-2929,1037,-8965,1,-3151.0,-3145.0,983.0,1314.0,-9761.0,-9449.0
-2667,1351,-7907,1,-2929.0,-3151.0,1037.0,983.0,-8965.0,-9761.0
-2547,1542,-7592,1,-2667.0,-2929.0,1351.0,1037.0,-7907.0,-8965.0
-2391,1288,-7707,1,-2547.0,-2667.0,1542.0,1351.0,-7592.0,-7907.0
-3108,1942,-7035,1,-2391.0,-2547.0,1288.0,1542.0,-7707.0,-7592.0
-1476,-685,-6291,1,-3108.0,-2391.0,1942.0,1288.0,-7035.0,-7707.0
-730,-1326,-4236,1,-1476.0,-3108.0,-685.0,1942.0,-6291.0,-7035.0
-503,-2483,-3412,1,-730.0,-1476.0,-1326.0,-685.0,-4236.0,-6291.0
-794,-1146,-1857,1,-503.0,-730.0,-2483.0,-1326.0,-3412.0,-4236.0
-999,-2153,-1354,1,-794.0,-503.0,-1146.0,-2483.0,-1857.0,-3412.0
-1294,-2218,-433,1,-999.0,-794.0,-2153.0,-1146.0,-1354.0,-1857.0
-1494,-1904,-128,1,-1294.0,-999.0,-2218.0,-2153.0,-433.0,-1354.0
-1427,-2332,106,1,-1494.0,-1294.0,-1904.0,-2218.0,-128.0,-433.0
-1359,-2639,247,1,-1427.0,-1494.0,-2332.0,-1904.0,106.0,-128.0
-1165,-3484,-84,1,-1359.0,-1427.0,-2639.0,-2332.0,247.0,106.0
-1060,-3924,-333,1,-1165.0,-1359.0,-3484.0,-2639.0,-84.0,247.0
-994,-4434,-413,1,-1060.0,-1165.0,-3924.0,-3484.0,-333.0,-84.0
-899,-5080,-730,1,-994.0,-1060.0,-4434.0,-3924.0,-413.0,-333.0
-466,-5886,-267,1,-899.0,-994.0,-5080.0,-4434.0,-730.0,-413.0
-359,-5237,603,1,-466.0,-899.0,-5886.0,-5080.0,-267.0,-730.0
-460,-4532,1365,1,-359.0,-466.0,-5237.0,-5886.0,603.0,-267.0
-367,-4157,1470,1,-460.0,-359.0,-4532.0,-5237.0,1365.0,603.0
-309,-3710,1505,1,-367.0,-460.0,-4157.0,-4532.0,1470.0,1365.0
-547,-3152,1442,1,-309.0,-367.0,-3710.0,-4157.0,1505.0,1470.0
-1058,-1947,1499,1,-547.0,-309.0,-3152.0,-3710.0,1442.0,1505.0
-2159,527,2224,1,-1058.0,-547.0,-1947.0,-3152.0,1499.0,1442.0
-2926,1737,2553,1,-2159.0,-1058.0,527.0,-1947.0,2224.0,1499.0
-3493,2620,3011,1,-2926.0,-2159.0,1737.0,527.0,2553.0,2224.0
-3767,2594,2898,1,-3493.0,-2926.0,2620.0,1737.0,3011.0,2553.0
-3892,2252,2523,1,-3767.0,-3493.0,2594.0,2620.0,2898.0,3011.0
-3792,1801,2323,1,-3892.0,-3767.0,2252.0,2594.0,2523.0,2898.0
-3743,750,2093,1,-3792.0,-3892.0,1801.0,2252.0,2323.0,2523.0
-3487,24,2155,1,-3743.0,-3792.0,750.0,1801.0,2093.0,2323.0
-3237,-896,1899,1,-3487.0,-3743.0,24.0,750.0,2155.0,2093.0
-2884,-2969,2130,1,-3237.0,-3487.0,-896.0,24.0,1899.0,2155.0
-2609,-3255,2499,1,-2884.0,-3237.0,-2969.0,-896.0,2130.0,1899.0
-2494,-3966,2596,1,-2609.0,-2884.0,-3255.0,-2969.0,2499.0,2130.0
-2619,-3873,2566,1,-2494.0,-2609.0,-3966.0,-3255.0,2596.0,2499.0
-2640,-3902,2682,1,-2619.0,-2494.0,-3873.0,-3966.0,2566.0,2596.0
-2928,-3046,2585,1,-2640.0,-2619.0,-3902.0,-3873.0,2682.0,2566.0
-3397,-2074,2165,1,-2928.0,-2640.0,-3046.0,-3902.0,2585.0,2682.0
-3659,-1761,2183,1,-3397.0,-2928.0,-2074.0,-3046.0,2165.0,2585.0
-3912,-1684,2424,1,-3659.0,-3397.0,-1761.0,-2074.0,2183.0,2165.0
-4470,-997,2573,1,-3912.0,-3659.0,-1684.0,-1761.0,2424.0,2183.0
-4797,-1038,2765,1,-4470.0,-3912.0,-997.0,-1684.0,2573.0,2424.0
-5233,-1705,2415,1,-4797.0,-4470.0,-1038.0,-997.0,2765.0,2573.0
-5130,-2365,2060,1,-5233.0,-4797.0,-1705.0,-1038.0,2415.0,2765.0
-4862,-2582,1360,1,-5130.0,-5233.0,-2365.0,-1705.0,2060.0,2415.0
-4424,-2762,527,1,-4862.0,-5130.0,-2582.0,-2365.0,1360.0,2060.0
-3937,-2682,-317,1,-4424.0,-4862.0,-2762.0,-2582.0,527.0,1360.0
-3299,-2263,-1275,1,-3937.0,-4424.0,-2682.0,-2762.0,-317.0,527.0
-2576,-1479,-1934,1,-3299.0,-3937.0,-2263.0,-2682.0,-1275.0,-317.0
-2317,-785,-2654,1,-2576.0,-3299.0,-1479.0,-2263.0,-1934.0,-1275.0
-1993,513,-2930,1,-2317.0,-2576.0,-785.0,-1479.0,-2654.0,-1934.0
-1804,1011,-2902,1,-1993.0,-2317.0,513.0,-785.0,-2930.0,-2654.0
-1661,2718,-6358,1,-1804.0,-1993.0,1011.0,513.0,-2902.0,-2930.0
-642,3545,-8267,1,-1661.0,-1804.0,2718.0,1011.0,-6358.0,-2902.0
907,3088,-8461,1,-642.0,-1661.0,3545.0,2718.0,-8267.0,-6358.0
2620,1948,-6341,1,907.0,-642.0,3088.0,3545.0,-8461.0,-8267.0
3086,2404,-3186,1,2620.0,907.0,1948.0,3088.0,-6341.0,-8461.0
3000,3691,-627,1,3086.0,2620.0,2404.0,1948.0,-3186.0,-6341.0
3013,3657,608,1,3000.0,3086.0,3691.0,2404.0,-627.0,-3186.0
2835,1788,663,1,3013.0,3000.0,3657.0,3691.0,608.0,-627.0
2989,-905,604,1,2835.0,3013.0,1788.0,3657.0,663.0,608.0
2614,-2733,475,1,2989.0,2835.0,-905.0,1788.0,604.0,663.0
1671,-3495,382,1,2614.0,2989.0,-2733.0,-905.0,475.0,604.0
370,-4568,-43,1,1671.0,2614.0,-3495.0,-2733.0,382.0,475.0
-531,-5493,-173,1,370.0,1671.0,-4568.0,-3495.0,-43.0,382.0
-875,-6555,-217,1,-531.0,370.0,-5493.0,-4568.0,-173.0,-43.0
-1621,-7608,-495,1,-875.0,-531.0,-6555.0,-5493.0,-217.0,-173.0
-2691,-9026,-1194,1,-1621.0,-875.0,-7608.0,-6555.0,-495.0,-217.0
-3310,-13477,-2080,1,-2691.0,-1621.0,-9026.0,-7608.0,-1194.0,-495.0
-3642,-17053,-1942,1,-3310.0,-2691.0,-13477.0,-9026.0,-2080.0,-1194.0
-3670,-16174,960,1,-3642.0,-3310.0,-17053.0,-13477.0,-1942.0,-2080.0
-4872,-11199,4441,1,-3670.0,-3642.0,-16174.0,-17053.0,960.0,-1942.0
-7219,-6268,2713,1,-4872.0,-3670.0,-11199.0,-16174.0,4441.0,960.0
-7605,-3891,3525,1,-7219.0,-4872.0,-6268.0,-11199.0,2713.0,4441.0
-7789,-8702,640,1,-7605.0,-7219.0,-3891.0,-6268.0,3525.0,2713.0
-5816,-22620,-387,1,-7789.0,-7605.0,-8702.0,-3891.0,640.0,3525.0
-165,-14033,5789,1,-5816.0,-7789.0,-22620.0,-8702.0,-387.0,640.0
7636,1357,17604,1,-165.0,-5816.0,-14033.0,-22620.0,5789.0,-387.0
8003,7326,12882,1,7636.0,-165.0,1357.0,-14033.0,17604.0,5789.0
-2456,9375,-4781,1,8003.0,7636.0,7326.0,1357.0,12882.0,17604.0
-20849,14938,-30850,1,-2456.0,8003.0,9375.0,7326.0,-4781.0,12882.0
-12949,6529,-32764,1,-20849.0,-2456.0,14938.0,9375.0,-30850.0,-4781.0
-1611,6652,-31582,1,-12949.0,-20849.0,6529.0,14938.0,-32764.0,-30850.0
-1760,-2524,-15283,1,-1611.0,-12949.0,6652.0,6529.0,-31582.0,-32764.0
362,-618,-8991,1,-1760.0,-1611.0,-2524.0,6652.0,-15283.0,-31582.0
572,-914,-6258,1,362.0,-1760.0,-618.0,-2524.0,-8991.0,-15283.0
223,-1356,-5150,1,572.0,362.0,-914.0,-618.0,-6258.0,-8991.0
32,-1215,-4647,1,223.0,572.0,-1356.0,-914.0,-5150.0,-6258.0
259,-1247,-3716,1,32.0,223.0,-1215.0,-1356.0,-4647.0,-5150.0
388,-1402,-3617,1,259.0,32.0,-1247.0,-1215.0,-3716.0,-4647.0
331,-1318,-3954,1,388.0,259.0,-1402.0,-1247.0,-3617.0,-3716.0
257,-1362,-4436,1,331.0,388.0,-1318.0,-1402.0,-3954.0,-3617.0
132,-1340,-4514,1,257.0,331.0,-1362.0,-1318.0,-4436.0,-3954.0
22,-1269,-4381,1,132.0,257.0,-1340.0,-1362.0,-4514.0,-4436.0
73,-1255,-3948,1,22.0,132.0,-1269.0,-1340.0,-4381.0,-4514.0
15,-1378,-4028,1,73.0,22.0,-1255.0,-1269.0,-3948.0,-4381.0
53,-1244,-3661,1,15.0,73.0,-1378.0,-1255.0,-4028.0,-3948.0
11,-1240,-3447,1,53.0,15.0,-1244.0,-1378.0,-3661.0,-4028.0
47,-1288,-3303,1,11.0,53.0,-1240.0,-1244.0,-3447.0,-3661.0
80,-1325,-3215,1,47.0,11.0,-1288.0,-1240.0,-3303.0,-3447.0
169,-1338,-3091,1,80.0,47.0,-1325.0,-1288.0,-3215.0,-3303.0
243,-1465,-3057,1,169.0,80.0,-1338.0,-1325.0,-3091.0,-3215.0
259,-1529,-3070,1,243.0,169.0,-1465.0,-1338.0,-3057.0,-3091.0
228,-1559,-3075,1,259.0,243.0,-1529.0,-1465.0,-3070.0,-3057.0
124,-1518,-3194,1,228.0,259.0,-1559.0,-1529.0,-3075.0,-3070.0
252,-1552,-3171,1,124.0,228.0,-1518.0,-1559.0,-3194.0,-3075.0
319,-1502,-3136,1,252.0,124.0,-1552.0,-1518.0,-3171.0,-3194.0
299,-1411,-3022,1,319.0,252.0,-1502.0,-1552.0,-3136.0,-3171.0
270,-1455,-3083,1,299.0,319.0,-1411.0,-1502.0,-3022.0,-3136.0
338,-1467,-3042,1,270.0,299.0,-1455.0,-1411.0,-3083.0,-3022.0
272,-1494,-3195,1,338.0,270.0,-1467.0,-1455.0,-3042.0,-3083.0
103,-1435,-3245,1,272.0,338.0,-1494.0,-1467.0,-3195.0,-3042.0
110,-1439,-3265,1,103.0,272.0,-1435.0,-1494.0,-3245.0,-3195.0
147,-1440,-3330,1,110.0,103.0,-1439.0,-1435.0,-3265.0,-3245.0
152,-1429,-3419,1,147.0,110.0,-1440.0,-1439.0,-3330.0,-3265.0
247,-1420,-3556,1,152.0,147.0,-1429.0,-1440.0,-3419.0,-3330.0
269,-1364,-3605,1,247.0,152.0,-1420.0,-1429.0,-3556.0,-3419.0
248,-1329,-3629,1,269.0,247.0,-1364.0,-1420.0,-3605.0,-3556.0
197,-1305,-3659,1,248.0,269.0,-1329.0,-1364.0,-3629.0,-3605.0
149,-1287,-3757,1,197.0,248.0,-1305.0,-1329.0,-3659.0,-3629.0
206,-1259,-3844,1,149.0,197.0,-1287.0,-1305.0,-3757.0,-3659.0
252,-1261,-3904,1,206.0,149.0,-1259.0,-1287.0,-3844.0,-3757.0
288,-1399,-4093,1,252.0,206.0,-1261.0,-1259.0,-3904.0,-3844.0
353,-1299,-4221,1,288.0,252.0,-1399.0,-1261.0,-4093.0,-3904.0
333,-1345,-4378,1,353.0,288.0,-1299.0,-1399.0,-4221.0,-4093.0
167,-1284,-4485,1,333.0,353.0,-1345.0,-1299.0,-4378.0,-4221.0
102,-1236,-4551,1,167.0,333.0,-1284.0,-1345.0,-4485.0,-4378.0
60,-1370,-4521,1,102.0,167.0,-1236.0,-1284.0,-4551.0,-4485.0
75,-1137,-4274,1,60.0,102.0,-1370.0,-1236.0,-4521.0,-4551.0
51,-1402,-4253,1,75.0,60.0,-1137.0,-1370.0,-4274.0,-4521.0
20,-1303,-4161,1,51.0,75.0,-1402.0,-1137.0,-4253.0,-4274.0
72,-1319,-4169,1,20.0,51.0,-1303.0,-1402.0,-4161.0,-4253.0
66,-1349,-4265,1,72.0,20.0,-1319.0,-1303.0,-4169.0,-4161.0
45,-1246,-4193,1,66.0,72.0,-1349.0,-1319.0,-4265.0,-4169.0
90,-1145,-4092,1,45.0,66.0,-1246.0,-1349.0,-4193.0,-4265.0
116,-1288,-4254,1,90.0,45.0,-1145.0,-1246.0,-4092.0,-4193.0
44,-1139,-4215,1,116.0,90.0,-1288.0,-1145.0,-4254.0,-4092.0
73,-1216,-4258,1,44.0,116.0,-1139.0,-1288.0,-4215.0,-4254.0
51,-1257,-4238,1,73.0,44.0,-1216.0,-1139.0,-4258.0,-4215.0
114,-1198,-4164,1,51.0,73.0,-1257.0,-1216.0,-4238.0,-4258.0
78,-1271,-4160,1,114.0,51.0,-1198.0,-1257.0,-4164.0,-4238.0
35,-1255,-4173,1,78.0,114.0,-1271.0,-1198.0,-4160.0,-4164.0
100,-1190,-3937,1,35.0,78.0,-1255.0,-1271.0,-4173.0,-4160.0
74,-1275,-4037,1,100.0,35.0,-1190.0,-1255.0,-3937.0,-4173.0
59,-1224,-4137,1,74.0,100.0,-1275.0,-1190.0,-4037.0,-3937.0
93,-1283,-4123,1,59.0,74.0,-1224.0,-1275.0,-4137.0,-4037.0
83,-1263,-4060,1,93.0,59.0,-1283.0,-1224.0,-4123.0,-4137.0
54,-1264,-4067,1,83.0,93.0,-1263.0,-1283.0,-4060.0,-4123.0
91,-1315,-3922,1,54.0,83.0,-1264.0,-1263.0,-4067.0,-4060.0
79,-1269,-3923,1,91.0,54.0,-1315.0,-1264.0,-3922.0,-4067.0
98,-1296,-3964,1,79.0,91.0,-1269.0,-1315.0,-3923.0,-3922.0
86,-1281,-3909,1,98.0,79.0,-1296.0,-1269.0,-3964.0,-3923.0
77,-1318,-3886,1,86.0,98.0,-1281.0,-1296.0,-3909.0,-3964.0
103,-1304,-3835,1,77.0,86.0,-1318.0,-1281.0,-3886.0,-3909.0
58,-1276,-3866,1,103.0,77.0,-1304.0,-1318.0,-3835.0,-3886.0
75,-1437,-4086,1,58.0,103.0,-1276.0,-1304.0,-3866.0,-3835.0
87,-1235,-3715,1,75.0,58.0,-1437.0,-1276.0,-4086.0,-3866.0
49,-1333,-3789,1,87.0,75.0,-1235.0,-1437.0,-3715.0,-4086.0
103,-1322,-3797,1,49.0,87.0,-1333.0,-1235.0,-3789.0,-3715.0
78,-1331,-3841,1,103.0,49.0,-1322.0,-1333.0,-3797.0,-3789.0
111,-1342,-3707,1,78.0,103.0,-1331.0,-1322.0,-3841.0,-3797.0
65,-1376,-3873,1,111.0,78.0,-1342.0,-1331.0,-3707.0,-3841.0
120,-1201,-3925,1,65.0,111.0,-1376.0,-1342.0,-3873.0,-3707.0
109,-1306,-3965,1,120.0,65.0,-1201.0,-1376.0,-3925.0,-3873.0
98,-1311,-3964,1,109.0,120.0,-1306.0,-1201.0,-3965.0,-3925.0
83,-1313,-3992,1,98.0,109.0,-1311.0,-1306.0,-3964.0,-3965.0
100,-1303,-3968,1,83.0,98.0,-1313.0,-1311.0,-3992.0,-3964.0
111,-1305,-3905,1,100.0,83.0,-1303.0,-1313.0,-3968.0,-3992.0
91,-1319,-3902,1,111.0,100.0,-1305.0,-1303.0,-3905.0,-3968.0
85,-1319,-3892,1,91.0,111.0,-1319.0,-1305.0,-3902.0,-3905.0
107,-1301,-3921,1,85.0,91.0,-1319.0,-1319.0,-3892.0,-3902.0
109,-1297,-3910,1,107.0,85.0,-1301.0,-1319.0,-3921.0,-3892.0
95,-1342,-3888,1,109.0,107.0,-1297.0,-1301.0,-3910.0,-3921.0
102,-1325,-3851,1,95.0,109.0,-1342.0,-1297.0,-3888.0,-3910.0
89,-1356,-3892,1,102.0,95.0,-1325.0,-1342.0,-3851.0,-3888.0
118,-1302,-3930,1,89.0,102.0,-1356.0,-1325.0,-3892.0,-3851.0
105,-1366,-3875,1,118.0,89.0,-1302.0,-1356.0,-3930.0,-3892.0
96,-1336,-3851,1,105.0,118.0,-1366.0,-1302.0,-3875.0,-3930.0
96,-1388,-3893,1,96.0,105.0,-1336.0,-1366.0,-3851.0,-3875.0
98,-1334,-3915,1,96.0,96.0,-1388.0,-1336.0,-3893.0,-3851.0
122,-1318,-3966,1,98.0,96.0,-1334.0,-1388.0,-3915.0,-3893.0
106,-1337,-3981,1,122.0,98.0,-1318.0,-1334.0,-3966.0,-3915.0
114,-1326,-3941,1,106.0,122.0,-1337.0,-1318.0,-3981.0,-3966.0
97,-1355,-3984,1,114.0,106.0,-1326.0,-1337.0,-3941.0,-3981.0
97,-1325,-3931,1,97.0,114.0,-1355.0,-1326.0,-3984.0,-3941.0
97,-1342,-3976,1,97.0,97.0,-1325.0,-1355.0,-3931.0,-3984.0
53,-1316,-3896,1,97.0,97.0,-1342.0,-1325.0,-3976.0,-3931.0
80,-1327,-3882,1,53.0,97.0,-1316.0,-1342.0,-3896.0,-3976.0
89,-1304,-3945,1,80.0,53.0,-1327.0,-1316.0,-3882.0,-3896.0
97,-1311,-3925,1,89.0,80.0,-1304.0,-1327.0,-3945.0,-3882.0
98,-1316,-3937,1,97.0,89.0,-1311.0,-1304.0,-3925.0,-3945.0
95,-1314,-3911,1,98.0,97.0,-1316.0,-1311.0,-3937.0,-3925.0
104,-1315,-3901,1,95.0,98.0,-1314.0,-1316.0,-3911.0,-3937.0
71,-1308,-3873,1,104.0,95.0,-1315.0,-1314.0,-3901.0,-3911.0
86,-1318,-3888,1,71.0,104.0,-1308.0,-1315.0,-3873.0,-3901.0
134,-1314,-3916,1,86.0,71.0,-1318.0,-1308.0,-3888.0,-3873.0
-17,-1316,-3795,1,134.0,86.0,-1314.0,-1318.0,-3916.0,-3888.0
131,-1306,-3863,1,-17.0,134.0,-1316.0,-1314.0,-3795.0,-3916.0
106,-1335,-4003,1,131.0,-17.0,-1306.0,-1316.0,-3863.0,-3795.0
91,-1312,-3991,1,106.0,131.0,-1335.0,-1306.0,-4003.0,-3863.0
107,-1298,-3925,1,91.0,106.0,-1312.0,-1335.0,-3991.0,-4003.0
90,-1318,-3902,1,107.0,91.0,-1298.0,-1312.0,-3925.0,-3991.0
94,-1317,-3884,1,90.0,107.0,-1318.0,-1298.0,-3902.0,-3925.0
110,-1313,-3929,1,94.0,90.0,-1317.0,-1318.0,-3884.0,-3902.0
100,-1292,-3994,1,110.0,94.0,-1313.0,-1317.0,-3929.0,-3884.0
90,-1289,-3950,1,100.0,110.0,-1292.0,-1313.0,-3994.0,-3929.0
103,-1297,-3928,1,90.0,100.0,-1289.0,-1292.0,-3950.0,-3994.0
90,-1296,-3936,1,103.0,90.0,-1297.0,-1289.0,-3928.0,-3950.0
94,-1291,-3932,1,90.0,103.0,-1296.0,-1297.0,-3936.0,-3928.0
89,-1295,-3938,1,94.0,90.0,-1291.0,-1296.0,-3932.0,-3936.0
94,-1284,-3947,1,89.0,94.0,-1295.0,-1291.0,-3938.0,-3932.0
98,-1290,-3967,1,94.0,89.0,-1284.0,-1295.0,-3947.0,-3938.0
86,-1289,-3971,1,98.0,94.0,-1290.0,-1284.0,-3967.0,-3947.0
94,-1292,-3970,1,86.0,98.0,-1289.0,-1290.0,-3971.0,-3967.0
104,-1292,-3957,1,94.0,86.0,-1292.0,-1289.0,-3970.0,-3971.0
97,-1290,-3941,1,104.0,94.0,-1292.0,-1292.0,-3957.0,-3970.0
89,-1295,-3939,1,97.0,104.0,-1290.0,-1292.0,-3941.0,-3957.0
90,-1285,-3964,1,89.0,97.0,-1295.0,-1290.0,-3939.0,-3941.0
91,-1286,-3972,1,90.0,89.0,-1285.0,-1295.0,-3964.0,-3939.0
95,-1290,-3974,1,91.0,90.0,-1286.0,-1285.0,-3972.0,-3964.0
91,-1288,-3967,1,95.0,91.0,-1290.0,-1286.0,-3974.0,-3972.0
97,-1295,-3971,1,91.0,95.0,-1288.0,-1290.0,-3967.0,-3974.0
97,-1282,-3954,1,97.0,91.0,-1295.0,-1288.0,-3971.0,-3967.0
113,-1289,-3946,1,97.0,97.0,-1282.0,-1295.0,-3954.0,-3971.0
96,-1274,-3939,1,113.0,97.0,-1289.0,-1282.0,-3946.0,-3954.0
101,-1291,-3928,1,96.0,113.0,-1274.0,-1289.0,-3939.0,-3946.0
97,-1284,-3914,1,101.0,96.0,-1291.0,-1274.0,-3928.0,-3939.0
103,-1287,-3916,1,97.0,101.0,-1284.0,-1291.0,-3914.0,-3928.0
98,-1284,-3924,1,103.0,97.0,-1287.0,-1284.0,-3916.0,-3914.0
102,-1276,-3939,1,98.0,103.0,-1284.0,-1287.0,-3924.0,-3916.0
109,-1280,-3937,1,102.0,98.0,-1276.0,-1284.0,-3939.0,-3924.0
96,-1273,-3933,1,109.0,102.0,-1280.0,-1276.0,-3937.0,-3939.0
84,-1271,-3944,1,96.0,109.0,-1273.0,-1280.0,-3933.0,-3937.0
98,-1270,-3941,1,84.0,96.0,-1271.0,-1273.0,-3944.0,-3933.0
102,-1267,-3927,1,98.0,84.0,-1270.0,-1271.0,-3941.0,-3944.0
108,-1269,-3932,1,102.0,98.0,-1267.0,-1270.0,-3927.0,-3941.0
101,-1271,-3952,1,108.0,102.0,-1269.0,-1267.0,-3932.0,-3927.0
99,-1268,-3947,1,101.0,108.0,-1271.0,-1269.0,-3952.0,-3932.0
113,-1269,-3938,1,99.0,101.0,-1268.0,-1271.0,-3947.0,-3952.0
124,-1267,-3942,1,113.0,99.0,-1269.0,-1268.0,-3938.0,-3947.0
84,-1256,-3937,1,124.0,113.0,-1267.0,-1269.0,-3942.0,-3938.0
86,-1271,-3974,1,84.0,124.0,-1256.0,-1267.0,-3937.0,-3942.0
99,-1257,-3973,1,86.0,84.0,-1271.0,-1256.0,-3974.0,-3937.0
102,-1266,-3967,1,99.0,86.0,-1257.0,-1271.0,-3973.0,-3974.0
91,-1262,-3955,1,102.0,99.0,-1266.0,-1257.0,-3967.0,-3973.0
101,-1272,-3939,1,91.0,102.0,-1262.0,-1266.0,-3955.0,-3967.0
91,-1259,-3945,1,101.0,91.0,-1272.0,-1262.0,-3939.0,-3955.0
96,-1260,-3955,1,91.0,101.0,-1259.0,-1272.0,-3945.0,-3939.0
92,-1255,-3981,1,96.0,91.0,-1260.0,-1259.0,-3955.0,-3945.0
93,-1250,-3991,1,92.0,96.0,-1255.0,-1260.0,-3981.0,-3955.0
99,-1248,-4002,1,93.0,92.0,-1250.0,-1255.0,-3991.0,-3981.0
94,-1245,-3996,1,99.0,93.0,-1248.0,-1250.0,-4002.0,-3991.0
107,-1234,-3966,1,94.0,99.0,-1245.0,-1248.0,-3996.0,-4002.0
113,-1240,-3964,1,107.0,94.0,-1234.0,-1245.0,-3966.0,-3996.0
92,-1259,-3969,1,113.0,107.0,-1240.0,-1234.0,-3964.0,-3966.0
87,-1256,-3957,1,92.0,113.0,-1259.0,-1240.0,-3969.0,-3964.0
110,-1241,-3950,1,87.0,92.0,-1256.0,-1259.0,-3957.0,-3969.0
114,-1236,-3939,1,110.0,87.0,-1241.0,-1256.0,-3950.0,-3957.0
62,-1243,-3968,1,114.0,110.0,-1236.0,-1241.0,-3939.0,-3950.0
96,-1240,-4002,1,62.0,114.0,-1243.0,-1236.0,-3968.0,-3939.0
91,-1238,-3982,1,96.0,62.0,-1240.0,-1243.0,-4002.0,-3968.0
90,-1243,-4000,1,91.0,96.0,-1238.0,-1240.0,-3982.0,-4002.0
90,-1247,-4011,1,90.0,91.0,-1243.0,-1238.0,-4000.0,-3982.0
92,-1244,-3998,1,90.0,90.0,-1247.0,-1243.0,-4011.0,-4000.0
85,-1247,-3975,1,92.0,90.0,-1244.0,-1247.0,-3998.0,-4011.0
87,-1246,-3962,1,85.0,92.0,-1247.0,-1244.0,-3975.0,-3998.0
91,-1244,-3942,1,87.0,85.0,-1246.0,-1247.0,-3962.0,-3975.0
85,-1241,-3965,1,91.0,87.0,-1244.0,-1246.0,-3942.0,-3962.0
94,-1236,-3985,1,85.0,91.0,-1241.0,-1244.0,-3965.0,-3942.0
98,-1232,-3932,1,94.0,85.0,-1236.0,-1241.0,-3985.0,-3965.0
96,-1245,-3933,1,98.0,94.0,-1232.0,-1236.0,-3932.0,-3985.0
93,-1248,-3963,1,96.0,98.0,-1245.0,-1232.0,-3933.0,-3932.0
106,-1237,-3965,1,93.0,96.0,-1248.0,-1245.0,-3963.0,-3933.0
80,-1252,-3969,1,106.0,93.0,-1237.0,-1248.0,-3965.0,-3963.0
93,-1242,-3976,1,80.0,106.0,-1252.0,-1237.0,-3969.0,-3965.0
94,-1242,-3980,1,93.0,80.0,-1242.0,-1252.0,-3976.0,-3969.0
102,-1247,-3988,1,94.0,93.0,-1242.0,-1242.0,-3980.0,-3976.0
90,-1244,-3961,1,102.0,94.0,-1247.0,-1242.0,-3988.0,-3980.0
97,-1254,-3938,1,90.0,102.0,-1244.0,-1247.0,-3961.0,-3988.0
96,-1257,-3915,1,97.0,90.0,-1254.0,-1244.0,-3938.0,-3961.0
97,-1252,-3932,1,96.0,97.0,-1257.0,-1254.0,-3915.0,-3938.0
94,-1250,-3938,1,97.0,96.0,-1252.0,-1257.0,-3932.0,-3915.0
87,-1245,-3964,1,94.0,97.0,-1250.0,-1252.0,-3938.0,-3932.0
87,-1245,-3968,1,87.0,94.0,-1245.0,-1250.0,-3964.0,-3938.0
87,-1242,-3964,1,87.0,87.0,-1245.0,-1245.0,-3968.0,-3964.0
94,-1251,-3964,1,87.0,87.0,-1242.0,-1245.0,-3964.0,-3968.0
86,-1249,-3959,1,94.0,87.0,-1251.0,-1242.0,-3964.0,-3964.0
96,-1252,-3952,1,86.0,94.0,-1249.0,-1251.0,-3959.0,-3964.0
96,-1242,-3963,1,96.0,86.0,-1252.0,-1249.0,-3952.0,-3959.0
89,-1243,-3967,1,96.0,96.0,-1242.0,-1252.0,-3963.0,-3952.0
88,-1244,-3973,1,89.0,96.0,-1243.0,-1242.0,-3967.0,-3963.0
92,-1250,-3973,1,88.0,89.0,-1244.0,-1243.0,-3973.0,-3967.0
84,-1244,-3973,1,92.0,88.0,-1250.0,-1244.0,-3973.0,-3973.0
96,-1249,-3956,1,84.0,92.0,-1244.0,-1250.0,-3973.0,-3973.0
93,-1253,-3958,1,96.0,84.0,-1249.0,-1244.0,-3956.0,-3973.0
92,-1261,-3946,1,93.0,96.0,-1253.0,-1249.0,-3958.0,-3956.0
106,-1298,-3883,1,92.0,93.0,-1261.0,-1253.0,-3946.0,-3958.0
92,-1237,-4018,1,106.0,92.0,-1298.0,-1261.0,-3883.0,-3946.0
84,-1247,-3999,1,92.0,106.0,-1237.0,-1298.0,-4018.0,-3883.0
86,-1247,-3956,1,84.0,92.0,-1247.0,-1237.0,-3999.0,-4018.0
91,-1253,-3948,1,86.0,84.0,-1247.0,-1247.0,-3956.0,-3999.0
89,-1257,-3955,1,91.0,86.0,-1253.0,-1247.0,-3948.0,-3956.0
86,-1263,-3953,1,89.0,91.0,-1257.0,-1253.0,-3955.0,-3948.0
86,-1262,-3944,1,86.0,89.0,-1263.0,-1257.0,-3953.0,-3955.0
92,-1257,-3947,1,86.0,86.0,-1262.0,-1263.0,-3944.0,-3953.0
97,-1252,-3948,1,92.0,86.0,-1257.0,-1262.0,-3947.0,-3944.0
91,-1259,-3954,1,97.0,92.0,-1252.0,-1257.0,-3948.0,-3947.0
85,-1251,-3946,1,91.0,97.0,-1259.0,-1252.0,-3954.0,-3948.0
89,-1252,-3948,1,85.0,91.0,-1251.0,-1259.0,-3946.0,-3954.0
93,-1257,-3955,1,89.0,85.0,-1252.0,-1251.0,-3948.0,-3946.0
96,-1250,-3948,1,93.0,89.0,-1257.0,-1252.0,-3955.0,-3948.0
92,-1252,-3955,1,96.0,93.0,-1250.0,-1257.0,-3948.0,-3955.0
95,-1247,-3958,1,92.0,96.0,-1252.0,-1250.0,-3955.0,-3948.0
86,-1252,-3968,1,95.0,92.0,-1247.0,-1252.0,-3958.0,-3955.0
89,-1251,-3968,1,86.0,95.0,-1252.0,-1247.0,-3968.0,-3958.0
88,-1245,-3951,1,89.0,86.0,-1251.0,-1252.0,-3968.0,-3968.0
87,-1257,-3957,1,88.0,89.0,-1245.0,-1251.0,-3951.0,-3968.0
89,-1258,-3951,1,87.0,88.0,-1257.0,-1245.0,-3957.0,-3951.0
93,-1250,-3954,1,89.0,87.0,-1258.0,-1257.0,-3951.0,-3957.0
94,-1256,-3963,1,93.0,89.0,-1250.0,-1258.0,-3954.0,-3951.0
101,-1252,-3959,1,94.0,93.0,-1256.0,-1250.0,-3963.0,-3954.0
92,-1252,-3968,1,101.0,94.0,-1252.0,-1256.0,-3959.0,-3963.0
90,-1256,-3954,1,92.0,101.0,-1252.0,-1252.0,-3968.0,-3959.0
88,-1256,-3953,1,90.0,92.0,-1256.0,-1252.0,-3954.0,-3968.0
88,-1248,-3961,1,88.0,90.0,-1256.0,-1256.0,-3953.0,-3954.0
88,-1255,-3952,1,88.0,88.0,-1248.0,-1256.0,-3961.0,-3953.0
92,-1258,-3957,1,88.0,88.0,-1255.0,-1248.0,-3952.0,-3961.0
93,-1254,-3952,1,92.0,88.0,-1258.0,-1255.0,-3957.0,-3952.0
87,-1260,-3958,1,93.0,92.0,-1254.0,-1258.0,-3952.0,-3957.0
88,-1248,-3963,1,87.0,93.0,-1260.0,-1254.0,-3958.0,-3952.0
91,-1252,-3961,1,88.0,87.0,-1248.0,-1260.0,-3963.0,-3958.0
100,-1260,-3954,1,91.0,88.0,-1252.0,-1248.0,-3961.0,-3963.0
36,-1230,-3942,1,100.0,91.0,-1260.0,-1252.0,-3954.0,-3961.0
91,-1248,-3931,1,36.0,100.0,-1230.0,-1260.0,-3942.0,-3954.0
134,-1261,-3958,1,91.0,36.0,-1248.0,-1230.0,-3931.0,-3942.0
76,-1249,-3949,1,134.0,91.0,-1261.0,-1248.0,-3958.0,-3931.0
100,-1245,-3959,1,76.0,134.0,-1249.0,-1261.0,-3949.0,-3958.0
96,-1243,-3948,1,100.0,76.0,-1245.0,-1249.0,-3959.0,-3949.0
101,-1252,-3961,1,96.0,100.0,-1243.0,-1245.0,-3948.0,-3959.0
114,-1248,-3953,1,101.0,96.0,-1252.0,-1243.0,-3961.0,-3948.0
70,-1253,-3958,1,114.0,101.0,-1248.0,-1252.0,-3953.0,-3961.0
93,-1243,-3959,1,70.0,114.0,-1253.0,-1248.0,-3958.0,-3953.0
102,-1258,-3974,1,93.0,70.0,-1243.0,-1253.0,-3959.0,-3958.0
102,-1258,-3956,1,102.0,93.0,-1258.0,-1243.0,-3974.0,-3959.0
97,-1261,-3948,1,102.0,102.0,-1258.0,-1258.0,-3956.0,-3974.0
93,-1257,-3980,1,97.0,102.0,-1261.0,-1258.0,-3948.0,-3956.0
87,-1241,-3964,1,93.0,97.0,-1257.0,-1261.0,-3980.0,-3948.0
93,-1247,-3959,1,87.0,93.0,-1241.0,-1257.0,-3964.0,-3980.0
91,-1249,-3948,1,93.0,87.0,-1247.0,-1241.0,-3959.0,-3964.0
84,-1251,-3951,1,91.0,93.0,-1249.0,-1247.0,-3948.0,-3959.0
101,-1254,-3949,1,84.0,91.0,-1251.0,-1249.0,-3951.0,-3948.0
94,-1244,-3949,1,101.0,84.0,-1254.0,-1251.0,-3949.0,-3951.0
97,-1248,-3950,1,94.0,101.0,-1244.0,-1254.0,-3949.0,-3949.0
101,-1241,-3960,1,97.0,94.0,-1248.0,-1244.0,-3950.0,-3949.0
101,-1235,-3948,1,101.0,97.0,-1241.0,-1248.0,-3960.0,-3950.0
80,-1247,-3965,1,101.0,101.0,-1235.0,-1241.0,-3948.0,-3960.0
100,-1245,-3970,1,80.0,101.0,-1247.0,-1235.0,-3965.0,-3948.0
81,-1242,-3969,1,100.0,80.0,-1245.0,-1247.0,-3970.0,-3965.0
86,-1240,-3970,1,81.0,100.0,-1242.0,-1245.0,-3969.0,-3970.0
96,-1238,-3966,1,86.0,81.0,-1240.0,-1242.0,-3970.0,-3969.0
89,-1248,-3964,1,96.0,86.0,-1238.0,-1240.0,-3966.0,-3970.0
87,-1246,-3975,1,89.0,96.0,-1248.0,-1238.0,-3964.0,-3966.0
91,-1245,-3965,1,87.0,89.0,-1246.0,-1248.0,-3975.0,-3964.0
94,-1249,-3957,1,91.0,87.0,-1245.0,-1246.0,-3965.0,-3975.0
91,-1247,-3955,1,94.0,91.0,-1249.0,-1245.0,-3957.0,-3965.0
89,-1247,-3961,1,91.0,94.0,-1247.0,-1249.0,-3955.0,-3957.0
83,-1244,-3971,1,89.0,91.0,-1247.0,-1247.0,-3961.0,-3955.0
90,-1240,-3961,1,83.0,89.0,-1244.0,-1247.0,-3971.0,-3961.0
83,-1245,-3961,1,90.0,83.0,-1240.0,-1244.0,-3961.0,-3971.0
96,-1243,-3973,1,83.0,90.0,-1245.0,-1240.0,-3961.0,-3961.0
88,-1243,-3963,1,96.0,83.0,-1243.0,-1245.0,-3973.0,-3961.0
82,-1240,-3959,1,88.0,96.0,-1243.0,-1243.0,-3963.0,-3973.0
94,-1240,-3972,1,82.0,88.0,-1240.0,-1243.0,-3959.0,-3963.0
94,-1244,-3943,1,94.0,82.0,-1240.0,-1240.0,-3972.0,-3959.0
89,-1246,-3944,1,94.0,94.0,-1244.0,-1240.0,-3943.0,-3972.0
85,-1248,-3978,1,89.0,94.0,-1246.0,-1244.0,-3944.0,-3943.0
98,-1244,-3977,1,85.0,89.0,-1248.0,-1246.0,-3978.0,-3944.0
94,-1240,-3962,1,98.0,85.0,-1244.0,-1248.0,-3977.0,-3978.0
89,-1243,-3952,1,94.0,98.0,-1240.0,-1244.0,-3962.0,-3977.0
99,-1245,-3963,1,89.0,94.0,-1243.0,-1240.0,-3952.0,-3962.0
93,-1248,-3952,1,99.0,89.0,-1245.0,-1243.0,-3963.0,-3952.0
100,-1256,-3938,1,93.0,99.0,-1248.0,-1245.0,-3952.0,-3963.0
93,-1246,-3948,1,100.0,93.0,-1256.0,-1248.0,-3938.0,-3952.0
93,-1248,-3960,1,93.0,100.0,-1246.0,-1256.0,-3948.0,-3938.0
94,-1241,-3963,1,93.0,93.0,-1248.0,-1246.0,-3960.0,-3948.0
97,-1245,-3970,1,94.0,93.0,-1241.0,-1248.0,-3963.0,-3960.0
103,-1249,-3967,1,97.0,94.0,-1245.0,-1241.0,-3970.0,-3963.0
92,-1248,-3968,1,103.0,97.0,-1249.0,-1245.0,-3967.0,-3970.0
96,-1243,-3966,1,92.0,103.0,-1248.0,-1249.0,-3968.0,-3967.0
92,-1249,-3960,1,96.0,92.0,-1243.0,-1248.0,-3966.0,-3968.0
98,-1243,-3956,1,92.0,96.0,-1249.0,-1243.0,-3960.0,-3966.0
93,-1246,-3965,1,98.0,92.0,-1243.0,-1249.0,-3956.0,-3960.0
88,-1252,-3967,1,93.0,98.0,-1246.0,-1243.0,-3965.0,-3956.0
91,-1252,-3962,1,88.0,93.0,-1252.0,-1246.0,-3967.0,-3965.0
86,-1247,-3965,1,91.0,88.0,-1252.0,-1252.0,-3962.0,-3967.0
94,-1251,-3966,1,86.0,91.0,-1247.0,-1252.0,-3965.0,-3962.0
91,-1248,-3961,1,94.0,86.0,-1251.0,-1247.0,-3966.0,-3965.0
92,-1248,-3959,1,91.0,94.0,-1248.0,-1251.0,-3961.0,-3966.0
93,-1253,-3947,1,92.0,91.0,-1248.0,-1248.0,-3959.0,-3961.0
92,-1253,-3939,1,93.0,92.0,-1253.0,-1248.0,-3947.0,-3959.0
88,-1249,-3953,1,92.0,93.0,-1253.0,-1253.0,-3939.0,-3947.0
87,-1252,-3960,1,88.0,92.0,-1249.0,-1253.0,-3953.0,-3939.0
85,-1247,-3958,1,87.0,88.0,-1252.0,-1249.0,-3960.0,-3953.0
92,-1247,-3966,1,85.0,87.0,-1247.0,-1252.0,-3958.0,-3960.0
98,-1250,-3972,1,92.0,85.0,-1247.0,-1247.0,-3966.0,-3958.0
92,-1252,-3964,1,98.0,92.0,-1250.0,-1247.0,-3972.0,-3966.0
83,-1251,-3955,1,92.0,98.0,-1252.0,-1250.0,-3964.0,-3972.0
100,-1250,-3957,1,83.0,92.0,-1251.0,-1252.0,-3955.0,-3964.0
100,-1248,-3957,1,100.0,83.0,-1250.0,-1251.0,-3957.0,-3955.0
89,-1247,-3956,1,100.0,100.0,-1248.0,-1250.0,-3957.0,-3957.0
95,-1253,-3951,1,89.0,100.0,-1247.0,-1248.0,-3956.0,-3957.0
94,-1247,-3949,1,95.0,89.0,-1253.0,-1247.0,-3951.0,-3956.0
95,-1255,-3946,1,94.0,95.0,-1247.0,-1253.0,-3949.0,-3951.0
84,-1246,-3943,1,95.0,94.0,-1255.0,-1247.0,-3946.0,-3949.0
37,-1252,-3883,1,84.0,95.0,-1246.0,-1255.0,-3943.0,-3946.0
78,-1147,-4066,1,37.0,84.0,-1252.0,-1246.0,-3883.0,-3943.0
96,-1236,-3952,1,78.0,37.0,-1147.0,-1252.0,-4066.0,-3883.0
98,-1257,-3950,1,96.0,78.0,-1236.0,-1147.0,-3952.0,-4066.0
94,-1259,-3937,1,98.0,96.0,-1257.0,-1236.0,-3950.0,-3952.0
97,-1252,-3935,1,94.0,98.0,-1259.0,-1257.0,-3937.0,-3950.0
99,-1248,-3940,1,97.0,94.0,-1252.0,-1259.0,-3935.0,-3937.0
95,-1245,-3939,1,99.0,97.0,-1248.0,-1252.0,-3940.0,-3935.0
94,-1250,-3950,1,95.0,99.0,-1245.0,-1248.0,-3939.0,-3940.0
105,-1245,-3965,1,94.0,95.0,-1250.0,-1245.0,-3950.0,-3939.0
96,-1245,-3970,1,105.0,94.0,-1245.0,-1250.0,-3965.0,-3950.0
92,-1250,-3968,1,96.0,105.0,-1245.0,-1245.0,-3970.0,-3965.0
90,-1238,-3965,1,92.0,96.0,-1250.0,-1245.0,-3968.0,-3970.0
90,-1250,-3955,1,90.0,92.0,-1238.0,-1250.0,-3965.0,-3968.0
91,-1247,-3956,1,90.0,90.0,-1250.0,-1238.0,-3955.0,-3965.0
96,-1248,-3954,1,91.0,90.0,-1247.0,-1250.0,-3956.0,-3955.0
98,-1242,-3972,1,96.0,91.0,-1248.0,-1247.0,-3954.0,-3956.0
102,-1239,-3966,1,98.0,96.0,-1242.0,-1248.0,-3972.0,-3954.0
93,-1249,-3973,1,102.0,98.0,-1239.0,-1242.0,-3966.0,-3972.0
101,-1236,-3947,1,93.0,102.0,-1249.0,-1239.0,-3973.0,-3966.0
134,-1237,-3952,1,101.0,93.0,-1236.0,-1249.0,-3947.0,-3973.0
-19,-1239,-3931,1,134.0,101.0,-1237.0,-1236.0,-3952.0,-3947.0
113,-1178,-3915,1,-19.0,134.0,-1239.0,-1237.0,-3931.0,-3952.0
130,-1240,-3929,1,113.0,-19.0,-1178.0,-1239.0,-3915.0,-3931.0
36,-1225,-3979,1,130.0,113.0,-1240.0,-1178.0,-3929.0,-3915.0
83,-1246,-3937,1,36.0,130.0,-1225.0,-1240.0,-3979.0,-3929.0
92,-1224,-3976,1,83.0,36.0,-1246.0,-1225.0,-3937.0,-3979.0
98,-1233,-3972,1,92.0,83.0,-1224.0,-1246.0,-3976.0,-3937.0
98,-1240,-3967,1,98.0,92.0,-1233.0,-1224.0,-3972.0,-3976.0
98,-1245,-3965,1,98.0,98.0,-1240.0,-1233.0,-3967.0,-3972.0
48,-1255,-3906,1,98.0,98.0,-1245.0,-1240.0,-3965.0,-3967.0
113,-1153,-4071,1,48.0,98.0,-1255.0,-1245.0,-3906.0,-3965.0
101,-1252,-3943,1,113.0,48.0,-1153.0,-1255.0,-4071.0,-3906.0
110,-1252,-3948,1,101.0,113.0,-1252.0,-1153.0,-3943.0,-4071.0
101,-1256,-3948,1,110.0,101.0,-1252.0,-1252.0,-3948.0,-3943.0
100,-1252,-3948,1,101.0,110.0,-1256.0,-1252.0,-3948.0,-3948.0
87,-1243,-3957,1,100.0,101.0,-1252.0,-1256.0,-3948.0,-3948.0
93,-1251,-3969,1,87.0,100.0,-1243.0,-1252.0,-3957.0,-3948.0
88,-1242,-3955,1,93.0,87.0,-1251.0,-1243.0,-3969.0,-3957.0
97,-1235,-3956,1,88.0,93.0,-1242.0,-1251.0,-3955.0,-3969.0
110,-1245,-3946,1,97.0,88.0,-1235.0,-1242.0,-3956.0,-3955.0
94,-1239,-3945,1,110.0,97.0,-1245.0,-1235.0,-3946.0,-3956.0
104,-1242,-3973,1,94.0,110.0,-1239.0,-1245.0,-3945.0,-3946.0
97,-1240,-3965,1,104.0,94.0,-1242.0,-1239.0,-3973.0,-3945.0
101,-1223,-3948,1,97.0,104.0,-1240.0,-1242.0,-3965.0,-3973.0
104,-1262,-3954,1,101.0,97.0,-1223.0,-1240.0,-3948.0,-3965.0
95,-1258,-3982,1,104.0,101.0,-1262.0,-1223.0,-3954.0,-3948.0
101,-1238,-3964,1,95.0,104.0,-1258.0,-1262.0,-3982.0,-3954.0
96,-1241,-3966,1,101.0,95.0,-1238.0,-1258.0,-3964.0,-3982.0
99,-1240,-3967,1,96.0,101.0,-1241.0,-1238.0,-3966.0,-3964.0
97,-1241,-3971,1,99.0,96.0,-1240.0,-1241.0,-3967.0,-3966.0
96,-1242,-3966,1,97.0,99.0,-1241.0,-1240.0,-3971.0,-3967.0
95,-1251,-3951,1,96.0,97.0,-1242.0,-1241.0,-3966.0,-3971.0
93,-1243,-3951,1,95.0,96.0,-1251.0,-1242.0,-3951.0,-3966.0
107,-1238,-3955,1,93.0,95.0,-1243.0,-1251.0,-3951.0,-3951.0
104,-1244,-3958,1,107.0,93.0,-1238.0,-1243.0,-3955.0,-3951.0
95,-1245,-3966,1,104.0,107.0,-1244.0,-1238.0,-3958.0,-3955.0
97,-1243,-3968,1,95.0,104.0,-1245.0,-1244.0,-3966.0,-3958.0
102,-1239,-3965,1,97.0,95.0,-1243.0,-1245.0,-3968.0,-3966.0
100,-1247,-3957,1,102.0,97.0,-1239.0,-1243.0,-3965.0,-3968.0
95,-1241,-3968,1,100.0,102.0,-1247.0,-1239.0,-3957.0,-3965.0
95,-1237,-3964,1,95.0,100.0,-1241.0,-1247.0,-3968.0,-3957.0
95,-1233,-3956,1,95.0,95.0,-1237.0,-1241.0,-3964.0,-3968.0
103,-1240,-3974,1,95.0,95.0,-1233.0,-1237.0,-3956.0,-3964.0
94,-1233,-3954,1,103.0,95.0,-1240.0,-1233.0,-3974.0,-3956.0
100,-1250,-3951,1,94.0,103.0,-1233.0,-1240.0,-3954.0,-3974.0
106,-1243,-3966,1,100.0,94.0,-1250.0,-1233.0,-3951.0,-3954.0
79,-1243,-3867,1,106.0,100.0,-1243.0,-1250.0,-3966.0,-3951.0
102,-1196,-4004,1,79.0,106.0,-1243.0,-1243.0,-3867.0,-3966.0
100,-1218,-3987,1,102.0,79.0,-1196.0,-1243.0,-4004.0,-3867.0
104,-1247,-3934,1,100.0,102.0,-1218.0,-1196.0,-3987.0,-4004.0
106,-1243,-3931,1,104.0,100.0,-1247.0,-1218.0,-3934.0,-3987.0
99,-1240,-3951,1,106.0,104.0,-1243.0,-1247.0,-3931.0,-3934.0
107,-1243,-3954,1,99.0,106.0,-1240.0,-1243.0,-3951.0,-3931.0
107,-1240,-3956,1,107.0,99.0,-1243.0,-1240.0,-3954.0,-3951.0
95,-1241,-3969,1,107.0,107.0,-1240.0,-1243.0,-3956.0,-3954.0
99,-1239,-3966,1,95.0,107.0,-1241.0,-1240.0,-3969.0,-3956.0
98,-1235,-3966,1,99.0,95.0,-1239.0,-1241.0,-3966.0,-3969.0
101,-1241,-3964,1,98.0,99.0,-1235.0,-1239.0,-3966.0,-3966.0
101,-1236,-3959,1,101.0,98.0,-1241.0,-1235.0,-3964.0,-3966.0
102,-1243,-3962,1,101.0,101.0,-1236.0,-1241.0,-3959.0,-3964.0
110,-1247,-3958,1,102.0,101.0,-1243.0,-1236.0,-3962.0,-3959.0
100,-1240,-3969,1,110.0,102.0,-1247.0,-1243.0,-3958.0,-3962.0
107,-1249,-3960,1,100.0,110.0,-1240.0,-1247.0,-3969.0,-3958.0
69,-1236,-3919,1,107.0,100.0,-1249.0,-1240.0,-3960.0,-3969.0
109,-1230,-3861,1,69.0,107.0,-1236.0,-1249.0,-3919.0,-3960.0
103,-1216,-4039,1,109.0,69.0,-1230.0,-1236.0,-3861.0,-3919.0
103,-1262,-3876,1,103.0,109.0,-1216.0,-1230.0,-4039.0,-3861.0
155,-1293,-3845,1,103.0,103.0,-1262.0,-1216.0,-3876.0,-4039.0
136,-1208,-4175,1,155.0,103.0,-1293.0,-1262.0,-3845.0,-3876.0
88,-1248,-4051,1,136.0,155.0,-1208.0,-1293.0,-4175.0,-3845.0
99,-1234,-3966,1,88.0,136.0,-1248.0,-1208.0,-4051.0,-4175.0
99,-1222,-3968,1,99.0,88.0,-1234.0,-1248.0,-3966.0,-4051.0
100,-1224,-3969,1,99.0,99.0,-1222.0,-1234.0,-3968.0,-3966.0
95,-1227,-3956,1,100.0,99.0,-1224.0,-1222.0,-3969.0,-3968.0
109,-1232,-3975,1,95.0,100.0,-1227.0,-1224.0,-3956.0,-3969.0
96,-1244,-3951,1,109.0,95.0,-1232.0,-1227.0,-3975.0,-3956.0
97,-1235,-3970,1,96.0,109.0,-1244.0,-1232.0,-3951.0,-3975.0
105,-1239,-3957,1,97.0,96.0,-1235.0,-1244.0,-3970.0,-3951.0
104,-1238,-3955,1,105.0,97.0,-1239.0,-1235.0,-3957.0,-3970.0
113,-1234,-3958,1,104.0,105.0,-1238.0,-1239.0,-3955.0,-3957.0
117,-1231,-3962,1,113.0,104.0,-1234.0,-1238.0,-3958.0,-3955.0
45,-1220,-3928,1,117.0,113.0,-1231.0,-1234.0,-3962.0,-3958.0
102,-1223,-3943,1,45.0,117.0,-1220.0,-1231.0,-3928.0,-3962.0
106,-1223,-3975,1,102.0,45.0,-1223.0,-1220.0,-3943.0,-3928.0
100,-1223,-3969,1,106.0,102.0,-1223.0,-1223.0,-3975.0,-3943.0
103,-1230,-3965,1,100.0,106.0,-1223.0,-1223.0,-3969.0,-3975.0
106,-1230,-3975,1,103.0,100.0,-1230.0,-1223.0,-3965.0,-3969.0
101,-1230,-3981,1,106.0,103.0,-1230.0,-1230.0,-3975.0,-3965.0
97,-1241,-3972,1,101.0,106.0,-1230.0,-1230.0,-3981.0,-3975.0
103,-1232,-3949,1,97.0,101.0,-1241.0,-1230.0,-3972.0,-3981.0
104,-1227,-3944,1,103.0,97.0,-1232.0,-1241.0,-3949.0,-3972.0
102,-1228,-3953,1,104.0,103.0,-1227.0,-1232.0,-3944.0,-3949.0
106,-1227,-3953,1,102.0,104.0,-1228.0,-1227.0,-3953.0,-3944.0
102,-1234,-3978,1,106.0,102.0,-1227.0,-1228.0,-3953.0,-3953.0
106,-1231,-3972,1,102.0,106.0,-1234.0,-1227.0,-3978.0,-3953.0
103,-1229,-3964,1,106.0,102.0,-1231.0,-1234.0,-3972.0,-3978.0
108,-1229,-3967,1,103.0,106.0,-1229.0,-1231.0,-3964.0,-3972.0
107,-1228,-3955,1,108.0,103.0,-1229.0,-1229.0,-3967.0,-3964.0
98,-1225,-3954,1,107.0,108.0,-1228.0,-1229.0,-3955.0,-3967.0
78,-1243,-3824,1,98.0,107.0,-1225.0,-1228.0,-3954.0,-3955.0
21,-1432,-3586,1,78.0,98.0,-1243.0,-1225.0,-3824.0,-3954.0
167,-1008,-4163,1,21.0,78.0,-1432.0,-1243.0,-3586.0,-3824.0
114,-1186,-4240,1,167.0,21.0,-1008.0,-1432.0,-4163.0,-3586.0
97,-1231,-3987,1,114.0,167.0,-1186.0,-1008.0,-4240.0,-4163.0
109,-1222,-3956,1,97.0,114.0,-1231.0,-1186.0,-3987.0,-4240.0
95,-1227,-3973,1,109.0,97.0,-1222.0,-1231.0,-3956.0,-3987.0
106,-1223,-3968,1,95.0,109.0,-1227.0,-1222.0,-3973.0,-3956.0
108,-1224,-3974,1,106.0,95.0,-1223.0,-1227.0,-3968.0,-3973.0
96,-1219,-3970,1,108.0,106.0,-1224.0,-1223.0,-3974.0,-3968.0
108,-1222,-3973,1,96.0,108.0,-1219.0,-1224.0,-3970.0,-3974.0
106,-1222,-3972,1,108.0,96.0,-1222.0,-1219.0,-3973.0,-3970.0
106,-1215,-3970,1,106.0,108.0,-1222.0,-1222.0,-3972.0,-3973.0
107,-1222,-3967,1,106.0,106.0,-1215.0,-1222.0,-3970.0,-3972.0
101,-1228,-3973,1,107.0,106.0,-1222.0,-1215.0,-3967.0,-3970.0
104,-1226,-3980,1,101.0,107.0,-1228.0,-1222.0,-3973.0,-3967.0
110,-1220,-3983,1,104.0,101.0,-1226.0,-1228.0,-3980.0,-3973.0
110,-1226,-3975,1,110.0,104.0,-1220.0,-1226.0,-3983.0,-3980.0
109,-1225,-3976,1,110.0,110.0,-1226.0,-1220.0,-3975.0,-3983.0
109,-1222,-3973,1,109.0,110.0,-1225.0,-1226.0,-3976.0,-3975.0
112,-1226,-3962,1,109.0,109.0,-1222.0,-1225.0,-3973.0,-3976.0
109,-1224,-3963,1,112.0,109.0,-1226.0,-1222.0,-3962.0,-3973.0
112,-1219,-3956,1,109.0,112.0,-1224.0,-1226.0,-3963.0,-3962.0
108,-1220,-3956,1,112.0,109.0,-1219.0,-1224.0,-3956.0,-3963.0
110,-1223,-3956,1,108.0,112.0,-1220.0,-1219.0,-3956.0,-3956.0
106,-1222,-3970,1,110.0,108.0,-1223.0,-1220.0,-3956.0,-3956.0
104,-1220,-3965,1,106.0,110.0,-1222.0,-1223.0,-3970.0,-3956.0
104,-1220,-3971,1,104.0,106.0,-1220.0,-1222.0,-3965.0,-3970.0
103,-1217,-3971,1,104.0,104.0,-1220.0,-1220.0,-3971.0,-3965.0
112,-1219,-3962,1,103.0,104.0,-1217.0,-1220.0,-3971.0,-3971.0
111,-1218,-3963,1,112.0,103.0,-1219.0,-1217.0,-3962.0,-3971.0
115,-1217,-3964,1,111.0,112.0,-1218.0,-1219.0,-3963.0,-3962.0
116,-1224,-3996,1,115.0,111.0,-1217.0,-1218.0,-3964.0,-3963.0
106,-1224,-3949,1,116.0,115.0,-1224.0,-1217.0,-3996.0,-3964.0
109,-1230,-3958,1,106.0,116.0,-1224.0,-1224.0,-3949.0,-3996.0
109,-1225,-3963,1,109.0,106.0,-1230.0,-1224.0,-3958.0,-3949.0
108,-1222,-3967,1,109.0,109.0,-1225.0,-1230.0,-3963.0,-3958.0
112,-1217,-3955,1,108.0,109.0,-1222.0,-1225.0,-3967.0,-3963.0
114,-1228,-3957,1,112.0,108.0,-1217.0,-1222.0,-3955.0,-3967.0
111,-1222,-3969,1,114.0,112.0,-1228.0,-1217.0,-3957.0,-3955.0
106,-1221,-3969,1,111.0,114.0,-1222.0,-1228.0,-3969.0,-3957.0
102,-1225,-3966,1,106.0,111.0,-1221.0,-1222.0,-3969.0,-3969.0
104,-1221,-3977,1,102.0,106.0,-1225.0,-1221.0,-3966.0,-3969.0
109,-1217,-3977,1,104.0,102.0,-1221.0,-1225.0,-3977.0,-3966.0
105,-1215,-3961,1,109.0,104.0,-1217.0,-1221.0,-3977.0,-3977.0
108,-1220,-3972,1,105.0,109.0,-1215.0,-1217.0,-3961.0,-3977.0
110,-1213,-3981,1,108.0,105.0,-1220.0,-1215.0,-3972.0,-3961.0
96,-1224,-4001,1,110.0,108.0,-1213.0,-1220.0,-3981.0,-3972.0
106,-1217,-3975,1,96.0,110.0,-1224.0,-1213.0,-4001.0,-3981.0
112,-1216,-3923,1,106.0,96.0,-1217.0,-1224.0,-3975.0,-4001.0
98,-1225,-3949,1,112.0,106.0,-1216.0,-1217.0,-3923.0,-3975.0
103,-1226,-3972,1,98.0,112.0,-1225.0,-1216.0,-3949.0,-3923.0
108,-1223,-3962,1,103.0,98.0,-1226.0,-1225.0,-3972.0,-3949.0
100,-1215,-3958,1,108.0,103.0,-1223.0,-1226.0,-3962.0,-3972.0
101,-1216,-3965,1,100.0,108.0,-1215.0,-1223.0,-3958.0,-3962.0
109,-1214,-3975,1,101.0,100.0,-1216.0,-1215.0,-3965.0,-3958.0
101,-1216,-3970,1,109.0,101.0,-1214.0,-1216.0,-3975.0,-3965.0
111,-1220,-3962,1,101.0,109.0,-1216.0,-1214.0,-3970.0,-3975.0
109,-1222,-3944,1,111.0,101.0,-1220.0,-1216.0,-3962.0,-3970.0
109,-1224,-3948,1,109.0,111.0,-1222.0,-1220.0,-3944.0,-3962.0
112,-1216,-3973,1,109.0,109.0,-1224.0,-1222.0,-3948.0,-3944.0
110,-1223,-3989,1,112.0,109.0,-1216.0,-1224.0,-3973.0,-3948.0
113,-1224,-3982,1,110.0,112.0,-1223.0,-1216.0,-3989.0,-3973.0
111,-1216,-3979,1,113.0,110.0,-1224.0,-1223.0,-3982.0,-3989.0
115,-1219,-3971,1,111.0,113.0,-1216.0,-1224.0,-3979.0,-3982.0
110,-1216,-3964,1,115.0,111.0,-1219.0,-1216.0,-3971.0,-3979.0
107,-1220,-3962,1,110.0,115.0,-1216.0,-1219.0,-3964.0,-3971.0
107,-1223,-3970,1,107.0,110.0,-1220.0,-1216.0,-3962.0,-3964.0
105,-1221,-3977,1,107.0,107.0,-1223.0,-1220.0,-3970.0,-3962.0
103,-1218,-3979,1,105.0,107.0,-1221.0,-1223.0,-3977.0,-3970.0
107,-1217,-3981,1,103.0,105.0,-1218.0,-1221.0,-3979.0,-3977.0
101,-1213,-3970,1,107.0,103.0,-1217.0,-1218.0,-3981.0,-3979.0
102,-1215,-3970,1,101.0,107.0,-1213.0,-1217.0,-3970.0,-3981.0
105,-1219,-3967,1,102.0,101.0,-1215.0,-1213.0,-3970.0,-3970.0
109,-1217,-3959,1,105.0,102.0,-1219.0,-1215.0,-3967.0,-3970.0
108,-1217,-3958,1,109.0,105.0,-1217.0,-1219.0,-3959.0,-3967.0
107,-1208,-3958,1,108.0,109.0,-1217.0,-1217.0,-3958.0,-3959.0
112,-1208,-3956,1,107.0,108.0,-1208.0,-1217.0,-3958.0,-3958.0
106,-1212,-3960,1,112.0,107.0,-1208.0,-1208.0,-3956.0,-3958.0
112,-1218,-3959,1,106.0,112.0,-1212.0,-1208.0,-3960.0,-3956.0
108,-1219,-3968,1,112.0,106.0,-1218.0,-1212.0,-3959.0,-3960.0
110,-1215,-3972,1,108.0,112.0,-1219.0,-1218.0,-3968.0,-3959.0
111,-1217,-3969,1,110.0,108.0,-1215.0,-1219.0,-3972.0,-3968.0
98,-1217,-3972,1,111.0,110.0,-1217.0,-1215.0,-3969.0,-3972.0
110,-1217,-3969,1,98.0,111.0,-1217.0,-1217.0,-3972.0,-3969.0
100,-1215,-3971,1,110.0,98.0,-1217.0,-1217.0,-3969.0,-3972.0
96,-1219,-3970,1,100.0,110.0,-1215.0,-1217.0,-3971.0,-3969.0
107,-1223,-3967,1,96.0,100.0,-1219.0,-1215.0,-3970.0,-3971.0
108,-1222,-3966,1,107.0,96.0,-1223.0,-1219.0,-3967.0,-3970.0
107,-1224,-3973,1,108.0,107.0,-1222.0,-1223.0,-3966.0,-3967.0
108,-1218,-3973,1,107.0,108.0,-1224.0,-1222.0,-3973.0,-3966.0
110,-1217,-3972,1,108.0,107.0,-1218.0,-1224.0,-3973.0,-3973.0
108,-1218,-3976,1,110.0,108.0,-1217.0,-1218.0,-3972.0,-3973.0
105,-1222,-3976,1,108.0,110.0,-1218.0,-1217.0,-3976.0,-3972.0
106,-1221,-3960,1,105.0,108.0,-1222.0,-1218.0,-3976.0,-3976.0
109,-1227,-3947,1,106.0,105.0,-1221.0,-1222.0,-3960.0,-3976.0
109,-1218,-3953,1,109.0,106.0,-1227.0,-1221.0,-3947.0,-3960.0
102,-1222,-3964,1,109.0,109.0,-1218.0,-1227.0,-3953.0,-3947.0
106,-1221,-3976,1,102.0,109.0,-1222.0,-1218.0,-3964.0,-3953.0
102,-1217,-3983,1,106.0,102.0,-1221.0,-1222.0,-3976.0,-3964.0
106,-1216,-3974,1,102.0,106.0,-1217.0,-1221.0,-3983.0,-3976.0
106,-1218,-3964,1,106.0,102.0,-1216.0,-1217.0,-3974.0,-3983.0
104,-1217,-3965,1,106.0,106.0,-1218.0,-1216.0,-3964.0,-3974.0
106,-1216,-3966,1,104.0,106.0,-1217.0,-1218.0,-3965.0,-3964.0
104,-1214,-3964,1,106.0,104.0,-1216.0,-1217.0,-3966.0,-3965.0
104,-1217,-3966,1,104.0,106.0,-1214.0,-1216.0,-3964.0,-3966.0
107,-1220,-3970,1,104.0,104.0,-1217.0,-1214.0,-3966.0,-3964.0
107,-1221,-3971,1,107.0,104.0,-1220.0,-1217.0,-3970.0,-3966.0
103,-1219,-3968,1,107.0,107.0,-1221.0,-1220.0,-3971.0,-3970.0
115,-1223,-3968,1,103.0,107.0,-1219.0,-1221.0,-3968.0,-3971.0
107,-1217,-3968,1,115.0,103.0,-1223.0,-1219.0,-3968.0,-3968.0
104,-1223,-3969,1,107.0,115.0,-1217.0,-1223.0,-3968.0,-3968.0
102,-1219,-3969,1,104.0,107.0,-1223.0,-1217.0,-3969.0,-3968.0
102,-1223,-3960,1,102.0,104.0,-1219.0,-1223.0,-3969.0,-3969.0
104,-1218,-3953,1,102.0,102.0,-1223.0,-1219.0,-3960.0,-3969.0
114,-1216,-3967,1,104.0,102.0,-1218.0,-1223.0,-3953.0,-3960.0
98,-1219,-3967,1,114.0,104.0,-1216.0,-1218.0,-3967.0,-3953.0
101,-1212,-3974,1,98.0,114.0,-1219.0,-1216.0,-3967.0,-3967.0
102,-1221,-3975,1,101.0,98.0,-1212.0,-1219.0,-3974.0,-3967.0
99,-1219,-3972,1,102.0,101.0,-1221.0,-1212.0,-3975.0,-3974.0
102,-1211,-3969,1,99.0,102.0,-1219.0,-1221.0,-3972.0,-3975.0
101,-1218,-3966,1,102.0,99.0,-1211.0,-1219.0,-3969.0,-3972.0
101,-1216,-3968,1,101.0,102.0,-1218.0,-1211.0,-3966.0,-3969.0
102,-1218,-3974,1,101.0,101.0,-1216.0,-1218.0,-3968.0,-3966.0
105,-1222,-3974,1,102.0,101.0,-1218.0,-1216.0,-3974.0,-3968.0
106,-1222,-3959,1,105.0,102.0,-1222.0,-1218.0,-3974.0,-3974.0
104,-1219,-3965,1,106.0,105.0,-1222.0,-1222.0,-3959.0,-3974.0
107,-1214,-3970,1,104.0,106.0,-1219.0,-1222.0,-3965.0,-3959.0
106,-1226,-3960,1,107.0,104.0,-1214.0,-1219.0,-3970.0,-3965.0
102,-1205,-3964,1,106.0,107.0,-1226.0,-1214.0,-3960.0,-3970.0
103,-1229,-3970,1,102.0,106.0,-1205.0,-1226.0,-3964.0,-3960.0
109,-1213,-3961,1,103.0,102.0,-1229.0,-1205.0,-3970.0,-3964.0
102,-1215,-3969,1,109.0,103.0,-1213.0,-1229.0,-3961.0,-3970.0
109,-1214,-3970,1,102.0,109.0,-1215.0,-1213.0,-3969.0,-3961.0
107,-1220,-3970,1,109.0,102.0,-1214.0,-1215.0,-3970.0,-3969.0
101,-1207,-3972,1,107.0,109.0,-1220.0,-1214.0,-3970.0,-3970.0
106,-1221,-3968,1,101.0,107.0,-1207.0,-1220.0,-3972.0,-3970.0
100,-1220,-3972,1,106.0,101.0,-1221.0,-1207.0,-3968.0,-3972.0
103,-1211,-3969,1,100.0,106.0,-1220.0,-1221.0,-3972.0,-3968.0
106,-1214,-3970,1,103.0,100.0,-1211.0,-1220.0,-3969.0,-3972.0
177,-1210,-3963,1,106.0,103.0,-1214.0,-1211.0,-3970.0,-3969.0
76,-1257,-3953,1,177.0,106.0,-1210.0,-1214.0,-3963.0,-3970.0
112,-1208,-3976,1,76.0,177.0,-1257.0,-1210.0,-3953.0,-3963.0
100,-1217,-3963,1,112.0,76.0,-1208.0,-1257.0,-3976.0,-3953.0
105,-1211,-3966,1,100.0,112.0,-1217.0,-1208.0,-3963.0,-3976.0
104,-1209,-3967,1,105.0,100.0,-1211.0,-1217.0,-3966.0,-3963.0
103,-1221,-3973,1,104.0,105.0,-1209.0,-1211.0,-3967.0,-3966.0
98,-1205,-3980,1,103.0,104.0,-1221.0,-1209.0,-3973.0,-3967.0
99,-1216,-4003,1,98.0,103.0,-1205.0,-1221.0,-3980.0,-3973.0
97,-1213,-3976,1,99.0,98.0,-1216.0,-1205.0,-4003.0,-3980.0
93,-1220,-3984,1,97.0,99.0,-1213.0,-1216.0,-3976.0,-4003.0
94,-1209,-3978,1,93.0,97.0,-1220.0,-1213.0,-3984.0,-3976.0
98,-1215,-3973,1,94.0,93.0,-1209.0,-1220.0,-3978.0,-3984.0
104,-1215,-3966,1,98.0,94.0,-1215.0,-1209.0,-3973.0,-3978.0
106,-1210,-3943,1,104.0,98.0,-1215.0,-1215.0,-3966.0,-3973.0
109,-1210,-3948,1,106.0,104.0,-1210.0,-1215.0,-3943.0,-3966.0
101,-1222,-3976,1,109.0,106.0,-1210.0,-1210.0,-3948.0,-3943.0
93,-1221,-3992,1,101.0,109.0,-1222.0,-1210.0,-3976.0,-3948.0
109,-1214,-3958,1,93.0,101.0,-1221.0,-1222.0,-3992.0,-3976.0
105,-1224,-3960,1,109.0,93.0,-1214.0,-1221.0,-3958.0,-3992.0
105,-1218,-3971,1,105.0,109.0,-1224.0,-1214.0,-3960.0,-3958.0
101,-1214,-3958,1,105.0,105.0,-1218.0,-1224.0,-3971.0,-3960.0
124,-1207,-3949,1,101.0,105.0,-1214.0,-1218.0,-3958.0,-3971.0
39,-1222,-3941,1,124.0,101.0,-1207.0,-1214.0,-3949.0,-3958.0
98,-1203,-3959,1,39.0,124.0,-1222.0,-1207.0,-3941.0,-3949.0
99,-1211,-3984,1,98.0,39.0,-1203.0,-1222.0,-3959.0,-3941.0
104,-1207,-3983,1,99.0,98.0,-1211.0,-1203.0,-3984.0,-3959.0
103,-1212,-3977,1,104.0,99.0,-1207.0,-1211.0,-3983.0,-3984.0
106,-1215,-3966,1,103.0,104.0,-1212.0,-1207.0,-3977.0,-3983.0
108,-1212,-3963,1,106.0,103.0,-1215.0,-1212.0,-3966.0,-3977.0
105,-1216,-3958,1,108.0,106.0,-1212.0,-1215.0,-3963.0,-3966.0
107,-1224,-3956,1,105.0,108.0,-1216.0,-1212.0,-3958.0,-3963.0
105,-1213,-3959,1,107.0,105.0,-1224.0,-1216.0,-3956.0,-3958.0
94,-1210,-3971,1,105.0,107.0,-1213.0,-1224.0,-3959.0,-3956.0
98,-1217,-3978,1,94.0,105.0,-1210.0,-1213.0,-3971.0,-3959.0
101,-1210,-3974,1,98.0,94.0,-1217.0,-1210.0,-3978.0,-3971.0
89,-1210,-3970,1,101.0,98.0,-1210.0,-1217.0,-3974.0,-3978.0
101,-1219,-3965,1,89.0,101.0,-1210.0,-1210.0,-3970.0,-3974.0
92,-1171,-3946,1,101.0,89.0,-1219.0,-1210.0,-3965.0,-3970.0
98,-1222,-4004,1,92.0,101.0,-1171.0,-1219.0,-3946.0,-3965.0
100,-1200,-3964,1,98.0,92.0,-1222.0,-1171.0,-4004.0,-3946.0
96,-1198,-3966,1,100.0,98.0,-1200.0,-1222.0,-3964.0,-4004.0
103,-1209,-3961,1,96.0,100.0,-1198.0,-1200.0,-3966.0,-3964.0
140,-1201,-3960,1,103.0,96.0,-1209.0,-1198.0,-3961.0,-3966.0
64,-1233,-3980,1,140.0,103.0,-1201.0,-1209.0,-3960.0,-3961.0
95,-1193,-3984,1,64.0,140.0,-1233.0,-1201.0,-3980.0,-3960.0
94,-1213,-3979,1,95.0,64.0,-1193.0,-1233.0,-3984.0,-3980.0
94,-1192,-3971,1,94.0,95.0,-1213.0,-1193.0,-3979.0,-3984.0
93,-1187,-3986,1,94.0,94.0,-1192.0,-1213.0,-3971.0,-3979.0
94,-1206,-3989,1,93.0,94.0,-1187.0,-1192.0,-3986.0,-3971.0
89,-1196,-3983,1,94.0,93.0,-1206.0,-1187.0,-3989.0,-3986.0
93,-1201,-3984,1,89.0,94.0,-1196.0,-1206.0,-3983.0,-3989.0
95,-1207,-3978,1,93.0,89.0,-1201.0,-1196.0,-3984.0,-3983.0
91,-1198,-3972,1,95.0,93.0,-1207.0,-1201.0,-3978.0,-3984.0
94,-1205,-3980,1,91.0,95.0,-1198.0,-1207.0,-3972.0,-3978.0
93,-1197,-3967,1,94.0,91.0,-1205.0,-1198.0,-3980.0,-3972.0
94,-1199,-3973,1,93.0,94.0,-1197.0,-1205.0,-3967.0,-3980.0
91,-1197,-3974,1,94.0,93.0,-1199.0,-1197.0,-3973.0,-3967.0
85,-1207,-3973,1,91.0,94.0,-1197.0,-1199.0,-3974.0,-3973.0
97,-1201,-3966,1,85.0,91.0,-1207.0,-1197.0,-3973.0,-3974.0
93,-1198,-3963,1,97.0,85.0,-1201.0,-1207.0,-3966.0,-3973.0
95,-1208,-3969,1,93.0,97.0,-1198.0,-1201.0,-3963.0,-3966.0
96,-1201,-3980,1,95.0,93.0,-1208.0,-1198.0,-3969.0,-3963.0
96,-1201,-3975,1,96.0,95.0,-1201.0,-1208.0,-3980.0,-3969.0
101,-1198,-3975,1,96.0,96.0,-1201.0,-1201.0,-3975.0,-3980.0
98,-1203,-3975,1,101.0,96.0,-1198.0,-1201.0,-3975.0,-3975.0
99,-1201,-3972,1,98.0,101.0,-1203.0,-1198.0,-3975.0,-3975.0
96,-1203,-3974,1,99.0,98.0,-1201.0,-1203.0,-3972.0,-3975.0
99,-1207,-3970,1,96.0,99.0,-1203.0,-1201.0,-3974.0,-3972.0
107,-1226,-3957,1,99.0,96.0,-1207.0,-1203.0,-3970.0,-3974.0
54,-1073,-3899,1,107.0,99.0,-1226.0,-1207.0,-3957.0,-3970.0
115,-1263,-4067,1,54.0,107.0,-1073.0,-1226.0,-3899.0,-3957.0
92,-1176,-3982,1,115.0,54.0,-1263.0,-1073.0,-4067.0,-3899.0
93,-1193,-3992,1,92.0,115.0,-1176.0,-1263.0,-3982.0,-4067.0
103,-1199,-3980,1,93.0,92.0,-1193.0,-1176.0,-3992.0,-3982.0
93,-1202,-3975,1,103.0,93.0,-1199.0,-1193.0,-3980.0,-3992.0
93,-1205,-3974,1,93.0,103.0,-1202.0,-1199.0,-3975.0,-3980.0
90,-1208,-3977,1,93.0,93.0,-1205.0,-1202.0,-3974.0,-3975.0
104,-1200,-3975,1,90.0,93.0,-1208.0,-1205.0,-3977.0,-3974.0
96,-1199,-3972,1,104.0,90.0,-1200.0,-1208.0,-3975.0,-3977.0
98,-1203,-3973,1,96.0,104.0,-1199.0,-1200.0,-3972.0,-3975.0
98,-1203,-3974,1,98.0,96.0,-1203.0,-1199.0,-3973.0,-3972.0
101,-1201,-3974,1,98.0,98.0,-1203.0,-1203.0,-3974.0,-3973.0
92,-1194,-3976,1,101.0,98.0,-1201.0,-1203.0,-3974.0,-3974.0
101,-1199,-3981,1,92.0,101.0,-1194.0,-1201.0,-3976.0,-3974.0
100,-1203,-3970,1,101.0,92.0,-1199.0,-1194.0,-3981.0,-3976.0
99,-1198,-3969,1,100.0,101.0,-1203.0,-1199.0,-3970.0,-3981.0
99,-1200,-3974,1,99.0,100.0,-1198.0,-1203.0,-3969.0,-3970.0
99,-1202,-3974,1,99.0,99.0,-1200.0,-1198.0,-3974.0,-3969.0
89,-1196,-3975,1,99.0,99.0,-1202.0,-1200.0,-3974.0,-3974.0
95,-1205,-3977,1,89.0,99.0,-1196.0,-1202.0,-3975.0,-3974.0
93,-1202,-3978,1,95.0,89.0,-1205.0,-1196.0,-3977.0,-3975.0
99,-1205,-3971,1,93.0,95.0,-1202.0,-1205.0,-3978.0,-3977.0
97,-1201,-3973,1,99.0,93.0,-1205.0,-1202.0,-3971.0,-3978.0
99,-1202,-3973,1,97.0,99.0,-1201.0,-1205.0,-3973.0,-3971.0
102,-1205,-3969,1,99.0,97.0,-1202.0,-1201.0,-3973.0,-3973.0
91,-1202,-3972,1,102.0,99.0,-1205.0,-1202.0,-3969.0,-3973.0
93,-1199,-3977,1,91.0,102.0,-1202.0,-1205.0,-3972.0,-3969.0
101,-1201,-3969,1,93.0,91.0,-1199.0,-1202.0,-3977.0,-3972.0
97,-1208,-3973,1,101.0,93.0,-1201.0,-1199.0,-3969.0,-3977.0
95,-1212,-3970,1,97.0,101.0,-1208.0,-1201.0,-3973.0,-3969.0
102,-1205,-3968,1,95.0,97.0,-1212.0,-1208.0,-3970.0,-3973.0
102,-1201,-3971,1,102.0,95.0,-1205.0,-1212.0,-3968.0,-3970.0
94,-1202,-3968,1,102.0,102.0,-1201.0,-1205.0,-3971.0,-3968.0
104,-1198,-3975,1,94.0,102.0,-1202.0,-1201.0,-3968.0,-3971.0
103,-1208,-3977,1,104.0,94.0,-1198.0,-1202.0,-3975.0,-3968.0
99,-1210,-3979,1,103.0,104.0,-1208.0,-1198.0,-3977.0,-3975.0
94,-1203,-3968,1,99.0,103.0,-1210.0,-1208.0,-3979.0,-3977.0
97,-1205,-3973,1,94.0,99.0,-1203.0,-1210.0,-3968.0,-3979.0
96,-1211,-3975,1,97.0,94.0,-1205.0,-1203.0,-3973.0,-3968.0
95,-1207,-3974,1,96.0,97.0,-1211.0,-1205.0,-3975.0,-3973.0
90,-1202,-3978,1,95.0,96.0,-1207.0,-1211.0,-3974.0,-3975.0
105,-1207,-3970,1,90.0,95.0,-1202.0,-1207.0,-3978.0,-3974.0
101,-1210,-3971,1,105.0,90.0,-1207.0,-1202.0,-3970.0,-3978.0
90,-1197,-3976,1,101.0,105.0,-1210.0,-1207.0,-3971.0,-3970.0
105,-1207,-3991,1,90.0,101.0,-1197.0,-1210.0,-3976.0,-3971.0
95,-1206,-3974,1,105.0,90.0,-1207.0,-1197.0,-3991.0,-3976.0
94,-1211,-3975,1,95.0,105.0,-1206.0,-1207.0,-3974.0,-3991.0
89,-1207,-3974,1,94.0,95.0,-1211.0,-1206.0,-3975.0,-3974.0
93,-1211,-3970,1,89.0,94.0,-1207.0,-1211.0,-3974.0,-3975.0
101,-1203,-3958,1,93.0,89.0,-1211.0,-1207.0,-3970.0,-3974.0
97,-1210,-3947,1,101.0,93.0,-1203.0,-1211.0,-3958.0,-3970.0
93,-1212,-3963,1,97.0,101.0,-1210.0,-1203.0,-3947.0,-3958.0
88,-1215,-3978,1,93.0,97.0,-1212.0,-1210.0,-3963.0,-3947.0
100,-1199,-3995,1,88.0,93.0,-1215.0,-1212.0,-3978.0,-3963.0
95,-1205,-3979,1,100.0,88.0,-1199.0,-1215.0,-3995.0,-3978.0
94,-1215,-3959,1,95.0,100.0,-1205.0,-1199.0,-3979.0,-3995.0
94,-1208,-3972,1,94.0,95.0,-1215.0,-1205.0,-3959.0,-3979.0
103,-1214,-3966,1,94.0,94.0,-1208.0,-1215.0,-3972.0,-3959.0
98,-1205,-3966,1,103.0,94.0,-1214.0,-1208.0,-3966.0,-3972.0
93,-1209,-3971,1,98.0,103.0,-1205.0,-1214.0,-3966.0,-3966.0
95,-1213,-3966,1,93.0,98.0,-1209.0,-1205.0,-3971.0,-3966.0
93,-1202,-3973,1,95.0,93.0,-1213.0,-1209.0,-3966.0,-3971.0
99,-1202,-3979,1,93.0,95.0,-1202.0,-1213.0,-3973.0,-3966.0
97,-1211,-3982,1,99.0,93.0,-1202.0,-1202.0,-3979.0,-3973.0
98,-1199,-3973,1,97.0,99.0,-1211.0,-1202.0,-3982.0,-3979.0
96,-1212,-3968,1,98.0,97.0,-1199.0,-1211.0,-3973.0,-3982.0
101,-1205,-3954,1,96.0,98.0,-1212.0,-1199.0,-3968.0,-3973.0
104,-1204,-3961,1,101.0,96.0,-1205.0,-1212.0,-3954.0,-3968.0
94,-1209,-3975,1,104.0,101.0,-1204.0,-1205.0,-3961.0,-3954.0
99,-1209,-3977,1,94.0,104.0,-1209.0,-1204.0,-3975.0,-3961.0
96,-1208,-3974,1,99.0,94.0,-1209.0,-1209.0,-3977.0,-3975.0
92,-1198,-3976,1,96.0,99.0,-1208.0,-1209.0,-3974.0,-3977.0
93,-1208,-3974,1,92.0,96.0,-1198.0,-1208.0,-3976.0,-3974.0
95,-1206,-3969,1,93.0,92.0,-1208.0,-1198.0,-3974.0,-3976.0
99,-1216,-3955,1,95.0,93.0,-1206.0,-1208.0,-3969.0,-3974.0
91,-1212,-3958,1,99.0,95.0,-1216.0,-1206.0,-3955.0,-3969.0
94,-1213,-3953,1,91.0,99.0,-1212.0,-1216.0,-3958.0,-3955.0
100,-1212,-3963,1,94.0,91.0,-1213.0,-1212.0,-3953.0,-3958.0
100,-1216,-3963,1,100.0,94.0,-1212.0,-1213.0,-3963.0,-3953.0
95,-1206,-3967,1,100.0,100.0,-1216.0,-1212.0,-3963.0,-3963.0
92,-1214,-3973,1,95.0,100.0,-1206.0,-1216.0,-3967.0,-3963.0
91,-1213,-3979,1,92.0,95.0,-1214.0,-1206.0,-3973.0,-3967.0
90,-1215,-3971,1,91.0,92.0,-1213.0,-1214.0,-3979.0,-3973.0
91,-1213,-3967,1,90.0,91.0,-1215.0,-1213.0,-3971.0,-3979.0
98,-1204,-3971,1,91.0,90.0,-1213.0,-1215.0,-3967.0,-3971.0
98,-1212,-3972,1,98.0,91.0,-1204.0,-1213.0,-3971.0,-3967.0
97,-1206,-3975,1,98.0,98.0,-1212.0,-1204.0,-3972.0,-3971.0
94,-1207,-3972,1,97.0,98.0,-1206.0,-1212.0,-3975.0,-3972.0
103,-1207,-3974,1,94.0,97.0,-1207.0,-1206.0,-3972.0,-3975.0
91,-1211,-3970,1,103.0,94.0,-1207.0,-1207.0,-3974.0,-3972.0
96,-1209,-3966,1,91.0,103.0,-1211.0,-1207.0,-3970.0,-3974.0
88,-1202,-3972,1,96.0,91.0,-1209.0,-1211.0,-3966.0,-3970.0
97,-1204,-3979,1,88.0,96.0,-1202.0,-1209.0,-3972.0,-3966.0
102,-1208,-3975,1,97.0,88.0,-1204.0,-1202.0,-3979.0,-3972.0
104,-1214,-3970,1,102.0,97.0,-1208.0,-1204.0,-3975.0,-3979.0
99,-1209,-3971,1,104.0,102.0,-1214.0,-1208.0,-3970.0,-3975.0
104,-1207,-3973,1,99.0,104.0,-1209.0,-1214.0,-3971.0,-3970.0
105,-1201,-3978,1,104.0,99.0,-1207.0,-1209.0,-3973.0,-3971.0
94,-1208,-3977,1,105.0,104.0,-1201.0,-1207.0,-3978.0,-3973.0
96,-1207,-3976,1,94.0,105.0,-1208.0,-1201.0,-3977.0,-3978.0
97,-1204,-3974,1,96.0,94.0,-1207.0,-1208.0,-3976.0,-3977.0
97,-1209,-3974,1,97.0,96.0,-1204.0,-1207.0,-3974.0,-3976.0
96,-1216,-3975,1,97.0,97.0,-1209.0,-1204.0,-3974.0,-3974.0
108,-1214,-3968,1,96.0,97.0,-1216.0,-1209.0,-3975.0,-3974.0
100,-1214,-3972,1,108.0,96.0,-1214.0,-1216.0,-3968.0,-3975.0
97,-1200,-3956,1,100.0,108.0,-1214.0,-1214.0,-3972.0,-3968.0
99,-1216,-3971,1,97.0,100.0,-1200.0,-1214.0,-3956.0,-3972.0
96,-1205,-3971,1,99.0,97.0,-1216.0,-1200.0,-3971.0,-3956.0
101,-1206,-3970,1,96.0,99.0,-1205.0,-1216.0,-3971.0,-3971.0
104,-1208,-3970,1,101.0,96.0,-1206.0,-1205.0,-3970.0,-3971.0
97,-1203,-3972,1,104.0,101.0,-1208.0,-1206.0,-3970.0,-3970.0
102,-1208,-3973,1,97.0,104.0,-1203.0,-1208.0,-3972.0,-3970.0
97,-1212,-3966,1,102.0,97.0,-1208.0,-1203.0,-3973.0,-3972.0
102,-1209,-3970,1,97.0,102.0,-1212.0,-1208.0,-3966.0,-3973.0
101,-1206,-3972,1,102.0,97.0,-1209.0,-1212.0,-3970.0,-3966.0
89,-1202,-3974,1,101.0,102.0,-1206.0,-1209.0,-3972.0,-3970.0
103,-1206,-3974,1,89.0,101.0,-1202.0,-1206.0,-3974.0,-3972.0
101,-1210,-3967,1,103.0,89.0,-1206.0,-1202.0,-3974.0,-3974.0
101,-1204,-3967,1,101.0,103.0,-1210.0,-1206.0,-3967.0,-3974.0
102,-1212,-3971,1,101.0,101.0,-1204.0,-1210.0,-3967.0,-3967.0
97,-1212,-3965,1,102.0,101.0,-1212.0,-1204.0,-3971.0,-3967.0
103,-1210,-3977,1,97.0,102.0,-1212.0,-1212.0,-3965.0,-3971.0
100,-1206,-3942,1,103.0,97.0,-1210.0,-1212.0,-3977.0,-3965.0
107,-1219,-3979,1,100.0,103.0,-1206.0,-1210.0,-3942.0,-3977.0
62,-1131,-3917,1,107.0,100.0,-1219.0,-1206.0,-3979.0,-3942.0
127,-1261,-4082,1,62.0,107.0,-1131.0,-1219.0,-3917.0,-3979.0
92,-1173,-3984,1,127.0,62.0,-1261.0,-1131.0,-4082.0,-3917.0
113,-1216,-3964,1,92.0,127.0,-1173.0,-1261.0,-3984.0,-4082.0
109,-1222,-3953,1,113.0,92.0,-1216.0,-1173.0,-3964.0,-3984.0
100,-1216,-3949,1,109.0,113.0,-1222.0,-1216.0,-3953.0,-3964.0
107,-1214,-3956,1,100.0,109.0,-1216.0,-1222.0,-3949.0,-3953.0
99,-1212,-3964,1,107.0,100.0,-1214.0,-1216.0,-3956.0,-3949.0
99,-1214,-3963,1,99.0,107.0,-1212.0,-1214.0,-3964.0,-3956.0
97,-1215,-3970,1,99.0,99.0,-1214.0,-1212.0,-3963.0,-3964.0
103,-1215,-3972,1,97.0,99.0,-1215.0,-1214.0,-3970.0,-3963.0
102,-1208,-3964,1,103.0,97.0,-1215.0,-1215.0,-3972.0,-3970.0
100,-1213,-3975,1,102.0,103.0,-1208.0,-1215.0,-3964.0,-3972.0
101,-1205,-3967,1,100.0,102.0,-1213.0,-1208.0,-3975.0,-3964.0
99,-1209,-3966,1,101.0,100.0,-1205.0,-1213.0,-3967.0,-3975.0
100,-1211,-3957,1,99.0,101.0,-1209.0,-1205.0,-3966.0,-3967.0
104,-1205,-3958,1,100.0,99.0,-1211.0,-1209.0,-3957.0,-3966.0
103,-1208,-3961,1,104.0,100.0,-1205.0,-1211.0,-3958.0,-3957.0
106,-1212,-3959,1,103.0,104.0,-1208.0,-1205.0,-3961.0,-3958.0
105,-1203,-3974,1,106.0,103.0,-1212.0,-1208.0,-3959.0,-3961.0
99,-1209,-3971,1,105.0,106.0,-1203.0,-1212.0,-3974.0,-3959.0
102,-1210,-3965,1,99.0,105.0,-1209.0,-1203.0,-3971.0,-3974.0
105,-1210,-3965,1,102.0,99.0,-1210.0,-1209.0,-3965.0,-3971.0
99,-1209,-3964,1,105.0,102.0,-1210.0,-1210.0,-3965.0,-3965.0
99,-1206,-3975,1,99.0,105.0,-1209.0,-1210.0,-3964.0,-3965.0
104,-1213,-3972,1,99.0,99.0,-1206.0,-1209.0,-3975.0,-3964.0
104,-1205,-3976,1,104.0,99.0,-1213.0,-1206.0,-3972.0,-3975.0
100,-1210,-3973,1,104.0,104.0,-1205.0,-1213.0,-3976.0,-3972.0
106,-1205,-3983,1,100.0,104.0,-1210.0,-1205.0,-3973.0,-3976.0
107,-1206,-3978,1,106.0,100.0,-1205.0,-1210.0,-3983.0,-3973.0
96,-1214,-3987,1,107.0,106.0,-1206.0,-1205.0,-3978.0,-3983.0
100,-1210,-3977,1,96.0,107.0,-1214.0,-1206.0,-3987.0,-3978.0
103,-1202,-3970,1,100.0,96.0,-1210.0,-1214.0,-3977.0,-3987.0
95,-1203,-3975,1,103.0,100.0,-1202.0,-1210.0,-3970.0,-3977.0
114,-1203,-3964,1,95.0,103.0,-1203.0,-1202.0,-3975.0,-3970.0
107,-1201,-3958,1,114.0,95.0,-1203.0,-1203.0,-3964.0,-3975.0
105,-1213,-3980,1,107.0,114.0,-1201.0,-1203.0,-3958.0,-3964.0
112,-1214,-4005,1,105.0,107.0,-1213.0,-1201.0,-3980.0,-3958.0
105,-1198,-3979,1,112.0,105.0,-1214.0,-1213.0,-4005.0,-3980.0
105,-1214,-3962,1,105.0,112.0,-1198.0,-1214.0,-3979.0,-4005.0
104,-1215,-3963,1,105.0,105.0,-1214.0,-1198.0,-3962.0,-3979.0
103,-1214,-3965,1,104.0,105.0,-1215.0,-1214.0,-3963.0,-3962.0
109,-1207,-3958,1,103.0,104.0,-1214.0,-1215.0,-3965.0,-3963.0
113,-1215,-3950,1,109.0,103.0,-1207.0,-1214.0,-3958.0,-3965.0
105,-1211,-3958,1,113.0,109.0,-1215.0,-1207.0,-3950.0,-3958.0
108,-1210,-3962,1,105.0,113.0,-1211.0,-1215.0,-3958.0,-3950.0
102,-1206,-3968,1,108.0,105.0,-1210.0,-1211.0,-3962.0,-3958.0
106,-1211,-3970,1,102.0,108.0,-1206.0,-1210.0,-3968.0,-3962.0
107,-1204,-3981,1,106.0,102.0,-1211.0,-1206.0,-3970.0,-3968.0
109,-1211,-3981,1,107.0,106.0,-1204.0,-1211.0,-3981.0,-3970.0
114,-1204,-3967,1,109.0,107.0,-1211.0,-1204.0,-3981.0,-3981.0
104,-1212,-3971,1,114.0,109.0,-1204.0,-1211.0,-3967.0,-3981.0
87,-1215,-3959,1,104.0,114.0,-1212.0,-1204.0,-3971.0,-3967.0
207,-1347,-3803,1,87.0,104.0,-1215.0,-1212.0,-3959.0,-3971.0
109,-1192,-4157,1,207.0,87.0,-1347.0,-1215.0,-3803.0,-3959.0
97,-1219,-4028,1,109.0,207.0,-1192.0,-1347.0,-4157.0,-3803.0
72,-1208,-3944,1,97.0,109.0,-1219.0,-1192.0,-4028.0,-4157.0
121,-1182,-4018,1,72.0,97.0,-1208.0,-1219.0,-3944.0,-4028.0
65,-1308,-3779,1,121.0,72.0,-1182.0,-1208.0,-4018.0,-3944.0
143,-1113,-3983,1,65.0,121.0,-1308.0,-1182.0,-3779.0,-4018.0
118,-1137,-4123,1,143.0,65.0,-1113.0,-1308.0,-3983.0,-3779.0
105,-1231,-3942,1,118.0,143.0,-1137.0,-1113.0,-4123.0,-3983.0
111,-1208,-3950,1,105.0,118.0,-1231.0,-1137.0,-3942.0,-4123.0
105,-1207,-3966,1,111.0,105.0,-1208.0,-1231.0,-3950.0,-3942.0
103,-1199,-3970,1,105.0,111.0,-1207.0,-1208.0,-3966.0,-3950.0
110,-1193,-3969,1,103.0,105.0,-1199.0,-1207.0,-3970.0,-3966.0
112,-1205,-3968,1,110.0,103.0,-1193.0,-1199.0,-3969.0,-3970.0
108,-1205,-3968,1,112.0,110.0,-1205.0,-1193.0,-3968.0,-3969.0
108,-1200,-3976,1,108.0,112.0,-1205.0,-1205.0,-3968.0,-3968.0
105,-1203,-3975,1,108.0,108.0,-1200.0,-1205.0,-3976.0,-3968.0
106,-1192,-3969,1,105.0,108.0,-1203.0,-1200.0,-3975.0,-3976.0
109,-1202,-3970,1,106.0,105.0,-1192.0,-1203.0,-3969.0,-3975.0
106,-1200,-3980,1,109.0,106.0,-1202.0,-1192.0,-3970.0,-3969.0
105,-1199,-3975,1,106.0,109.0,-1200.0,-1202.0,-3980.0,-3970.0
109,-1205,-3968,1,105.0,106.0,-1199.0,-1200.0,-3975.0,-3980.0
103,-1198,-3975,1,109.0,105.0,-1205.0,-1199.0,-3968.0,-3975.0
109,-1200,-3983,1,103.0,109.0,-1198.0,-1205.0,-3975.0,-3968.0
111,-1211,-3974,1,109.0,103.0,-1200.0,-1198.0,-3983.0,-3975.0
112,-1198,-3970,1,111.0,109.0,-1211.0,-1200.0,-3974.0,-3983.0
102,-1202,-3964,1,112.0,111.0,-1198.0,-1211.0,-3970.0,-3974.0
105,-1198,-3962,1,102.0,112.0,-1202.0,-1198.0,-3964.0,-3970.0
110,-1203,-3979,1,105.0,102.0,-1198.0,-1202.0,-3962.0,-3964.0
132,-1178,-3956,1,110.0,105.0,-1203.0,-1198.0,-3979.0,-3962.0
103,-1207,-3998,1,132.0,110.0,-1178.0,-1203.0,-3956.0,-3979.0
110,-1208,-3982,1,103.0,132.0,-1207.0,-1178.0,-3998.0,-3956.0
99,-1199,-3973,1,110.0,103.0,-1208.0,-1207.0,-3982.0,-3998.0
100,-1200,-3974,1,99.0,110.0,-1199.0,-1208.0,-3973.0,-3982.0
108,-1203,-3963,1,100.0,99.0,-1200.0,-1199.0,-3974.0,-3973.0
106,-1199,-3967,1,108.0,100.0,-1203.0,-1200.0,-3963.0,-3974.0
104,-1196,-3974,1,106.0,108.0,-1199.0,-1203.0,-3967.0,-3963.0
106,-1201,-3969,1,104.0,106.0,-1196.0,-1199.0,-3974.0,-3967.0
104,-1209,-3967,1,106.0,104.0,-1201.0,-1196.0,-3969.0,-3974.0
109,-1198,-3966,1,104.0,106.0,-1209.0,-1201.0,-3967.0,-3969.0
110,-1196,-3968,1,109.0,104.0,-1198.0,-1209.0,-3966.0,-3967.0
109,-1207,-3973,1,110.0,109.0,-1196.0,-1198.0,-3968.0,-3966.0
106,-1205,-3964,1,109.0,110.0,-1207.0,-1196.0,-3973.0,-3968.0
110,-1200,-3964,1,106.0,109.0,-1205.0,-1207.0,-3964.0,-3973.0
105,-1205,-3967,1,110.0,106.0,-1200.0,-1205.0,-3964.0,-3964.0
106,-1200,-3969,1,105.0,110.0,-1205.0,-1200.0,-3967.0,-3964.0
114,-1204,-3973,1,106.0,105.0,-1200.0,-1205.0,-3969.0,-3967.0
106,-1195,-3968,1,114.0,106.0,-1204.0,-1200.0,-3973.0,-3969.0
120,-1200,-3972,1,106.0,114.0,-1195.0,-1204.0,-3968.0,-3973.0
103,-1206,-3975,1,120.0,106.0,-1200.0,-1195.0,-3972.0,-3968.0
112,-1217,-3963,1,103.0,120.0,-1206.0,-1200.0,-3975.0,-3972.0
11,-1274,-3644,1,112.0,103.0,-1217.0,-1206.0,-3963.0,-3975.0
123,-1105,-3992,1,11.0,112.0,-1274.0,-1217.0,-3644.0,-3963.0
147,-1078,-4264,1,123.0,11.0,-1105.0,-1274.0,-3992.0,-3644.0
109,-1218,-4027,1,147.0,123.0,-1078.0,-1105.0,-4264.0,-3992.0
109,-1189,-3950,1,109.0,147.0,-1218.0,-1078.0,-4027.0,-4264.0
109,-1200,-3972,1,109.0,109.0,-1189.0,-1218.0,-3950.0,-4027.0
114,-1189,-3978,1,109.0,109.0,-1200.0,-1189.0,-3972.0,-3950.0
114,-1200,-3975,1,114.0,109.0,-1189.0,-1200.0,-3978.0,-3972.0
111,-1188,-3982,1,114.0,114.0,-1200.0,-1189.0,-3975.0,-3978.0
148,-1188,-3969,1,111.0,114.0,-1188.0,-1200.0,-3982.0,-3975.0
39,-1215,-3970,1,148.0,111.0,-1188.0,-1188.0,-3969.0,-3982.0
112,-1169,-3970,1,39.0,148.0,-1215.0,-1188.0,-3970.0,-3969.0
109,-1210,-3992,1,112.0,39.0,-1169.0,-1215.0,-3970.0,-3970.0
112,-1193,-3992,1,109.0,112.0,-1210.0,-1169.0,-3992.0,-3970.0
105,-1196,-3983,1,112.0,109.0,-1193.0,-1210.0,-3992.0,-3992.0
122,-1192,-3980,1,105.0,112.0,-1196.0,-1193.0,-3983.0,-3992.0
92,-1197,-3959,1,122.0,105.0,-1192.0,-1196.0,-3980.0,-3983.0
98,-1188,-3999,1,92.0,122.0,-1197.0,-1192.0,-3959.0,-3980.0
111,-1192,-3979,1,98.0,92.0,-1188.0,-1197.0,-3999.0,-3959.0
108,-1194,-3978,1,111.0,98.0,-1192.0,-1188.0,-3979.0,-3999.0
107,-1194,-3974,1,108.0,111.0,-1194.0,-1192.0,-3978.0,-3979.0
118,-1196,-3971,1,107.0,108.0,-1194.0,-1194.0,-3974.0,-3978.0
114,-1191,-3979,1,118.0,107.0,-1196.0,-1194.0,-3971.0,-3974.0
110,-1189,-3973,1,114.0,118.0,-1191.0,-1196.0,-3979.0,-3971.0
107,-1188,-3975,1,110.0,114.0,-1189.0,-1191.0,-3973.0,-3979.0
109,-1189,-3974,1,107.0,110.0,-1188.0,-1189.0,-3975.0,-3973.0
112,-1194,-3966,1,109.0,107.0,-1189.0,-1188.0,-3974.0,-3975.0
108,-1200,-3971,1,112.0,109.0,-1194.0,-1189.0,-3966.0,-3974.0
109,-1193,-3970,1,108.0,112.0,-1200.0,-1194.0,-3971.0,-3966.0
113,-1200,-3971,1,109.0,108.0,-1193.0,-1200.0,-3970.0,-3971.0
105,-1196,-3977,1,113.0,109.0,-1200.0,-1193.0,-3971.0,-3970.0
108,-1198,-3977,1,105.0,113.0,-1196.0,-1200.0,-3977.0,-3971.0
112,-1195,-3980,1,108.0,105.0,-1198.0,-1196.0,-3977.0,-3977.0
110,-1192,-3979,1,112.0,108.0,-1195.0,-1198.0,-3980.0,-3977.0
119,-1187,-3971,1,110.0,112.0,-1192.0,-1195.0,-3979.0,-3980.0
106,-1193,-3978,1,119.0,110.0,-1187.0,-1192.0,-3971.0,-3979.0
105,-1194,-3974,1,106.0,119.0,-1193.0,-1187.0,-3978.0,-3971.0
105,-1191,-3974,1,105.0,106.0,-1194.0,-1193.0,-3974.0,-3978.0
98,-1198,-4003,1,105.0,105.0,-1191.0,-1194.0,-3974.0,-3974.0
115,-1188,-3949,1,98.0,105.0,-1198.0,-1191.0,-4003.0,-3974.0
110,-1196,-3919,1,115.0,98.0,-1188.0,-1198.0,-3949.0,-4003.0
105,-1194,-3990,1,110.0,115.0,-1196.0,-1188.0,-3919.0,-3949.0
111,-1192,-3992,1,105.0,110.0,-1194.0,-1196.0,-3990.0,-3919.0
115,-1191,-3972,1,111.0,105.0,-1192.0,-1194.0,-3992.0,-3990.0
116,-1194,-3969,1,115.0,111.0,-1191.0,-1192.0,-3972.0,-3992.0
116,-1196,-3979,1,116.0,115.0,-1194.0,-1191.0,-3969.0,-3972.0
110,-1191,-3981,1,116.0,116.0,-1196.0,-1194.0,-3979.0,-3969.0
119,-1201,-3947,1,110.0,116.0,-1191.0,-1196.0,-3981.0,-3979.0
88,-1225,-3819,1,119.0,110.0,-1201.0,-1191.0,-3947.0,-3981.0
138,-1241,-3930,1,88.0,119.0,-1225.0,-1201.0,-3819.0,-3947.0
114,-1253,-3943,1,138.0,88.0,-1241.0,-1225.0,-3930.0,-3819.0
137,-1141,-4136,1,114.0,138.0,-1253.0,-1241.0,-3943.0,-3930.0
105,-1165,-4060,1,137.0,114.0,-1141.0,-1253.0,-4136.0,-3943.0
100,-1171,-3980,1,105.0,137.0,-1165.0,-1141.0,-4060.0,-4136.0
111,-1193,-3979,1,100.0,105.0,-1171.0,-1165.0,-3980.0,-4060.0
107,-1192,-3981,1,111.0,100.0,-1193.0,-1171.0,-3979.0,-3980.0
113,-1193,-3972,1,107.0,111.0,-1192.0,-1193.0,-3981.0,-3979.0
114,-1194,-3972,1,113.0,107.0,-1193.0,-1192.0,-3972.0,-3981.0
118,-1190,-3982,1,114.0,113.0,-1194.0,-1193.0,-3972.0,-3972.0
114,-1191,-3987,1,118.0,114.0,-1190.0,-1194.0,-3982.0,-3972.0
110,-1193,-3985,1,114.0,118.0,-1191.0,-1190.0,-3987.0,-3982.0
109,-1193,-3986,1,110.0,114.0,-1193.0,-1191.0,-3985.0,-3987.0
110,-1192,-3980,1,109.0,110.0,-1193.0,-1193.0,-3986.0,-3985.0
103,-1184,-3977,1,110.0,109.0,-1192.0,-1193.0,-3980.0,-3986.0
103,-1188,-3978,1,103.0,110.0,-1184.0,-1192.0,-3977.0,-3980.0
110,-1189,-3985,1,103.0,103.0,-1188.0,-1184.0,-3978.0,-3977.0
109,-1185,-3971,1,110.0,103.0,-1189.0,-1188.0,-3985.0,-3978.0
111,-1195,-3978,1,109.0,110.0,-1185.0,-1189.0,-3971.0,-3985.0
111,-1188,-3971,1,111.0,109.0,-1195.0,-1185.0,-3978.0,-3971.0
110,-1183,-3970,1,111.0,111.0,-1188.0,-1195.0,-3971.0,-3978.0
111,-1184,-3986,1,110.0,111.0,-1183.0,-1188.0,-3970.0,-3971.0
112,-1185,-3985,1,111.0,110.0,-1184.0,-1183.0,-3986.0,-3970.0
111,-1187,-3982,1,112.0,111.0,-1185.0,-1184.0,-3985.0,-3986.0
117,-1189,-3982,1,111.0,112.0,-1187.0,-1185.0,-3982.0,-3985.0
108,-1182,-3978,1,117.0,111.0,-1189.0,-1187.0,-3982.0,-3982.0
110,-1192,-3977,1,108.0,117.0,-1182.0,-1189.0,-3978.0,-3982.0
113,-1189,-3981,1,110.0,108.0,-1192.0,-1182.0,-3977.0,-3978.0
114,-1184,-3975,1,113.0,110.0,-1189.0,-1192.0,-3981.0,-3977.0
114,-1192,-3976,1,114.0,113.0,-1184.0,-1189.0,-3975.0,-3981.0
109,-1191,-3979,1,114.0,114.0,-1192.0,-1184.0,-3976.0,-3975.0
110,-1185,-3974,1,109.0,114.0,-1191.0,-1192.0,-3979.0,-3976.0
112,-1188,-3988,1,110.0,109.0,-1185.0,-1191.0,-3974.0,-3979.0
103,-1197,-3977,1,112.0,110.0,-1188.0,-1185.0,-3988.0,-3974.0
112,-1193,-3967,1,103.0,112.0,-1197.0,-1188.0,-3977.0,-3988.0
105,-1193,-3960,1,112.0,103.0,-1193.0,-1197.0,-3967.0,-3977.0
114,-1187,-3967,1,105.0,112.0,-1193.0,-1193.0,-3960.0,-3967.0
109,-1188,-3977,1,114.0,105.0,-1187.0,-1193.0,-3967.0,-3960.0
109,-1189,-3991,1,109.0,114.0,-1188.0,-1187.0,-3977.0,-3967.0
115,-1188,-3984,1,109.0,109.0,-1189.0,-1188.0,-3991.0,-3977.0
120,-1191,-3977,1,115.0,109.0,-1188.0,-1189.0,-3984.0,-3991.0
102,-1186,-3980,1,120.0,115.0,-1191.0,-1188.0,-3977.0,-3984.0
117,-1190,-3973,1,102.0,120.0,-1186.0,-1191.0,-3980.0,-3977.0
117,-1189,-3976,1,117.0,102.0,-1190.0,-1186.0,-3973.0,-3980.0
113,-1191,-3975,1,117.0,117.0,-1189.0,-1190.0,-3976.0,-3973.0
112,-1189,-3977,1,113.0,117.0,-1191.0,-1189.0,-3975.0,-3976.0
111,-1194,-3980,1,112.0,113.0,-1189.0,-1191.0,-3977.0,-3975.0
113,-1192,-3982,1,111.0,112.0,-1194.0,-1189.0,-3980.0,-3977.0
111,-1191,-3981,1,113.0,111.0,-1192.0,-1194.0,-3982.0,-3980.0
112,-1188,-3971,1,111.0,113.0,-1191.0,-1192.0,-3981.0,-3982.0
117,-1193,-3976,1,112.0,111.0,-1188.0,-1191.0,-3971.0,-3981.0
112,-1188,-3986,1,117.0,112.0,-1193.0,-1188.0,-3976.0,-3971.0
113,-1189,-3978,1,112.0,117.0,-1188.0,-1193.0,-3986.0,-3976.0
108,-1190,-3968,1,113.0,112.0,-1189.0,-1188.0,-3978.0,-3986.0
112,-1185,-3976,1,108.0,113.0,-1190.0,-1189.0,-3968.0,-3978.0
121,-1190,-3977,1,112.0,108.0,-1185.0,-1190.0,-3976.0,-3968.0
107,-1190,-3973,1,121.0,112.0,-1190.0,-1185.0,-3977.0,-3976.0
107,-1188,-3965,1,107.0,121.0,-1190.0,-1190.0,-3973.0,-3977.0
112,-1186,-3971,1,107.0,107.0,-1188.0,-1190.0,-3965.0,-3973.0
115,-1188,-3970,1,112.0,107.0,-1186.0,-1188.0,-3971.0,-3965.0
104,-1186,-3976,1,115.0,112.0,-1188.0,-1186.0,-3970.0,-3971.0
104,-1185,-3977,1,104.0,115.0,-1186.0,-1188.0,-3976.0,-3970.0
108,-1189,-3971,1,104.0,104.0,-1185.0,-1186.0,-3977.0,-3976.0
103,-1187,-3973,1,108.0,104.0,-1189.0,-1185.0,-3971.0,-3977.0
110,-1189,-3973,1,103.0,108.0,-1187.0,-1189.0,-3973.0,-3971.0
117,-1181,-3974,1,110.0,103.0,-1189.0,-1187.0,-3973.0,-3973.0
113,-1184,-3971,1,117.0,110.0,-1181.0,-1189.0,-3974.0,-3973.0
112,-1181,-3971,1,113.0,117.0,-1184.0,-1181.0,-3971.0,-3974.0
110,-1192,-3973,1,112.0,113.0,-1181.0,-1184.0,-3971.0,-3971.0
111,-1188,-3978,1,110.0,112.0,-1192.0,-1181.0,-3973.0,-3971.0
103,-1191,-3982,1,111.0,110.0,-1188.0,-1192.0,-3978.0,-3973.0
116,-1177,-3978,1,103.0,111.0,-1191.0,-1188.0,-3982.0,-3978.0
111,-1188,-3976,1,116.0,103.0,-1177.0,-1191.0,-3978.0,-3982.0
106,-1190,-3979,1,111.0,116.0,-1188.0,-1177.0,-3976.0,-3978.0
113,-1189,-3982,1,106.0,111.0,-1190.0,-1188.0,-3979.0,-3976.0
106,-1187,-3989,1,113.0,106.0,-1189.0,-1190.0,-3982.0,-3979.0
108,-1187,-3980,1,106.0,113.0,-1187.0,-1189.0,-3989.0,-3982.0
105,-1194,-3978,1,108.0,106.0,-1187.0,-1187.0,-3980.0,-3989.0
116,-1184,-3979,1,105.0,108.0,-1194.0,-1187.0,-3978.0,-3980.0
108,-1191,-3977,1,116.0,105.0,-1184.0,-1194.0,-3979.0,-3978.0
113,-1183,-3976,1,108.0,116.0,-1191.0,-1184.0,-3977.0,-3979.0
105,-1188,-3974,1,113.0,108.0,-1183.0,-1191.0,-3976.0,-3977.0
103,-1183,-3977,1,105.0,113.0,-1188.0,-1183.0,-3974.0,-3976.0
109,-1193,-3981,1,103.0,105.0,-1183.0,-1188.0,-3977.0,-3974.0
108,-1192,-3979,1,109.0,103.0,-1193.0,-1183.0,-3981.0,-3977.0
99,-1195,-3973,1,108.0,109.0,-1192.0,-1193.0,-3979.0,-3981.0
113,-1186,-3973,1,99.0,108.0,-1195.0,-1192.0,-3973.0,-3979.0
107,-1182,-3970,1,113.0,99.0,-1186.0,-1195.0,-3973.0,-3973.0
115,-1190,-3971,1,107.0,113.0,-1182.0,-1186.0,-3970.0,-3973.0
109,-1189,-3982,1,115.0,107.0,-1190.0,-1182.0,-3971.0,-3970.0
99,-1183,-3979,1,109.0,115.0,-1189.0,-1190.0,-3982.0,-3971.0
100,-1186,-3979,1,99.0,109.0,-1183.0,-1189.0,-3979.0,-3982.0
109,-1185,-3983,1,100.0,99.0,-1186.0,-1183.0,-3979.0,-3979.0
116,-1182,-3979,1,109.0,100.0,-1185.0,-1186.0,-3983.0,-3979.0
101,-1181,-3995,1,116.0,109.0,-1182.0,-1185.0,-3979.0,-3983.0
109,-1187,-3996,1,101.0,116.0,-1181.0,-1182.0,-3995.0,-3979.0
98,-1184,-3998,1,109.0,101.0,-1187.0,-1181.0,-3996.0,-3995.0
103,-1190,-3986,1,98.0,109.0,-1184.0,-1187.0,-3998.0,-3996.0
110,-1180,-3938,1,103.0,98.0,-1190.0,-1184.0,-3986.0,-3998.0
105,-1197,-3949,1,110.0,103.0,-1180.0,-1190.0,-3938.0,-3986.0
111,-1190,-3996,1,105.0,110.0,-1197.0,-1180.0,-3949.0,-3938.0
107,-1182,-3992,1,111.0,105.0,-1190.0,-1197.0,-3996.0,-3949.0
111,-1190,-3973,1,107.0,111.0,-1182.0,-1190.0,-3992.0,-3996.0
109,-1193,-3981,1,111.0,107.0,-1190.0,-1182.0,-3973.0,-3992.0
107,-1193,-3983,1,109.0,111.0,-1193.0,-1190.0,-3981.0,-3973.0
110,-1188,-3979,1,107.0,109.0,-1193.0,-1193.0,-3983.0,-3981.0
112,-1190,-3963,1,110.0,107.0,-1188.0,-1193.0,-3979.0,-3983.0
111,-1192,-3951,1,112.0,110.0,-1190.0,-1188.0,-3963.0,-3979.0
117,-1195,-3947,1,111.0,112.0,-1192.0,-1190.0,-3951.0,-3963.0
115,-1194,-3967,1,117.0,111.0,-1195.0,-1192.0,-3947.0,-3951.0
113,-1180,-3985,1,115.0,117.0,-1194.0,-1195.0,-3967.0,-3947.0
107,-1187,-3998,1,113.0,115.0,-1180.0,-1194.0,-3985.0,-3967.0
105,-1187,-3981,1,107.0,113.0,-1187.0,-1180.0,-3998.0,-3985.0
107,-1195,-3976,1,105.0,107.0,-1187.0,-1187.0,-3981.0,-3998.0
110,-1196,-3968,1,107.0,105.0,-1195.0,-1187.0,-3976.0,-3981.0
110,-1193,-3975,1,110.0,107.0,-1196.0,-1195.0,-3968.0,-3976.0
109,-1191,-3964,1,110.0,110.0,-1193.0,-1196.0,-3975.0,-3968.0
116,-1192,-3980,1,109.0,110.0,-1191.0,-1193.0,-3964.0,-3975.0
114,-1190,-3980,1,116.0,109.0,-1192.0,-1191.0,-3980.0,-3964.0
109,-1187,-3990,1,114.0,116.0,-1190.0,-1192.0,-3980.0,-3980.0
108,-1198,-3985,1,109.0,114.0,-1187.0,-1190.0,-3990.0,-3980.0
102,-1183,-3980,1,108.0,109.0,-1198.0,-1187.0,-3985.0,-3990.0
111,-1190,-3978,1,102.0,108.0,-1183.0,-1198.0,-3980.0,-3985.0
106,-1196,-3974,1,111.0,102.0,-1190.0,-1183.0,-3978.0,-3980.0
108,-1185,-3967,1,106.0,111.0,-1196.0,-1190.0,-3974.0,-3978.0
99,-1182,-3972,1,108.0,106.0,-1185.0,-1196.0,-3967.0,-3974.0
101,-1181,-3971,1,99.0,108.0,-1182.0,-1185.0,-3972.0,-3967.0
104,-1186,-3969,1,101.0,99.0,-1181.0,-1182.0,-3971.0,-3972.0
111,-1189,-3977,1,104.0,101.0,-1186.0,-1181.0,-3969.0,-3971.0
110,-1186,-3983,1,111.0,104.0,-1189.0,-1186.0,-3977.0,-3969.0
110,-1193,-3978,1,110.0,111.0,-1186.0,-1189.0,-3983.0,-3977.0
108,-1184,-3974,1,110.0,110.0,-1193.0,-1186.0,-3978.0,-3983.0
106,-1192,-3976,1,108.0,110.0,-1184.0,-1193.0,-3974.0,-3978.0
102,-1188,-3979,1,106.0,108.0,-1192.0,-1184.0,-3976.0,-3974.0
109,-1185,-3980,1,102.0,106.0,-1188.0,-1192.0,-3979.0,-3976.0
113,-1186,-3975,1,109.0,102.0,-1185.0,-1188.0,-3980.0,-3979.0
108,-1178,-3979,1,113.0,109.0,-1186.0,-1185.0,-3975.0,-3980.0
103,-1183,-3984,1,108.0,113.0,-1178.0,-1186.0,-3979.0,-3975.0
110,-1189,-3979,1,103.0,108.0,-1183.0,-1178.0,-3984.0,-3979.0
110,-1181,-3981,1,110.0,103.0,-1189.0,-1183.0,-3979.0,-3984.0
101,-1185,-3989,1,110.0,110.0,-1181.0,-1189.0,-3981.0,-3979.0
103,-1194,-3984,1,101.0,110.0,-1185.0,-1181.0,-3989.0,-3981.0
104,-1193,-3974,1,103.0,101.0,-1194.0,-1185.0,-3984.0,-3989.0
112,-1186,-3964,1,104.0,103.0,-1193.0,-1194.0,-3974.0,-3984.0
109,-1184,-3974,1,112.0,104.0,-1186.0,-1193.0,-3964.0,-3974.0
104,-1189,-3984,1,109.0,112.0,-1184.0,-1186.0,-3974.0,-3964.0
104,-1185,-3983,1,104.0,109.0,-1189.0,-1184.0,-3984.0,-3974.0
110,-1190,-3992,1,104.0,104.0,-1185.0,-1189.0,-3983.0,-3984.0
108,-1188,-3975,1,110.0,104.0,-1190.0,-1185.0,-3992.0,-3983.0
110,-1187,-3973,1,108.0,110.0,-1188.0,-1190.0,-3975.0,-3992.0
107,-1185,-3972,1,110.0,108.0,-1187.0,-1188.0,-3973.0,-3975.0
104,-1191,-3967,1,107.0,110.0,-1185.0,-1187.0,-3972.0,-3973.0
109,-1189,-3975,1,104.0,107.0,-1191.0,-1185.0,-3967.0,-3972.0
105,-1195,-3972,1,109.0,104.0,-1189.0,-1191.0,-3975.0,-3967.0
111,-1194,-3966,1,105.0,109.0,-1195.0,-1189.0,-3972.0,-3975.0
108,-1191,-3976,1,111.0,105.0,-1194.0,-1195.0,-3966.0,-3972.0
103,-1188,-3982,1,108.0,111.0,-1191.0,-1194.0,-3976.0,-3966.0
99,-1189,-3974,1,103.0,108.0,-1188.0,-1191.0,-3982.0,-3976.0
109,-1191,-3973,1,99.0,103.0,-1189.0,-1188.0,-3974.0,-3982.0
104,-1190,-3977,1,109.0,99.0,-1191.0,-1189.0,-3973.0,-3974.0
97,-1190,-3972,1,104.0,109.0,-1190.0,-1191.0,-3977.0,-3973.0
108,-1190,-3977,1,97.0,104.0,-1190.0,-1190.0,-3972.0,-3977.0
107,-1192,-3973,1,108.0,97.0,-1190.0,-1190.0,-3977.0,-3972.0
111,-1191,-3978,1,107.0,108.0,-1192.0,-1190.0,-3973.0,-3977.0
100,-1182,-3971,1,111.0,107.0,-1191.0,-1192.0,-3978.0,-3973.0
109,-1192,-3978,1,100.0,111.0,-1182.0,-1191.0,-3971.0,-3978.0
112,-1183,-3972,1,109.0,100.0,-1192.0,-1182.0,-3978.0,-3971.0
99,-1187,-3977,1,112.0,109.0,-1183.0,-1192.0,-3972.0,-3978.0
110,-1192,-3981,1,99.0,112.0,-1187.0,-1183.0,-3977.0,-3972.0
104,-1186,-3977,1,110.0,99.0,-1192.0,-1187.0,-3981.0,-3977.0
109,-1186,-3973,1,104.0,110.0,-1186.0,-1192.0,-3977.0,-3981.0
101,-1190,-3977,1,109.0,104.0,-1186.0,-1186.0,-3973.0,-3977.0
103,-1183,-3970,1,101.0,109.0,-1190.0,-1186.0,-3977.0,-3973.0
106,-1194,-3974,1,103.0,101.0,-1183.0,-1190.0,-3970.0,-3977.0
97,-1183,-3976,1,106.0,103.0,-1194.0,-1183.0,-3974.0,-3970.0
104,-1188,-3973,1,97.0,106.0,-1183.0,-1194.0,-3976.0,-3974.0
110,-1190,-3977,1,104.0,97.0,-1188.0,-1183.0,-3973.0,-3976.0
115,-1191,-3970,1,110.0,104.0,-1190.0,-1188.0,-3977.0,-3973.0
108,-1184,-3977,1,115.0,110.0,-1191.0,-1190.0,-3970.0,-3977.0
104,-1186,-3981,1,108.0,115.0,-1184.0,-1191.0,-3977.0,-3970.0
107,-1190,-3974,1,104.0,108.0,-1186.0,-1184.0,-3981.0,-3977.0
114,-1193,-3975,1,107.0,104.0,-1190.0,-1186.0,-3974.0,-3981.0
109,-1182,-3973,1,114.0,107.0,-1193.0,-1190.0,-3975.0,-3974.0
103,-1191,-3976,1,109.0,114.0,-1182.0,-1193.0,-3973.0,-3975.0
111,-1188,-3978,1,103.0,109.0,-1191.0,-1182.0,-3976.0,-3973.0
103,-1193,-3981,1,111.0,103.0,-1188.0,-1191.0,-3978.0,-3976.0
104,-1189,-3980,1,103.0,111.0,-1193.0,-1188.0,-3981.0,-3978.0
109,-1188,-3984,1,104.0,103.0,-1189.0,-1193.0,-3980.0,-3981.0
105,-1180,-3981,1,109.0,104.0,-1188.0,-1189.0,-3984.0,-3980.0
40,-1183,-3970,1,105.0,109.0,-1180.0,-1188.0,-3981.0,-3984.0
103,-1169,-3962,1,40.0,105.0,-1183.0,-1180.0,-3970.0,-3981.0
100,-1190,-3981,1,103.0,40.0,-1169.0,-1183.0,-3962.0,-3970.0
101,-1184,-3982,1,100.0,103.0,-1190.0,-1169.0,-3981.0,-3962.0
106,-1193,-3975,1,101.0,100.0,-1184.0,-1190.0,-3982.0,-3981.0
111,-1189,-3971,1,106.0,101.0,-1193.0,-1184.0,-3975.0,-3982.0
105,-1190,-3976,1,111.0,106.0,-1189.0,-1193.0,-3971.0,-3975.0
99,-1190,-3974,1,105.0,111.0,-1190.0,-1189.0,-3976.0,-3971.0
101,-1187,-3972,1,99.0,105.0,-1190.0,-1190.0,-3974.0,-3976.0
106,-1190,-3976,1,101.0,99.0,-1187.0,-1190.0,-3972.0,-3974.0
109,-1189,-3978,1,106.0,101.0,-1190.0,-1187.0,-3976.0,-3972.0
101,-1191,-3973,1,109.0,106.0,-1189.0,-1190.0,-3978.0,-3976.0
106,-1190,-3978,1,101.0,109.0,-1191.0,-1189.0,-3973.0,-3978.0
104,-1193,-3980,1,106.0,101.0,-1190.0,-1191.0,-3978.0,-3973.0
110,-1178,-3996,1,104.0,106.0,-1193.0,-1190.0,-3980.0,-3978.0
101,-1181,-3986,1,110.0,104.0,-1178.0,-1193.0,-3996.0,-3980.0
99,-1191,-3992,1,101.0,110.0,-1181.0,-1178.0,-3986.0,-3996.0
96,-1195,-3994,1,99.0,101.0,-1191.0,-1181.0,-3992.0,-3986.0
97,-1174,-3950,1,96.0,99.0,-1195.0,-1191.0,-3994.0,-3992.0
110,-1192,-3963,1,97.0,96.0,-1174.0,-1195.0,-3950.0,-3994.0
107,-1187,-3960,1,110.0,97.0,-1192.0,-1174.0,-3963.0,-3950.0
105,-1189,-3985,1,107.0,110.0,-1187.0,-1192.0,-3960.0,-3963.0
103,-1190,-4000,1,105.0,107.0,-1189.0,-1187.0,-3985.0,-3960.0
101,-1183,-3998,1,103.0,105.0,-1190.0,-1189.0,-4000.0,-3985.0
111,-1186,-3972,1,101.0,103.0,-1183.0,-1190.0,-3998.0,-4000.0
104,-1188,-3970,1,111.0,101.0,-1186.0,-1183.0,-3972.0,-3998.0
101,-1189,-3973,1,104.0,111.0,-1188.0,-1186.0,-3970.0,-3972.0
101,-1188,-3978,1,101.0,104.0,-1189.0,-1188.0,-3973.0,-3970.0
103,-1190,-3961,1,101.0,101.0,-1188.0,-1189.0,-3978.0,-3973.0
106,-1193,-3963,1,103.0,101.0,-1190.0,-1188.0,-3961.0,-3978.0
106,-1193,-3967,1,106.0,103.0,-1193.0,-1190.0,-3963.0,-3961.0
114,-1190,-3978,1,106.0,106.0,-1193.0,-1193.0,-3967.0,-3963.0
111,-1188,-3993,1,114.0,106.0,-1190.0,-1193.0,-3978.0,-3967.0
105,-1185,-3994,1,111.0,114.0,-1188.0,-1190.0,-3993.0,-3978.0
103,-1193,-3980,1,105.0,111.0,-1185.0,-1188.0,-3994.0,-3993.0
104,-1186,-3974,1,103.0,105.0,-1193.0,-1185.0,-3980.0,-3994.0
106,-1186,-3970,1,104.0,103.0,-1186.0,-1193.0,-3974.0,-3980.0
106,-1185,-3972,1,106.0,104.0,-1186.0,-1186.0,-3970.0,-3974.0
100,-1191,-3976,1,106.0,106.0,-1185.0,-1186.0,-3972.0,-3970.0
106,-1191,-3982,1,100.0,106.0,-1191.0,-1185.0,-3976.0,-3972.0
104,-1198,-3978,1,106.0,100.0,-1191.0,-1191.0,-3982.0,-3976.0
99,-1187,-3977,1,104.0,106.0,-1198.0,-1191.0,-3978.0,-3982.0
103,-1187,-3979,1,99.0,104.0,-1187.0,-1198.0,-3977.0,-3978.0
103,-1187,-3982,1,103.0,99.0,-1187.0,-1187.0,-3979.0,-3977.0
100,-1189,-3973,1,103.0,103.0,-1187.0,-1187.0,-3982.0,-3979.0
102,-1190,-3982,1,100.0,103.0,-1189.0,-1187.0,-3973.0,-3982.0
109,-1187,-3975,1,102.0,100.0,-1190.0,-1189.0,-3982.0,-3973.0
103,-1188,-3973,1,109.0,102.0,-1187.0,-1190.0,-3975.0,-3982.0
102,-1184,-3970,1,103.0,109.0,-1188.0,-1187.0,-3973.0,-3975.0
96,-1188,-3973,1,102.0,103.0,-1184.0,-1188.0,-3970.0,-3973.0
100,-1190,-3973,1,96.0,102.0,-1188.0,-1184.0,-3973.0,-3970.0
105,-1185,-3978,1,100.0,96.0,-1190.0,-1188.0,-3973.0,-3973.0
103,-1188,-3978,1,105.0,100.0,-1185.0,-1190.0,-3978.0,-3973.0
99,-1188,-3977,1,103.0,105.0,-1188.0,-1185.0,-3978.0,-3978.0
104,-1189,-3975,1,99.0,103.0,-1188.0,-1188.0,-3977.0,-3978.0
101,-1189,-3981,1,104.0,99.0,-1189.0,-1188.0,-3975.0,-3977.0
104,-1189,-3977,1,101.0,104.0,-1189.0,-1189.0,-3981.0,-3975.0
102,-1184,-3977,1,104.0,101.0,-1189.0,-1189.0,-3977.0,-3981.0
103,-1192,-3980,1,102.0,104.0,-1184.0,-1189.0,-3977.0,-3977.0
100,-1185,-3979,1,103.0,102.0,-1192.0,-1184.0,-3980.0,-3977.0
106,-1184,-3986,1,100.0,103.0,-1185.0,-1192.0,-3979.0,-3980.0
103,-1185,-3981,1,106.0,100.0,-1184.0,-1185.0,-3986.0,-3979.0
95,-1189,-3979,1,103.0,106.0,-1185.0,-1184.0,-3981.0,-3986.0
104,-1186,-3976,1,95.0,103.0,-1189.0,-1185.0,-3979.0,-3981.0
104,-1193,-3969,1,104.0,95.0,-1186.0,-1189.0,-3976.0,-3979.0
105,-1189,-3967,1,104.0,104.0,-1193.0,-1186.0,-3969.0,-3976.0
103,-1185,-3979,1,105.0,104.0,-1189.0,-1193.0,-3967.0,-3969.0
96,-1191,-3985,1,103.0,105.0,-1185.0,-1189.0,-3979.0,-3967.0
99,-1193,-3982,1,96.0,103.0,-1191.0,-1185.0,-3985.0,-3979.0
98,-1187,-3978,1,99.0,96.0,-1193.0,-1191.0,-3982.0,-3985.0
99,-1189,-3974,1,98.0,99.0,-1187.0,-1193.0,-3978.0,-3982.0
106,-1185,-3970,1,99.0,98.0,-1189.0,-1187.0,-3974.0,-3978.0
106,-1188,-3970,1,106.0,99.0,-1185.0,-1189.0,-3970.0,-3974.0
99,-1189,-3979,1,106.0,106.0,-1188.0,-1185.0,-3970.0,-3970.0
108,-1190,-3980,1,99.0,106.0,-1189.0,-1188.0,-3979.0,-3970.0
109,-1194,-3970,1,108.0,99.0,-1190.0,-1189.0,-3980.0,-3979.0
101,-1191,-3974,1,109.0,108.0,-1194.0,-1190.0,-3970.0,-3980.0
100,-1187,-3973,1,101.0,109.0,-1191.0,-1194.0,-3974.0,-3970.0
101,-1191,-3971,1,100.0,101.0,-1187.0,-1191.0,-3973.0,-3974.0
104,-1188,-3976,1,101.0,100.0,-1191.0,-1187.0,-3971.0,-3973.0
100,-1182,-3979,1,104.0,101.0,-1188.0,-1191.0,-3976.0,-3971.0
105,-1181,-3980,1,100.0,104.0,-1182.0,-1188.0,-3979.0,-3976.0
102,-1186,-3975,1,105.0,100.0,-1181.0,-1182.0,-3980.0,-3979.0
104,-1186,-3970,1,102.0,105.0,-1186.0,-1181.0,-3975.0,-3980.0
101,-1188,-3976,1,104.0,102.0,-1186.0,-1186.0,-3970.0,-3975.0
108,-1186,-3976,1,101.0,104.0,-1188.0,-1186.0,-3976.0,-3970.0
99,-1186,-3979,1,108.0,101.0,-1186.0,-1188.0,-3976.0,-3976.0
109,-1192,-3973,1,99.0,108.0,-1186.0,-1186.0,-3979.0,-3976.0
101,-1191,-3972,1,109.0,99.0,-1192.0,-1186.0,-3973.0,-3979.0
104,-1190,-3972,1,101.0,109.0,-1191.0,-1192.0,-3972.0,-3973.0
107,-1186,-3971,1,104.0,101.0,-1190.0,-1191.0,-3972.0,-3972.0
105,-1179,-3969,1,107.0,104.0,-1186.0,-1190.0,-3971.0,-3972.0
97,-1190,-3984,1,105.0,107.0,-1179.0,-1186.0,-3969.0,-3971.0
100,-1188,-3975,1,97.0,105.0,-1190.0,-1179.0,-3984.0,-3969.0
100,-1193,-3980,1,100.0,97.0,-1188.0,-1190.0,-3975.0,-3984.0
105,-1189,-3978,1,100.0,100.0,-1193.0,-1188.0,-3980.0,-3975.0
103,-1188,-3978,1,105.0,100.0,-1189.0,-1193.0,-3978.0,-3980.0
103,-1192,-3978,1,103.0,105.0,-1188.0,-1189.0,-3978.0,-3978.0
102,-1194,-3985,1,103.0,103.0,-1192.0,-1188.0,-3978.0,-3978.0
106,-1183,-3978,1,102.0,103.0,-1194.0,-1192.0,-3985.0,-3978.0
104,-1189,-3976,1,106.0,102.0,-1183.0,-1194.0,-3978.0,-3985.0
103,-1189,-3977,1,104.0,106.0,-1189.0,-1183.0,-3976.0,-3978.0
102,-1191,-3979,1,103.0,104.0,-1189.0,-1189.0,-3977.0,-3976.0
101,-1191,-3976,1,102.0,103.0,-1191.0,-1189.0,-3979.0,-3977.0
107,-1196,-3975,1,101.0,102.0,-1191.0,-1191.0,-3976.0,-3979.0
106,-1184,-3975,1,107.0,101.0,-1196.0,-1191.0,-3975.0,-3976.0
103,-1193,-3980,1,106.0,107.0,-1184.0,-1196.0,-3975.0,-3975.0
101,-1190,-3975,1,103.0,106.0,-1193.0,-1184.0,-3980.0,-3975.0
106,-1187,-3984,1,101.0,103.0,-1190.0,-1193.0,-3975.0,-3980.0
101,-1195,-3980,1,106.0,101.0,-1187.0,-1190.0,-3984.0,-3975.0
95,-1190,-3977,1,101.0,106.0,-1195.0,-1187.0,-3980.0,-3984.0
100,-1181,-3968,1,95.0,101.0,-1190.0,-1195.0,-3977.0,-3980.0
104,-1189,-3975,1,100.0,95.0,-1181.0,-1190.0,-3968.0,-3977.0
101,-1193,-3975,1,104.0,100.0,-1189.0,-1181.0,-3975.0,-3968.0
109,-1190,-3971,1,101.0,104.0,-1193.0,-1189.0,-3975.0,-3975.0
98,-1189,-3972,1,109.0,101.0,-1190.0,-1193.0,-3971.0,-3975.0
101,-1187,-3981,1,98.0,109.0,-1189.0,-1190.0,-3972.0,-3971.0
105,-1192,-3978,1,101.0,98.0,-1187.0,-1189.0,-3981.0,-3972.0
104,-1191,-3980,1,105.0,101.0,-1192.0,-1187.0,-3978.0,-3981.0
103,-1194,-3978,1,104.0,105.0,-1191.0,-1192.0,-3980.0,-3978.0
101,-1194,-3980,1,103.0,104.0,-1194.0,-1191.0,-3978.0,-3980.0
106,-1199,-3977,1,101.0,103.0,-1194.0,-1194.0,-3980.0,-3978.0
103,-1190,-3978,1,106.0,101.0,-1199.0,-1194.0,-3977.0,-3980.0
94,-1191,-3970,1,103.0,106.0,-1190.0,-1199.0,-3978.0,-3977.0
101,-1193,-3977,1,94.0,103.0,-1191.0,-1190.0,-3970.0,-3978.0
99,-1189,-3975,1,101.0,94.0,-1193.0,-1191.0,-3977.0,-3970.0
97,-1189,-3973,1,99.0,101.0,-1189.0,-1193.0,-3975.0,-3977.0
98,-1192,-3979,1,97.0,99.0,-1189.0,-1189.0,-3973.0,-3975.0
107,-1178,-3979,1,98.0,97.0,-1192.0,-1189.0,-3979.0,-3973.0
101,-1187,-3981,1,107.0,98.0,-1178.0,-1192.0,-3979.0,-3979.0
93,-1194,-4000,1,101.0,107.0,-1187.0,-1178.0,-3981.0,-3979.0
99,-1196,-3994,1,93.0,101.0,-1194.0,-1187.0,-4000.0,-3981.0
92,-1193,-3967,1,99.0,93.0,-1196.0,-1194.0,-3994.0,-4000.0
109,-1185,-3966,1,92.0,99.0,-1193.0,-1196.0,-3967.0,-3994.0
101,-1184,-3943,1,109.0,92.0,-1185.0,-1193.0,-3966.0,-3967.0
98,-1192,-3972,1,101.0,109.0,-1184.0,-1185.0,-3943.0,-3966.0
100,-1196,-4006,1,98.0,101.0,-1192.0,-1184.0,-3972.0,-3943.0
100,-1195,-3998,1,100.0,98.0,-1196.0,-1192.0,-4006.0,-3972.0
103,-1193,-3973,1,100.0,100.0,-1195.0,-1196.0,-3998.0,-4006.0
101,-1199,-3964,1,103.0,100.0,-1193.0,-1195.0,-3973.0,-3998.0
102,-1200,-3960,1,101.0,103.0,-1199.0,-1193.0,-3964.0,-3973.0
96,-1192,-3959,1,102.0,101.0,-1200.0,-1199.0,-3960.0,-3964.0
97,-1192,-3960,1,96.0,102.0,-1192.0,-1200.0,-3959.0,-3960.0
95,-1195,-3961,1,97.0,96.0,-1192.0,-1192.0,-3960.0,-3959.0
102,-1189,-3970,1,95.0,97.0,-1195.0,-1192.0,-3961.0,-3960.0
107,-1191,-3986,1,102.0,95.0,-1189.0,-1195.0,-3970.0,-3961.0
100,-1191,-3979,1,107.0,102.0,-1191.0,-1189.0,-3986.0,-3970.0
101,-1193,-3987,1,100.0,107.0,-1191.0,-1191.0,-3979.0,-3986.0
100,-1200,-3985,1,101.0,100.0,-1193.0,-1191.0,-3987.0,-3979.0
99,-1190,-3987,1,100.0,101.0,-1200.0,-1193.0,-3985.0,-3987.0
107,-1189,-3975,1,99.0,100.0,-1190.0,-1200.0,-3987.0,-3985.0
106,-1193,-3966,1,107.0,99.0,-1189.0,-1190.0,-3975.0,-3987.0
102,-1193,-3971,1,106.0,107.0,-1193.0,-1189.0,-3966.0,-3975.0
95,-1191,-3980,1,102.0,106.0,-1193.0,-1193.0,-3971.0,-3966.0
102,-1196,-3984,1,95.0,102.0,-1191.0,-1193.0,-3980.0,-3971.0
102,-1190,-3982,1,102.0,95.0,-1196.0,-1191.0,-3984.0,-3980.0
99,-1197,-3973,1,102.0,102.0,-1190.0,-1196.0,-3982.0,-3984.0
106,-1192,-3976,1,99.0,102.0,-1197.0,-1190.0,-3973.0,-3982.0
110,-1190,-3977,1,106.0,99.0,-1192.0,-1197.0,-3976.0,-3973.0
97,-1192,-3974,1,110.0,106.0,-1190.0,-1192.0,-3977.0,-3976.0
92,-1189,-3967,1,97.0,110.0,-1192.0,-1190.0,-3974.0,-3977.0
101,-1196,-3968,1,92.0,97.0,-1189.0,-1192.0,-3967.0,-3974.0
98,-1193,-3969,1,101.0,92.0,-1196.0,-1189.0,-3968.0,-3967.0
102,-1193,-3972,1,98.0,101.0,-1193.0,-1196.0,-3969.0,-3968.0
92,-1193,-3981,1,102.0,98.0,-1193.0,-1193.0,-3972.0,-3969.0
96,-1194,-3974,1,92.0,102.0,-1193.0,-1193.0,-3981.0,-3972.0
95,-1189,-3977,1,96.0,92.0,-1194.0,-1193.0,-3974.0,-3981.0
99,-1195,-3973,1,95.0,96.0,-1189.0,-1194.0,-3977.0,-3974.0
102,-1193,-3977,1,99.0,95.0,-1195.0,-1189.0,-3973.0,-3977.0
100,-1197,-3970,1,102.0,99.0,-1193.0,-1195.0,-3977.0,-3973.0
97,-1188,-3970,1,100.0,102.0,-1197.0,-1193.0,-3970.0,-3977.0
96,-1191,-3967,1,97.0,100.0,-1188.0,-1197.0,-3970.0,-3970.0
104,-1185,-3971,1,96.0,97.0,-1191.0,-1188.0,-3967.0,-3970.0
99,-1189,-3976,1,104.0,96.0,-1185.0,-1191.0,-3971.0,-3967.0
107,-1191,-3977,1,99.0,104.0,-1189.0,-1185.0,-3976.0,-3971.0
97,-1192,-3980,1,107.0,99.0,-1191.0,-1189.0,-3977.0,-3976.0
101,-1191,-3983,1,97.0,107.0,-1192.0,-1191.0,-3980.0,-3977.0
104,-1194,-3959,1,101.0,97.0,-1191.0,-1192.0,-3983.0,-3980.0
99,-1190,-3967,1,104.0,101.0,-1194.0,-1191.0,-3959.0,-3983.0
94,-1193,-3975,1,99.0,104.0,-1190.0,-1194.0,-3967.0,-3959.0
104,-1188,-3982,1,94.0,99.0,-1193.0,-1190.0,-3975.0,-3967.0
104,-1190,-3986,1,104.0,94.0,-1188.0,-1193.0,-3982.0,-3975.0
102,-1190,-3984,1,104.0,104.0,-1190.0,-1188.0,-3986.0,-3982.0
98,-1193,-3975,1,102.0,104.0,-1190.0,-1190.0,-3984.0,-3986.0
102,-1196,-3973,1,98.0,102.0,-1193.0,-1190.0,-3975.0,-3984.0
98,-1188,-3981,1,102.0,98.0,-1196.0,-1193.0,-3973.0,-3975.0
102,-1190,-3976,1,98.0,102.0,-1188.0,-1196.0,-3981.0,-3973.0
103,-1190,-3973,1,102.0,98.0,-1190.0,-1188.0,-3976.0,-3981.0
104,-1194,-3980,1,103.0,102.0,-1190.0,-1190.0,-3973.0,-3976.0
99,-1191,-3980,1,104.0,103.0,-1194.0,-1190.0,-3980.0,-3973.0
99,-1190,-3979,1,99.0,104.0,-1191.0,-1194.0,-3980.0,-3980.0
101,-1194,-3979,1,99.0,99.0,-1190.0,-1191.0,-3979.0,-3980.0
113,-1189,-3981,1,101.0,99.0,-1194.0,-1190.0,-3979.0,-3979.0
106,-1191,-3974,1,113.0,101.0,-1189.0,-1194.0,-3981.0,-3979.0
96,-1186,-3973,1,106.0,113.0,-1191.0,-1189.0,-3974.0,-3981.0
103,-1193,-3981,1,96.0,106.0,-1186.0,-1191.0,-3973.0,-3974.0
101,-1191,-3978,1,103.0,96.0,-1193.0,-1186.0,-3981.0,-3973.0
96,-1189,-3980,1,101.0,103.0,-1191.0,-1193.0,-3978.0,-3981.0
104,-1188,-3975,1,96.0,101.0,-1189.0,-1191.0,-3980.0,-3978.0
108,-1191,-3970,1,104.0,96.0,-1188.0,-1189.0,-3975.0,-3980.0
101,-1190,-3969,1,108.0,104.0,-1191.0,-1188.0,-3970.0,-3975.0
107,-1197,-3977,1,101.0,108.0,-1190.0,-1191.0,-3969.0,-3970.0
104,-1194,-3974,1,107.0,101.0,-1197.0,-1190.0,-3977.0,-3969.0
101,-1186,-3972,1,104.0,107.0,-1194.0,-1197.0,-3974.0,-3977.0
101,-1191,-3975,1,101.0,104.0,-1186.0,-1194.0,-3972.0,-3974.0
102,-1194,-3969,1,101.0,101.0,-1191.0,-1186.0,-3975.0,-3972.0
101,-1166,-3956,1,102.0,101.0,-1194.0,-1191.0,-3969.0,-3975.0
112,-1186,-3979,1,101.0,102.0,-1166.0,-1194.0,-3956.0,-3969.0
103,-1176,-3976,1,112.0,101.0,-1186.0,-1166.0,-3979.0,-3956.0
96,-1184,-3970,1,103.0,112.0,-1176.0,-1186.0,-3976.0,-3979.0
105,-1192,-3978,1,96.0,103.0,-1184.0,-1176.0,-3970.0,-3976.0
103,-1188,-3976,1,105.0,96.0,-1192.0,-1184.0,-3978.0,-3970.0
100,-1189,-3982,1,103.0,105.0,-1188.0,-1192.0,-3976.0,-3978.0
103,-1192,-3979,1,100.0,103.0,-1189.0,-1188.0,-3982.0,-3976.0
109,-1192,-3981,1,103.0,100.0,-1192.0,-1189.0,-3979.0,-3982.0
103,-1182,-3981,1,109.0,103.0,-1192.0,-1192.0,-3981.0,-3979.0
103,-1191,-3973,1,103.0,109.0,-1182.0,-1192.0,-3981.0,-3981.0
106,-1196,-3969,1,103.0,103.0,-1191.0,-1182.0,-3973.0,-3981.0
107,-1185,-3975,1,106.0,103.0,-1196.0,-1191.0,-3969.0,-3973.0
99,-1192,-3975,1,107.0,106.0,-1185.0,-1196.0,-3975.0,-3969.0
108,-1191,-3977,1,99.0,107.0,-1192.0,-1185.0,-3975.0,-3975.0
104,-1190,-3970,1,108.0,99.0,-1191.0,-1192.0,-3977.0,-3975.0
102,-1190,-3974,1,104.0,108.0,-1190.0,-1191.0,-3970.0,-3977.0
107,-1183,-3970,1,102.0,104.0,-1190.0,-1190.0,-3974.0,-3970.0
104,-1191,-3973,1,107.0,102.0,-1183.0,-1190.0,-3970.0,-3974.0
97,-1188,-3974,1,104.0,107.0,-1191.0,-1183.0,-3973.0,-3970.0
104,-1196,-3981,1,97.0,104.0,-1188.0,-1191.0,-3974.0,-3973.0
102,-1191,-3984,1,104.0,97.0,-1196.0,-1188.0,-3981.0,-3974.0
106,-1191,-3981,1,102.0,104.0,-1191.0,-1196.0,-3984.0,-3981.0
101,-1195,-3981,1,106.0,102.0,-1191.0,-1191.0,-3981.0,-3984.0
103,-1191,-3974,1,101.0,106.0,-1195.0,-1191.0,-3981.0,-3981.0
99,-1187,-3977,1,103.0,101.0,-1191.0,-1195.0,-3974.0,-3981.0
97,-1179,-3977,1,99.0,103.0,-1187.0,-1191.0,-3977.0,-3974.0
106,-1192,-3977,1,97.0,99.0,-1179.0,-1187.0,-3977.0,-3977.0
103,-1189,-3974,1,106.0,97.0,-1192.0,-1179.0,-3977.0,-3977.0
105,-1188,-3974,1,103.0,106.0,-1189.0,-1192.0,-3974.0,-3977.0
108,-1186,-3974,1,105.0,103.0,-1188.0,-1189.0,-3974.0,-3974.0
105,-1183,-3981,1,108.0,105.0,-1186.0,-1188.0,-3974.0,-3974.0
103,-1188,-3976,1,105.0,108.0,-1183.0,-1186.0,-3981.0,-3974.0
99,-1186,-3975,1,103.0,105.0,-1188.0,-1183.0,-3976.0,-3981.0
107,-1192,-3970,1,99.0,103.0,-1186.0,-1188.0,-3975.0,-3976.0
105,-1193,-3971,1,107.0,99.0,-1192.0,-1186.0,-3970.0,-3975.0
102,-1191,-3973,1,105.0,107.0,-1193.0,-1192.0,-3971.0,-3970.0
99,-1193,-3979,1,102.0,105.0,-1191.0,-1193.0,-3973.0,-3971.0
99,-1194,-3982,1,99.0,102.0,-1193.0,-1191.0,-3979.0,-3973.0
106,-1196,-3978,1,99.0,99.0,-1194.0,-1193.0,-3982.0,-3979.0
111,-1186,-3970,1,106.0,99.0,-1196.0,-1194.0,-3978.0,-3982.0
104,-1179,-3994,1,111.0,106.0,-1186.0,-1196.0,-3970.0,-3978.0
100,-1183,-3975,1,104.0,111.0,-1179.0,-1186.0,-3994.0,-3970.0
94,-1185,-3974,1,100.0,104.0,-1183.0,-1179.0,-3975.0,-3994.0
97,-1189,-4017,1,94.0,100.0,-1185.0,-1183.0,-3974.0,-3975.0
115,-1176,-3972,1,97.0,94.0,-1189.0,-1185.0,-4017.0,-3974.0
110,-1192,-3923,1,115.0,97.0,-1176.0,-1189.0,-3972.0,-4017.0
95,-1196,-3980,1,110.0,115.0,-1192.0,-1176.0,-3923.0,-3972.0
25,-1150,-3999,1,95.0,110.0,-1196.0,-1192.0,-3980.0,-3923.0
104,-1162,-3973,1,25.0,95.0,-1150.0,-1196.0,-3999.0,-3980.0
112,-1187,-3976,1,104.0,25.0,-1162.0,-1150.0,-3973.0,-3999.0
100,-1183,-3980,1,112.0,104.0,-1187.0,-1162.0,-3976.0,-3973.0
107,-1195,-3969,1,100.0,112.0,-1183.0,-1187.0,-3980.0,-3976.0
101,-1190,-3968,1,107.0,100.0,-1195.0,-1183.0,-3969.0,-3980.0
111,-1192,-3965,1,101.0,107.0,-1190.0,-1195.0,-3968.0,-3969.0
102,-1184,-3965,1,111.0,101.0,-1192.0,-1190.0,-3965.0,-3968.0
104,-1182,-3976,1,102.0,111.0,-1184.0,-1192.0,-3965.0,-3965.0
95,-1185,-3981,1,104.0,102.0,-1182.0,-1184.0,-3976.0,-3965.0
104,-1190,-3983,1,95.0,104.0,-1185.0,-1182.0,-3981.0,-3976.0
97,-1190,-3980,1,104.0,95.0,-1190.0,-1185.0,-3983.0,-3981.0
106,-1190,-3988,1,97.0,104.0,-1190.0,-1190.0,-3980.0,-3983.0
107,-1183,-3976,1,106.0,97.0,-1190.0,-1190.0,-3988.0,-3980.0
117,-1193,-3970,1,107.0,106.0,-1183.0,-1190.0,-3976.0,-3988.0
99,-1197,-3967,1,117.0,107.0,-1193.0,-1183.0,-3970.0,-3976.0
106,-1184,-3969,1,99.0,117.0,-1197.0,-1193.0,-3967.0,-3970.0
105,-1188,-3984,1,106.0,99.0,-1184.0,-1197.0,-3969.0,-3967.0
103,-1191,-3992,1,105.0,106.0,-1188.0,-1184.0,-3984.0,-3969.0
100,-1188,-3984,1,103.0,105.0,-1191.0,-1188.0,-3992.0,-3984.0
101,-1189,-3979,1,100.0,103.0,-1188.0,-1191.0,-3984.0,-3992.0
103,-1184,-3977,1,101.0,100.0,-1189.0,-1188.0,-3979.0,-3984.0
105,-1188,-3982,1,103.0,101.0,-1184.0,-1189.0,-3977.0,-3979.0
102,-1183,-3978,1,105.0,103.0,-1188.0,-1184.0,-3982.0,-3977.0
101,-1180,-3977,1,102.0,105.0,-1183.0,-1188.0,-3978.0,-3982.0
107,-1191,-3971,1,101.0,102.0,-1180.0,-1183.0,-3977.0,-3978.0
106,-1188,-3969,1,107.0,101.0,-1191.0,-1180.0,-3971.0,-3977.0
107,-1188,-3963,1,106.0,107.0,-1188.0,-1191.0,-3969.0,-3971.0
109,-1186,-3968,1,107.0,106.0,-1188.0,-1188.0,-3963.0,-3969.0
105,-1187,-3974,1,109.0,107.0,-1186.0,-1188.0,-3968.0,-3963.0
102,-1182,-3980,1,105.0,109.0,-1187.0,-1186.0,-3974.0,-3968.0
106,-1189,-3979,1,102.0,105.0,-1182.0,-1187.0,-3980.0,-3974.0
100,-1187,-3977,1,106.0,102.0,-1189.0,-1182.0,-3979.0,-3980.0
107,-1187,-3978,1,100.0,106.0,-1187.0,-1189.0,-3977.0,-3979.0
102,-1181,-3972,1,107.0,100.0,-1187.0,-1187.0,-3978.0,-3977.0
100,-1177,-3975,1,102.0,107.0,-1181.0,-1187.0,-3972.0,-3978.0
106,-1176,-3985,1,100.0,102.0,-1177.0,-1181.0,-3975.0,-3972.0
113,-1187,-3986,1,106.0,100.0,-1176.0,-1177.0,-3985.0,-3975.0
109,-1186,-3982,1,113.0,106.0,-1187.0,-1176.0,-3986.0,-3985.0
107,-1173,-3994,1,109.0,113.0,-1186.0,-1187.0,-3982.0,-3986.0
106,-1186,-3987,1,107.0,109.0,-1173.0,-1186.0,-3994.0,-3982.0
110,-1184,-3973,1,106.0,107.0,-1186.0,-1173.0,-3987.0,-3994.0
107,-1185,-3969,1,110.0,106.0,-1184.0,-1186.0,-3973.0,-3987.0
103,-1184,-3974,1,107.0,110.0,-1185.0,-1184.0,-3969.0,-3973.0
107,-1176,-3994,1,103.0,107.0,-1184.0,-1185.0,-3974.0,-3969.0
104,-1179,-3996,1,107.0,103.0,-1176.0,-1184.0,-3994.0,-3974.0
105,-1187,-3985,1,104.0,107.0,-1179.0,-1176.0,-3996.0,-3994.0
101,-1187,-3982,1,105.0,104.0,-1187.0,-1179.0,-3985.0,-3996.0
103,-1186,-3971,1,101.0,105.0,-1187.0,-1187.0,-3982.0,-3985.0
108,-1188,-3978,1,103.0,101.0,-1186.0,-1187.0,-3971.0,-3982.0
111,-1187,-3974,1,108.0,103.0,-1188.0,-1186.0,-3978.0,-3971.0
105,-1190,-3975,1,111.0,108.0,-1187.0,-1188.0,-3974.0,-3978.0
105,-1187,-3978,1,105.0,111.0,-1190.0,-1187.0,-3975.0,-3974.0
106,-1183,-3978,1,105.0,105.0,-1187.0,-1190.0,-3978.0,-3975.0
110,-1180,-3989,1,106.0,105.0,-1183.0,-1187.0,-3978.0,-3978.0
112,-1195,-3970,1,110.0,106.0,-1180.0,-1183.0,-3989.0,-3978.0
104,-1209,-3925,1,112.0,110.0,-1195.0,-1180.0,-3970.0,-3989.0
115,-1160,-4031,1,104.0,112.0,-1209.0,-1195.0,-3925.0,-3970.0
107,-1196,-3978,1,115.0,104.0,-1160.0,-1209.0,-4031.0,-3925.0
107,-1189,-3971,1,107.0,115.0,-1196.0,-1160.0,-3978.0,-4031.0
103,-1181,-3979,1,107.0,107.0,-1189.0,-1196.0,-3971.0,-3978.0
111,-1184,-3977,1,103.0,107.0,-1181.0,-1189.0,-3979.0,-3971.0
104,-1182,-3979,1,111.0,103.0,-1184.0,-1181.0,-3977.0,-3979.0
107,-1182,-3979,1,104.0,111.0,-1182.0,-1184.0,-3979.0,-3977.0
109,-1181,-3980,1,107.0,104.0,-1182.0,-1182.0,-3979.0,-3979.0
104,-1182,-3982,1,109.0,107.0,-1181.0,-1182.0,-3980.0,-3979.0
111,-1188,-3983,1,104.0,109.0,-1182.0,-1181.0,-3982.0,-3980.0
110,-1184,-3982,1,111.0,104.0,-1188.0,-1182.0,-3983.0,-3982.0
110,-1179,-3980,1,110.0,111.0,-1184.0,-1188.0,-3982.0,-3983.0
107,-1184,-3980,1,110.0,110.0,-1179.0,-1184.0,-3980.0,-3982.0
105,-1186,-3976,1,107.0,110.0,-1184.0,-1179.0,-3980.0,-3980.0
109,-1186,-3979,1,105.0,107.0,-1186.0,-1184.0,-3976.0,-3980.0
109,-1184,-3968,1,109.0,105.0,-1186.0,-1186.0,-3979.0,-3976.0
101,-1187,-3978,1,109.0,109.0,-1184.0,-1186.0,-3968.0,-3979.0
109,-1184,-3983,1,101.0,109.0,-1187.0,-1184.0,-3978.0,-3968.0
109,-1189,-3979,1,109.0,101.0,-1184.0,-1187.0,-3983.0,-3978.0
101,-1181,-3977,1,109.0,109.0,-1189.0,-1184.0,-3979.0,-3983.0
93,-1185,-3946,1,101.0,109.0,-1181.0,-1189.0,-3977.0,-3979.0
107,-1161,-4008,1,93.0,101.0,-1185.0,-1181.0,-3946.0,-3977.0
113,-1198,-3976,1,107.0,93.0,-1161.0,-1185.0,-4008.0,-3946.0
107,-1189,-3975,1,113.0,107.0,-1198.0,-1161.0,-3976.0,-4008.0
115,-1189,-3982,1,107.0,113.0,-1189.0,-1198.0,-3975.0,-3976.0
109,-1186,-3979,1,115.0,107.0,-1189.0,-1189.0,-3982.0,-3975.0
112,-1184,-3981,1,109.0,115.0,-1186.0,-1189.0,-3979.0,-3982.0
107,-1182,-3982,1,112.0,109.0,-1184.0,-1186.0,-3981.0,-3979.0
106,-1178,-3981,1,107.0,112.0,-1182.0,-1184.0,-3982.0,-3981.0
106,-1182,-3979,1,106.0,107.0,-1178.0,-1182.0,-3981.0,-3982.0
110,-1188,-3968,1,106.0,106.0,-1182.0,-1178.0,-3979.0,-3981.0
111,-1185,-3981,1,110.0,106.0,-1188.0,-1182.0,-3968.0,-3979.0
98,-1185,-3944,1,111.0,110.0,-1185.0,-1188.0,-3981.0,-3968.0
112,-1178,-3996,1,98.0,111.0,-1185.0,-1185.0,-3944.0,-3981.0
16,-1180,-3820,1,112.0,98.0,-1178.0,-1185.0,-3996.0,-3944.0
97,-1259,-3692,1,16.0,112.0,-1180.0,-1178.0,-3820.0,-3996.0
174,-986,-4245,1,97.0,16.0,-1259.0,-1180.0,-3692.0,-3820.0
106,-1180,-4134,1,174.0,97.0,-986.0,-1259.0,-4245.0,-3692.0
113,-1167,-3961,1,106.0,174.0,-1180.0,-986.0,-4134.0,-4245.0
107,-1178,-3971,1,113.0,106.0,-1167.0,-1180.0,-3961.0,-4134.0
106,-1178,-3975,1,107.0,113.0,-1178.0,-1167.0,-3971.0,-3961.0
118,-1186,-3976,1,106.0,107.0,-1178.0,-1178.0,-3975.0,-3971.0
110,-1183,-3986,1,118.0,106.0,-1186.0,-1178.0,-3976.0,-3975.0
110,-1173,-3982,1,110.0,118.0,-1183.0,-1186.0,-3986.0,-3976.0
107,-1175,-3981,1,110.0,110.0,-1173.0,-1183.0,-3982.0,-3986.0
108,-1178,-3984,1,107.0,110.0,-1175.0,-1173.0,-3981.0,-3982.0
110,-1184,-3977,1,108.0,107.0,-1178.0,-1175.0,-3984.0,-3981.0
109,-1182,-3976,1,110.0,108.0,-1184.0,-1178.0,-3977.0,-3984.0
109,-1182,-3977,1,109.0,110.0,-1182.0,-1184.0,-3976.0,-3977.0
107,-1185,-3986,1,109.0,109.0,-1182.0,-1182.0,-3977.0,-3976.0
114,-1189,-3987,1,107.0,109.0,-1185.0,-1182.0,-3986.0,-3977.0
112,-1176,-3986,1,114.0,107.0,-1189.0,-1185.0,-3987.0,-3986.0
106,-1181,-3989,1,112.0,114.0,-1176.0,-1189.0,-3986.0,-3987.0
111,-1182,-3987,1,106.0,112.0,-1181.0,-1176.0,-3989.0,-3986.0
115,-1172,-3996,1,111.0,106.0,-1182.0,-1181.0,-3987.0,-3989.0
91,-1188,-4016,1,115.0,111.0,-1172.0,-1182.0,-3996.0,-3987.0
110,-1175,-3973,1,91.0,115.0,-1188.0,-1172.0,-4016.0,-3996.0
116,-1183,-3903,1,110.0,91.0,-1175.0,-1188.0,-3973.0,-4016.0
103,-1191,-3962,1,116.0,110.0,-1183.0,-1175.0,-3903.0,-3973.0
108,-1184,-3991,1,103.0,116.0,-1191.0,-1183.0,-3962.0,-3903.0
112,-1172,-3984,1,108.0,103.0,-1184.0,-1191.0,-3991.0,-3962.0
113,-1172,-3988,1,112.0,108.0,-1172.0,-1184.0,-3984.0,-3991.0
115,-1183,-3980,1,113.0,112.0,-1172.0,-1172.0,-3988.0,-3984.0
111,-1175,-3984,1,115.0,113.0,-1183.0,-1172.0,-3980.0,-3988.0
113,-1179,-3977,1,111.0,115.0,-1175.0,-1183.0,-3984.0,-3980.0
114,-1186,-3954,1,113.0,111.0,-1179.0,-1175.0,-3977.0,-3984.0
127,-1194,-3946,1,114.0,113.0,-1186.0,-1179.0,-3954.0,-3977.0
120,-1183,-3987,1,127.0,114.0,-1194.0,-1186.0,-3946.0,-3954.0
116,-1193,-3974,1,120.0,127.0,-1183.0,-1194.0,-3987.0,-3946.0
121,-1185,-3991,1,116.0,120.0,-1193.0,-1183.0,-3974.0,-3987.0
115,-1177,-4001,1,121.0,116.0,-1185.0,-1193.0,-3991.0,-3974.0
111,-1180,-3984,1,115.0,121.0,-1177.0,-1185.0,-4001.0,-3991.0
109,-1180,-3975,1,111.0,115.0,-1180.0,-1177.0,-3984.0,-4001.0
111,-1181,-3979,1,109.0,111.0,-1180.0,-1180.0,-3975.0,-3984.0
106,-1181,-3974,1,111.0,109.0,-1181.0,-1180.0,-3979.0,-3975.0
114,-1188,-3971,1,106.0,111.0,-1181.0,-1181.0,-3974.0,-3979.0
99,-1199,-3946,1,114.0,106.0,-1188.0,-1181.0,-3971.0,-3974.0
103,-1218,-3873,1,99.0,114.0,-1199.0,-1188.0,-3946.0,-3971.0
75,-1164,-4000,1,103.0,99.0,-1218.0,-1199.0,-3873.0,-3946.0
107,-1237,-3929,1,75.0,103.0,-1164.0,-1218.0,-4000.0,-3873.0
125,-1162,-4089,1,107.0,75.0,-1237.0,-1164.0,-3929.0,-4000.0
127,-1130,-4085,1,125.0,107.0,-1162.0,-1237.0,-4089.0,-3929.0
107,-1184,-4063,1,127.0,125.0,-1130.0,-1162.0,-4085.0,-4089.0
115,-1171,-3961,1,107.0,127.0,-1184.0,-1130.0,-4063.0,-4085.0
105,-1178,-3982,1,115.0,107.0,-1171.0,-1184.0,-3961.0,-4063.0
122,-1179,-3969,1,105.0,115.0,-1178.0,-1171.0,-3982.0,-3961.0
113,-1173,-3965,1,122.0,105.0,-1179.0,-1178.0,-3969.0,-3982.0
111,-1176,-3974,1,113.0,122.0,-1173.0,-1179.0,-3965.0,-3969.0
115,-1177,-3983,1,111.0,113.0,-1176.0,-1173.0,-3974.0,-3965.0
112,-1169,-3986,1,115.0,111.0,-1177.0,-1176.0,-3983.0,-3974.0
107,-1170,-3982,1,112.0,115.0,-1169.0,-1177.0,-3986.0,-3983.0
103,-1176,-3981,1,107.0,112.0,-1170.0,-1169.0,-3982.0,-3986.0
109,-1175,-3983,1,103.0,107.0,-1176.0,-1170.0,-3981.0,-3982.0
115,-1181,-3985,1,109.0,103.0,-1175.0,-1176.0,-3983.0,-3981.0
110,-1170,-3977,1,115.0,109.0,-1181.0,-1175.0,-3985.0,-3983.0
110,-1182,-3982,1,110.0,115.0,-1170.0,-1181.0,-3977.0,-3985.0
110,-1189,-4006,1,110.0,110.0,-1182.0,-1170.0,-3982.0,-3977.0
116,-1176,-3974,1,110.0,110.0,-1189.0,-1182.0,-4006.0,-3982.0
113,-1176,-3988,1,116.0,110.0,-1176.0,-1189.0,-3974.0,-4006.0
110,-1173,-3988,1,113.0,116.0,-1176.0,-1176.0,-3988.0,-3974.0
114,-1173,-3986,1,110.0,113.0,-1173.0,-1176.0,-3988.0,-3988.0
119,-1182,-3966,1,114.0,110.0,-1173.0,-1173.0,-3986.0,-3988.0
111,-1182,-3965,1,119.0,114.0,-1182.0,-1173.0,-3966.0,-3986.0
113,-1177,-3983,1,111.0,119.0,-1182.0,-1182.0,-3965.0,-3966.0
111,-1179,-4003,1,113.0,111.0,-1177.0,-1182.0,-3983.0,-3965.0
102,-1180,-3993,1,111.0,113.0,-1179.0,-1177.0,-4003.0,-3983.0
108,-1177,-3985,1,102.0,111.0,-1180.0,-1179.0,-3993.0,-4003.0
109,-1174,-3980,1,108.0,102.0,-1177.0,-1180.0,-3985.0,-3993.0
110,-1175,-3981,1,109.0,108.0,-1174.0,-1177.0,-3980.0,-3985.0
115,-1173,-3980,1,110.0,109.0,-1175.0,-1174.0,-3981.0,-3980.0
110,-1182,-3979,1,115.0,110.0,-1173.0,-1175.0,-3980.0,-3981.0
114,-1172,-3977,1,110.0,115.0,-1182.0,-1173.0,-3979.0,-3980.0
110,-1174,-3981,1,114.0,110.0,-1172.0,-1182.0,-3977.0,-3979.0
113,-1178,-3985,1,110.0,114.0,-1174.0,-1172.0,-3981.0,-3977.0
119,-1176,-3979,1,113.0,110.0,-1178.0,-1174.0,-3985.0,-3981.0
113,-1174,-3980,1,119.0,113.0,-1176.0,-1178.0,-3979.0,-3985.0
115,-1177,-3984,1,113.0,119.0,-1174.0,-1176.0,-3980.0,-3979.0
123,-1176,-3976,1,115.0,113.0,-1177.0,-1174.0,-3984.0,-3980.0
109,-1177,-3984,1,123.0,115.0,-1176.0,-1177.0,-3976.0,-3984.0
110,-1172,-3978,1,109.0,123.0,-1177.0,-1176.0,-3984.0,-3976.0
103,-1178,-3983,1,110.0,109.0,-1172.0,-1177.0,-3978.0,-3984.0
111,-1181,-3987,1,103.0,110.0,-1178.0,-1172.0,-3983.0,-3978.0
115,-1177,-3980,1,111.0,103.0,-1181.0,-1178.0,-3987.0,-3983.0
114,-1173,-3982,1,115.0,111.0,-1177.0,-1181.0,-3980.0,-3987.0
116,-1177,-3983,1,114.0,115.0,-1173.0,-1177.0,-3982.0,-3980.0
113,-1175,-3980,1,116.0,114.0,-1177.0,-1173.0,-3983.0,-3982.0
104,-1176,-3974,1,113.0,116.0,-1175.0,-1177.0,-3980.0,-3983.0
108,-1176,-3978,1,104.0,113.0,-1176.0,-1175.0,-3974.0,-3980.0
109,-1172,-3980,1,108.0,104.0,-1176.0,-1176.0,-3978.0,-3974.0
114,-1177,-3976,1,109.0,108.0,-1172.0,-1176.0,-3980.0,-3978.0
108,-1175,-3982,1,114.0,109.0,-1177.0,-1172.0,-3976.0,-3980.0
113,-1178,-3976,1,108.0,114.0,-1175.0,-1177.0,-3982.0,-3976.0
113,-1179,-3981,1,113.0,108.0,-1178.0,-1175.0,-3976.0,-3982.0
116,-1173,-3976,1,113.0,113.0,-1179.0,-1178.0,-3981.0,-3976.0
112,-1171,-3976,1,116.0,113.0,-1173.0,-1179.0,-3976.0,-3981.0
108,-1171,-3980,1,112.0,116.0,-1171.0,-1173.0,-3976.0,-3976.0
108,-1169,-3986,1,108.0,112.0,-1171.0,-1171.0,-3980.0,-3976.0
116,-1169,-3982,1,108.0,108.0,-1169.0,-1171.0,-3986.0,-3980.0
116,-1185,-3976,1,116.0,108.0,-1169.0,-1169.0,-3982.0,-3986.0
107,-1175,-3974,1,116.0,116.0,-1185.0,-1169.0,-3976.0,-3982.0
113,-1182,-3970,1,107.0,116.0,-1175.0,-1185.0,-3974.0,-3976.0
111,-1173,-3975,1,113.0,107.0,-1182.0,-1175.0,-3970.0,-3974.0
109,-1171,-3977,1,111.0,113.0,-1173.0,-1182.0,-3975.0,-3970.0
115,-1170,-3983,1,109.0,111.0,-1171.0,-1173.0,-3977.0,-3975.0
114,-1180,-3974,1,115.0,109.0,-1170.0,-1171.0,-3983.0,-3977.0
115,-1177,-3977,1,114.0,115.0,-1180.0,-1170.0,-3974.0,-3983.0
112,-1182,-3982,1,115.0,114.0,-1177.0,-1180.0,-3977.0,-3974.0
115,-1172,-3984,1,112.0,115.0,-1182.0,-1177.0,-3982.0,-3977.0
111,-1178,-3983,1,115.0,112.0,-1172.0,-1182.0,-3984.0,-3982.0
112,-1176,-3982,1,111.0,115.0,-1178.0,-1172.0,-3983.0,-3984.0
113,-1172,-3986,1,112.0,111.0,-1176.0,-1178.0,-3982.0,-3983.0
109,-1176,-3983,1,113.0,112.0,-1172.0,-1176.0,-3986.0,-3982.0
109,-1170,-3981,1,109.0,113.0,-1176.0,-1172.0,-3983.0,-3986.0
106,-1175,-3977,1,109.0,109.0,-1170.0,-1176.0,-3981.0,-3983.0
111,-1167,-3972,1,106.0,109.0,-1175.0,-1170.0,-3977.0,-3981.0
112,-1174,-3980,1,111.0,106.0,-1167.0,-1175.0,-3972.0,-3977.0
108,-1167,-3978,1,112.0,111.0,-1174.0,-1167.0,-3980.0,-3972.0
113,-1169,-3974,1,108.0,112.0,-1167.0,-1174.0,-3978.0,-3980.0
117,-1169,-3974,1,113.0,108.0,-1169.0,-1167.0,-3974.0,-3978.0
108,-1170,-3977,1,117.0,113.0,-1169.0,-1169.0,-3974.0,-3974.0
110,-1177,-3979,1,108.0,117.0,-1170.0,-1169.0,-3977.0,-3974.0
115,-1181,-3971,1,110.0,108.0,-1177.0,-1170.0,-3979.0,-3977.0
108,-1184,-3977,1,115.0,110.0,-1181.0,-1177.0,-3971.0,-3979.0
108,-1179,-3981,1,108.0,115.0,-1184.0,-1181.0,-3977.0,-3971.0
103,-1178,-3995,1,108.0,108.0,-1179.0,-1184.0,-3981.0,-3977.0
106,-1172,-3983,1,103.0,108.0,-1178.0,-1179.0,-3995.0,-3981.0
112,-1167,-3982,1,106.0,103.0,-1172.0,-1178.0,-3983.0,-3995.0
107,-1169,-3993,1,112.0,106.0,-1167.0,-1172.0,-3982.0,-3983.0
106,-1169,-4007,1,107.0,112.0,-1169.0,-1167.0,-3993.0,-3982.0
106,-1173,-4010,1,106.0,107.0,-1169.0,-1169.0,-4007.0,-3993.0
105,-1180,-3974,1,106.0,106.0,-1173.0,-1169.0,-4010.0,-4007.0
118,-1170,-3932,1,105.0,106.0,-1180.0,-1173.0,-3974.0,-4010.0
114,-1177,-3963,1,118.0,105.0,-1170.0,-1180.0,-3932.0,-3974.0
112,-1178,-3992,1,114.0,118.0,-1177.0,-1170.0,-3963.0,-3932.0
104,-1169,-4000,1,112.0,114.0,-1178.0,-1177.0,-3992.0,-3963.0
108,-1170,-3984,1,104.0,112.0,-1169.0,-1178.0,-4000.0,-3992.0
110,-1180,-3988,1,108.0,104.0,-1170.0,-1169.0,-3984.0,-4000.0
101,-1165,-3996,1,110.0,108.0,-1180.0,-1170.0,-3988.0,-3984.0
109,-1172,-3986,1,101.0,110.0,-1165.0,-1180.0,-3996.0,-3988.0
111,-1169,-3965,1,109.0,101.0,-1172.0,-1165.0,-3986.0,-3996.0
115,-1172,-3956,1,111.0,109.0,-1169.0,-1172.0,-3965.0,-3986.0
115,-1176,-3954,1,115.0,111.0,-1172.0,-1169.0,-3956.0,-3965.0
114,-1174,-3971,1,115.0,115.0,-1176.0,-1172.0,-3954.0,-3956.0
108,-1174,-3994,1,114.0,115.0,-1174.0,-1176.0,-3971.0,-3954.0
113,-1174,-4005,1,108.0,114.0,-1174.0,-1174.0,-3994.0,-3971.0
111,-1177,-3983,1,113.0,108.0,-1174.0,-1174.0,-4005.0,-3994.0
111,-1173,-3983,1,111.0,113.0,-1177.0,-1174.0,-3983.0,-4005.0
114,-1183,-3973,1,111.0,111.0,-1173.0,-1177.0,-3983.0,-3983.0
110,-1183,-3977,1,114.0,111.0,-1183.0,-1173.0,-3973.0,-3983.0
107,-1173,-3975,1,110.0,114.0,-1183.0,-1183.0,-3977.0,-3973.0
104,-1175,-3985,1,107.0,110.0,-1173.0,-1183.0,-3975.0,-3977.0
110,-1174,-3986,1,104.0,107.0,-1175.0,-1173.0,-3985.0,-3975.0
103,-1171,-3985,1,110.0,104.0,-1174.0,-1175.0,-3986.0,-3985.0
101,-1183,-3983,1,103.0,110.0,-1171.0,-1174.0,-3985.0,-3986.0
106,-1176,-3991,1,101.0,103.0,-1183.0,-1171.0,-3983.0,-3985.0
109,-1174,-3991,1,106.0,101.0,-1176.0,-1183.0,-3991.0,-3983.0
101,-1170,-3977,1,109.0,106.0,-1174.0,-1176.0,-3991.0,-3991.0
111,-1172,-3979,1,101.0,109.0,-1170.0,-1174.0,-3977.0,-3991.0
109,-1175,-3981,1,111.0,101.0,-1172.0,-1170.0,-3979.0,-3977.0
107,-1172,-3981,1,109.0,111.0,-1175.0,-1172.0,-3981.0,-3979.0
107,-1176,-3974,1,107.0,109.0,-1172.0,-1175.0,-3981.0,-3981.0
114,-1175,-3975,1,107.0,107.0,-1176.0,-1172.0,-3974.0,-3981.0
113,-1174,-3970,1,114.0,107.0,-1175.0,-1176.0,-3975.0,-3974.0
109,-1169,-3980,1,113.0,114.0,-1174.0,-1175.0,-3970.0,-3975.0
105,-1173,-3975,1,109.0,113.0,-1169.0,-1174.0,-3980.0,-3970.0
95,-1176,-3985,1,105.0,109.0,-1173.0,-1169.0,-3975.0,-3980.0
105,-1173,-3982,1,95.0,105.0,-1176.0,-1173.0,-3985.0,-3975.0
104,-1182,-3977,1,105.0,95.0,-1173.0,-1176.0,-3982.0,-3985.0
106,-1172,-3989,1,104.0,105.0,-1182.0,-1173.0,-3977.0,-3982.0
106,-1171,-3982,1,106.0,104.0,-1172.0,-1182.0,-3989.0,-3977.0
103,-1169,-3990,1,106.0,106.0,-1171.0,-1172.0,-3982.0,-3989.0
101,-1173,-3981,1,103.0,106.0,-1169.0,-1171.0,-3990.0,-3982.0
107,-1169,-3982,1,101.0,103.0,-1173.0,-1169.0,-3981.0,-3990.0
106,-1175,-3987,1,107.0,101.0,-1169.0,-1173.0,-3982.0,-3981.0
109,-1172,-3981,1,106.0,107.0,-1175.0,-1169.0,-3987.0,-3982.0
105,-1176,-3983,1,109.0,106.0,-1172.0,-1175.0,-3981.0,-3987.0
105,-1172,-3972,1,105.0,109.0,-1176.0,-1172.0,-3983.0,-3981.0
114,-1177,-3967,1,105.0,105.0,-1172.0,-1176.0,-3972.0,-3983.0
105,-1165,-3977,1,114.0,105.0,-1177.0,-1172.0,-3967.0,-3972.0
111,-1175,-3991,1,105.0,114.0,-1165.0,-1177.0,-3977.0,-3967.0
106,-1178,-3994,1,111.0,105.0,-1175.0,-1165.0,-3991.0,-3977.0
102,-1171,-3994,1,106.0,111.0,-1178.0,-1175.0,-3994.0,-3991.0
111,-1173,-3981,1,102.0,106.0,-1171.0,-1178.0,-3994.0,-3994.0
110,-1169,-3977,1,111.0,102.0,-1173.0,-1171.0,-3981.0,-3994.0
111,-1181,-3977,1,110.0,111.0,-1169.0,-1173.0,-3977.0,-3981.0
107,-1168,-3976,1,111.0,110.0,-1181.0,-1169.0,-3977.0,-3977.0
106,-1178,-3978,1,107.0,111.0,-1168.0,-1181.0,-3976.0,-3977.0
107,-1175,-3978,1,106.0,107.0,-1178.0,-1168.0,-3978.0,-3976.0
109,-1170,-3974,1,107.0,106.0,-1175.0,-1178.0,-3978.0,-3978.0
104,-1177,-3982,1,109.0,107.0,-1170.0,-1175.0,-3974.0,-3978.0
106,-1176,-3981,1,104.0,109.0,-1177.0,-1170.0,-3982.0,-3974.0
109,-1173,-3972,1,106.0,104.0,-1176.0,-1177.0,-3981.0,-3982.0
104,-1174,-3976,1,109.0,106.0,-1173.0,-1176.0,-3972.0,-3981.0
110,-1173,-3985,1,104.0,109.0,-1174.0,-1173.0,-3976.0,-3972.0
111,-1169,-3986,1,110.0,104.0,-1173.0,-1174.0,-3985.0,-3976.0
110,-1171,-3980,1,111.0,110.0,-1169.0,-1173.0,-3986.0,-3985.0
110,-1172,-3987,1,110.0,111.0,-1171.0,-1169.0,-3980.0,-3986.0
104,-1171,-3987,1,110.0,110.0,-1172.0,-1171.0,-3987.0,-3980.0
101,-1170,-3980,1,104.0,110.0,-1171.0,-1172.0,-3987.0,-3987.0
102,-1179,-3966,1,101.0,104.0,-1170.0,-1171.0,-3980.0,-3987.0
107,-1172,-3978,1,102.0,101.0,-1179.0,-1170.0,-3966.0,-3980.0
116,-1177,-3972,1,107.0,102.0,-1172.0,-1179.0,-3978.0,-3966.0
109,-1175,-3977,1,116.0,107.0,-1177.0,-1172.0,-3972.0,-3978.0
102,-1176,-3982,1,109.0,116.0,-1175.0,-1177.0,-3977.0,-3972.0
105,-1171,-3973,1,102.0,109.0,-1176.0,-1175.0,-3982.0,-3977.0
113,-1173,-3977,1,105.0,102.0,-1171.0,-1176.0,-3973.0,-3982.0
109,-1181,-3979,1,113.0,105.0,-1173.0,-1171.0,-3977.0,-3973.0
106,-1175,-3976,1,109.0,113.0,-1181.0,-1173.0,-3979.0,-3977.0
109,-1170,-3982,1,106.0,109.0,-1175.0,-1181.0,-3976.0,-3979.0
108,-1167,-3982,1,109.0,106.0,-1170.0,-1175.0,-3982.0,-3976.0
111,-1175,-3977,1,108.0,109.0,-1167.0,-1170.0,-3982.0,-3982.0
109,-1173,-3982,1,111.0,108.0,-1175.0,-1167.0,-3977.0,-3982.0
103,-1173,-3981,1,109.0,111.0,-1173.0,-1175.0,-3982.0,-3977.0
104,-1169,-3987,1,103.0,109.0,-1173.0,-1173.0,-3981.0,-3982.0
101,-1174,-3976,1,104.0,103.0,-1169.0,-1173.0,-3987.0,-3981.0
105,-1166,-3982,1,101.0,104.0,-1174.0,-1169.0,-3976.0,-3987.0
106,-1168,-3984,1,105.0,101.0,-1166.0,-1174.0,-3982.0,-3976.0
105,-1169,-3981,1,106.0,105.0,-1168.0,-1166.0,-3984.0,-3982.0
102,-1171,-3981,1,105.0,106.0,-1169.0,-1168.0,-3981.0,-3984.0
107,-1174,-3983,1,102.0,105.0,-1171.0,-1169.0,-3981.0,-3981.0
109,-1175,-3978,1,107.0,102.0,-1174.0,-1171.0,-3983.0,-3981.0
105,-1171,-3984,1,109.0,107.0,-1175.0,-1174.0,-3978.0,-3983.0
107,-1172,-3999,1,105.0,109.0,-1171.0,-1175.0,-3984.0,-3978.0
103,-1169,-3987,1,107.0,105.0,-1172.0,-1171.0,-3999.0,-3984.0
102,-1174,-3981,1,103.0,107.0,-1169.0,-1172.0,-3987.0,-3999.0
105,-1180,-3977,1,102.0,103.0,-1174.0,-1169.0,-3981.0,-3987.0
102,-1171,-3985,1,105.0,102.0,-1180.0,-1174.0,-3977.0,-3981.0
100,-1172,-3977,1,102.0,105.0,-1171.0,-1180.0,-3985.0,-3977.0
99,-1169,-3976,1,100.0,102.0,-1172.0,-1171.0,-3977.0,-3985.0
110,-1172,-3983,1,99.0,100.0,-1169.0,-1172.0,-3976.0,-3977.0
99,-1176,-3980,1,110.0,99.0,-1172.0,-1169.0,-3983.0,-3976.0
106,-1176,-3981,1,99.0,110.0,-1176.0,-1172.0,-3980.0,-3983.0
107,-1184,-3986,1,106.0,99.0,-1176.0,-1176.0,-3981.0,-3980.0
104,-1179,-3979,1,107.0,106.0,-1184.0,-1176.0,-3986.0,-3981.0
105,-1181,-3984,1,104.0,107.0,-1179.0,-1184.0,-3979.0,-3986.0
106,-1168,-3971,1,105.0,104.0,-1181.0,-1179.0,-3984.0,-3979.0
105,-1173,-3970,1,106.0,105.0,-1168.0,-1181.0,-3971.0,-3984.0
99,-1170,-3989,1,105.0,106.0,-1173.0,-1168.0,-3970.0,-3971.0
106,-1179,-3978,1,99.0,105.0,-1170.0,-1173.0,-3989.0,-3970.0
105,-1182,-3979,1,106.0,99.0,-1179.0,-1170.0,-3978.0,-3989.0
103,-1170,-3985,1,105.0,106.0,-1182.0,-1179.0,-3979.0,-3978.0
108,-1163,-3993,1,103.0,105.0,-1170.0,-1182.0,-3985.0,-3979.0
104,-1167,-3995,1,108.0,103.0,-1163.0,-1170.0,-3993.0,-3985.0
97,-1178,-4008,1,104.0,108.0,-1167.0,-1163.0,-3995.0,-3993.0
99,-1176,-3999,1,97.0,104.0,-1178.0,-1167.0,-4008.0,-3995.0
104,-1171,-3956,1,99.0,97.0,-1176.0,-1178.0,-3999.0,-4008.0
105,-1169,-3968,1,104.0,99.0,-1171.0,-1176.0,-3956.0,-3999.0
101,-1178,-3970,1,105.0,104.0,-1169.0,-1171.0,-3968.0,-3956.0
106,-1172,-3981,1,101.0,105.0,-1178.0,-1169.0,-3970.0,-3968.0
104,-1184,-3998,1,106.0,101.0,-1172.0,-1178.0,-3981.0,-3970.0
107,-1174,-3993,1,104.0,106.0,-1184.0,-1172.0,-3998.0,-3981.0
107,-1172,-3972,1,107.0,104.0,-1174.0,-1184.0,-3993.0,-3998.0
100,-1175,-3976,1,107.0,107.0,-1172.0,-1174.0,-3972.0,-3993.0
111,-1172,-3979,1,100.0,107.0,-1175.0,-1172.0,-3976.0,-3972.0
103,-1177,-3972,1,111.0,100.0,-1172.0,-1175.0,-3979.0,-3976.0
107,-1177,-3965,1,103.0,111.0,-1177.0,-1172.0,-3972.0,-3979.0
107,-1178,-3965,1,107.0,103.0,-1177.0,-1177.0,-3965.0,-3972.0
104,-1169,-3976,1,107.0,107.0,-1178.0,-1177.0,-3965.0,-3965.0
106,-1171,-3998,1,104.0,107.0,-1169.0,-1178.0,-3976.0,-3965.0
104,-1170,-3998,1,106.0,104.0,-1171.0,-1169.0,-3998.0,-3976.0
100,-1176,-3988,1,104.0,106.0,-1170.0,-1171.0,-3998.0,-3998.0
109,-1167,-3978,1,100.0,104.0,-1176.0,-1170.0,-3988.0,-3998.0
109,-1178,-3976,1,109.0,100.0,-1167.0,-1176.0,-3978.0,-3988.0
114,-1177,-3974,1,109.0,109.0,-1178.0,-1167.0,-3976.0,-3978.0
108,-1175,-3972,1,114.0,109.0,-1177.0,-1178.0,-3974.0,-3976.0
110,-1180,-3977,1,108.0,114.0,-1175.0,-1177.0,-3972.0,-3974.0
105,-1171,-3979,1,110.0,108.0,-1180.0,-1175.0,-3977.0,-3972.0
103,-1172,-3985,1,105.0,110.0,-1171.0,-1180.0,-3979.0,-3977.0
101,-1176,-3987,1,103.0,105.0,-1172.0,-1171.0,-3985.0,-3979.0
108,-1181,-3981,1,101.0,103.0,-1176.0,-1172.0,-3987.0,-3985.0
106,-1171,-3981,1,108.0,101.0,-1181.0,-1176.0,-3981.0,-3987.0
102,-1171,-3977,1,106.0,108.0,-1171.0,-1181.0,-3981.0,-3981.0
153,-1164,-3965,1,102.0,106.0,-1171.0,-1171.0,-3977.0,-3981.0
102,-1176,-3967,1,153.0,102.0,-1164.0,-1171.0,-3965.0,-3977.0
122,-1184,-3996,1,102.0,153.0,-1176.0,-1164.0,-3967.0,-3965.0
101,-1171,-3975,1,122.0,102.0,-1184.0,-1176.0,-3996.0,-3967.0
105,-1170,-3982,1,101.0,122.0,-1171.0,-1184.0,-3975.0,-3996.0
100,-1176,-3989,1,105.0,101.0,-1170.0,-1171.0,-3982.0,-3975.0
103,-1185,-3979,1,100.0,105.0,-1176.0,-1170.0,-3989.0,-3982.0
101,-1141,-3954,1,103.0,100.0,-1185.0,-1176.0,-3979.0,-3989.0
99,-1172,-4003,1,101.0,103.0,-1141.0,-1185.0,-3954.0,-3979.0
102,-1172,-3991,1,99.0,101.0,-1172.0,-1141.0,-4003.0,-3954.0
101,-1168,-3991,1,102.0,99.0,-1172.0,-1172.0,-3991.0,-4003.0
99,-1174,-3997,1,101.0,102.0,-1168.0,-1172.0,-3991.0,-3991.0
104,-1167,-3987,1,99.0,101.0,-1174.0,-1168.0,-3997.0,-3991.0
102,-1176,-3988,1,104.0,99.0,-1167.0,-1174.0,-3987.0,-3997.0
106,-1173,-3991,1,102.0,104.0,-1176.0,-1167.0,-3988.0,-3987.0
109,-1168,-3988,1,106.0,102.0,-1173.0,-1176.0,-3991.0,-3988.0
103,-1173,-3983,1,109.0,106.0,-1168.0,-1173.0,-3988.0,-3991.0
103,-1168,-3985,1,103.0,109.0,-1173.0,-1168.0,-3983.0,-3988.0
107,-1173,-3994,1,103.0,103.0,-1168.0,-1173.0,-3985.0,-3983.0
105,-1167,-3978,1,107.0,103.0,-1173.0,-1168.0,-3994.0,-3985.0
106,-1178,-3983,1,105.0,107.0,-1167.0,-1173.0,-3978.0,-3994.0
107,-1171,-3978,1,106.0,105.0,-1178.0,-1167.0,-3983.0,-3978.0
105,-1170,-3983,1,107.0,106.0,-1171.0,-1178.0,-3978.0,-3983.0
105,-1168,-3993,1,105.0,107.0,-1170.0,-1171.0,-3983.0,-3978.0
99,-1169,-3999,1,105.0,105.0,-1168.0,-1170.0,-3993.0,-3983.0
104,-1169,-3980,1,99.0,105.0,-1169.0,-1168.0,-3999.0,-3993.0
98,-1177,-3978,1,104.0,99.0,-1169.0,-1169.0,-3980.0,-3999.0
105,-1178,-3976,1,98.0,104.0,-1177.0,-1169.0,-3978.0,-3980.0
104,-1173,-3985,1,105.0,98.0,-1178.0,-1177.0,-3976.0,-3978.0
99,-1165,-3986,1,104.0,105.0,-1173.0,-1178.0,-3985.0,-3976.0
101,-1171,-3978,1,99.0,104.0,-1165.0,-1173.0,-3986.0,-3985.0
100,-1175,-3987,1,101.0,99.0,-1171.0,-1165.0,-3978.0,-3986.0
99,-1183,-3980,1,100.0,101.0,-1175.0,-1171.0,-3987.0,-3978.0
100,-1182,-3978,1,99.0,100.0,-1183.0,-1175.0,-3980.0,-3987.0
103,-1177,-3980,1,100.0,99.0,-1182.0,-1183.0,-3978.0,-3980.0
106,-1170,-3979,1,103.0,100.0,-1177.0,-1182.0,-3980.0,-3978.0
105,-1176,-3974,1,106.0,103.0,-1170.0,-1177.0,-3979.0,-3980.0
99,-1178,-3978,1,105.0,106.0,-1176.0,-1170.0,-3974.0,-3979.0
106,-1184,-3982,1,99.0,105.0,-1178.0,-1176.0,-3978.0,-3974.0
99,-1173,-3978,1,106.0,99.0,-1184.0,-1178.0,-3982.0,-3978.0
103,-1179,-3979,1,99.0,106.0,-1173.0,-1184.0,-3978.0,-3982.0
100,-1177,-3984,1,103.0,99.0,-1179.0,-1173.0,-3979.0,-3978.0
103,-1176,-3980,1,100.0,103.0,-1177.0,-1179.0,-3984.0,-3979.0
109,-1172,-3984,1,103.0,100.0,-1176.0,-1177.0,-3980.0,-3984.0
107,-1179,-3981,1,109.0,103.0,-1172.0,-1176.0,-3984.0,-3980.0
98,-1170,-3995,1,107.0,109.0,-1179.0,-1172.0,-3981.0,-3984.0
107,-1177,-3979,1,98.0,107.0,-1170.0,-1179.0,-3995.0,-3981.0
104,-1177,-3981,1,107.0,98.0,-1177.0,-1170.0,-3979.0,-3995.0
107,-1178,-3986,1,104.0,107.0,-1177.0,-1177.0,-3981.0,-3979.0
98,-1179,-3982,1,107.0,104.0,-1178.0,-1177.0,-3986.0,-3981.0
107,-1181,-3981,1,98.0,107.0,-1179.0,-1178.0,-3982.0,-3986.0
99,-1176,-3983,1,107.0,98.0,-1181.0,-1179.0,-3981.0,-3982.0
102,-1178,-3978,1,99.0,107.0,-1176.0,-1181.0,-3983.0,-3981.0
101,-1179,-3975,1,102.0,99.0,-1178.0,-1176.0,-3978.0,-3983.0
99,-1180,-3989,1,101.0,102.0,-1179.0,-1178.0,-3975.0,-3978.0
102,-1175,-3983,1,99.0,101.0,-1180.0,-1179.0,-3989.0,-3975.0
102,-1175,-3981,1,102.0,99.0,-1175.0,-1180.0,-3983.0,-3989.0
100,-1181,-3980,1,102.0,102.0,-1175.0,-1175.0,-3981.0,-3983.0
106,-1180,-3982,1,100.0,102.0,-1181.0,-1175.0,-3980.0,-3981.0
101,-1186,-3973,1,106.0,100.0,-1180.0,-1181.0,-3982.0,-3980.0
99,-1174,-3975,1,101.0,106.0,-1186.0,-1180.0,-3973.0,-3982.0
98,-1176,-3976,1,99.0,101.0,-1174.0,-1186.0,-3975.0,-3973.0
106,-1171,-3979,1,98.0,99.0,-1176.0,-1174.0,-3976.0,-3975.0
105,-1172,-3975,1,106.0,98.0,-1171.0,-1176.0,-3979.0,-3976.0
96,-1174,-3974,1,105.0,106.0,-1172.0,-1171.0,-3975.0,-3979.0
98,-1181,-3972,1,96.0,105.0,-1174.0,-1172.0,-3974.0,-3975.0
105,-1170,-3975,1,98.0,96.0,-1181.0,-1174.0,-3972.0,-3974.0
105,-1180,-3976,1,105.0,98.0,-1170.0,-1181.0,-3975.0,-3972.0
97,-1182,-3976,1,105.0,105.0,-1180.0,-1170.0,-3976.0,-3975.0
104,-1177,-3989,1,97.0,105.0,-1182.0,-1180.0,-3976.0,-3976.0
96,-1173,-3986,1,104.0,97.0,-1177.0,-1182.0,-3989.0,-3976.0
97,-1172,-3983,1,96.0,104.0,-1173.0,-1177.0,-3986.0,-3989.0
98,-1182,-3977,1,97.0,96.0,-1172.0,-1173.0,-3983.0,-3986.0
101,-1180,-3978,1,98.0,97.0,-1182.0,-1172.0,-3977.0,-3983.0
96,-1180,-3974,1,101.0,98.0,-1180.0,-1182.0,-3978.0,-3977.0
99,-1184,-3980,1,96.0,101.0,-1180.0,-1180.0,-3974.0,-3978.0
98,-1178,-3988,1,99.0,96.0,-1184.0,-1180.0,-3980.0,-3974.0
96,-1188,-3981,1,98.0,99.0,-1178.0,-1184.0,-3988.0,-3980.0
98,-1174,-3987,1,96.0,98.0,-1188.0,-1178.0,-3981.0,-3988.0
104,-1177,-3985,1,98.0,96.0,-1174.0,-1188.0,-3987.0,-3981.0
101,-1180,-3975,1,104.0,98.0,-1177.0,-1174.0,-3985.0,-3987.0
96,-1182,-3982,1,101.0,104.0,-1180.0,-1177.0,-3975.0,-3985.0
101,-1180,-3972,1,96.0,101.0,-1182.0,-1180.0,-3982.0,-3975.0
100,-1174,-3979,1,101.0,96.0,-1180.0,-1182.0,-3972.0,-3982.0
107,-1177,-3976,1,100.0,101.0,-1174.0,-1180.0,-3979.0,-3972.0
188,-1358,-4020,1,107.0,100.0,-1177.0,-1174.0,-3976.0,-3979.0
2,-858,-3918,1,188.0,107.0,-1358.0,-1177.0,-4020.0,-3976.0
140,-1261,-3976,1,2.0,188.0,-858.0,-1358.0,-3918.0,-4020.0
80,-1130,-4102,1,140.0,2.0,-1261.0,-858.0,-3976.0,-3918.0
105,-1200,-4029,1,80.0,140.0,-1130.0,-1261.0,-4102.0,-3976.0
91,-1177,-3994,1,105.0,80.0,-1200.0,-1130.0,-4029.0,-4102.0
93,-1177,-3982,1,91.0,105.0,-1177.0,-1200.0,-3994.0,-4029.0
92,-1177,-3974,1,93.0,91.0,-1177.0,-1177.0,-3982.0,-3994.0
113,-1175,-3977,1,92.0,93.0,-1177.0,-1177.0,-3974.0,-3982.0
99,-1188,-3939,1,113.0,92.0,-1175.0,-1177.0,-3977.0,-3974.0
106,-1175,-3972,1,99.0,113.0,-1188.0,-1175.0,-3939.0,-3977.0
96,-1181,-3998,1,106.0,99.0,-1175.0,-1188.0,-3972.0,-3939.0
96,-1179,-3997,1,96.0,106.0,-1181.0,-1175.0,-3998.0,-3972.0
111,-1176,-3970,1,96.0,96.0,-1179.0,-1181.0,-3997.0,-3998.0
98,-1172,-3970,1,111.0,96.0,-1176.0,-1179.0,-3970.0,-3997.0
91,-1181,-3984,1,98.0,111.0,-1172.0,-1176.0,-3970.0,-3970.0
95,-1177,-3977,1,91.0,98.0,-1181.0,-1172.0,-3984.0,-3970.0
97,-1176,-3974,1,95.0,91.0,-1177.0,-1181.0,-3977.0,-3984.0
102,-1173,-3977,1,97.0,95.0,-1176.0,-1177.0,-3974.0,-3977.0
100,-1171,-3977,1,102.0,97.0,-1173.0,-1176.0,-3977.0,-3974.0
100,-1177,-3975,1,100.0,102.0,-1171.0,-1173.0,-3977.0,-3977.0
102,-1176,-3981,1,100.0,100.0,-1177.0,-1171.0,-3975.0,-3977.0
96,-1170,-3992,1,102.0,100.0,-1176.0,-1177.0,-3981.0,-3975.0
103,-1174,-3989,1,96.0,102.0,-1170.0,-1176.0,-3992.0,-3981.0
92,-1173,-3988,1,103.0,96.0,-1174.0,-1170.0,-3989.0,-3992.0
105,-1177,-3977,1,92.0,103.0,-1173.0,-1174.0,-3988.0,-3989.0
105,-1173,-3977,1,105.0,92.0,-1177.0,-1173.0,-3977.0,-3988.0
94,-1176,-3977,1,105.0,105.0,-1173.0,-1177.0,-3977.0,-3977.0
102,-1173,-3978,1,94.0,105.0,-1176.0,-1173.0,-3977.0,-3977.0
89,-1176,-3992,1,102.0,94.0,-1173.0,-1176.0,-3978.0,-3977.0
95,-1180,-3981,1,89.0,102.0,-1176.0,-1173.0,-3992.0,-3978.0
95,-1174,-3981,1,95.0,89.0,-1180.0,-1176.0,-3981.0,-3992.0
96,-1176,-3980,1,95.0,95.0,-1174.0,-1180.0,-3981.0,-3981.0
100,-1171,-3982,1,96.0,95.0,-1176.0,-1174.0,-3980.0,-3981.0
102,-1171,-3978,1,100.0,96.0,-1171.0,-1176.0,-3982.0,-3980.0
108,-1178,-3974,1,102.0,100.0,-1171.0,-1171.0,-3978.0,-3982.0
101,-1182,-3979,1,108.0,102.0,-1178.0,-1171.0,-3974.0,-3978.0
102,-1181,-3972,1,101.0,108.0,-1182.0,-1178.0,-3979.0,-3974.0
98,-1176,-3974,1,102.0,101.0,-1181.0,-1182.0,-3972.0,-3979.0
95,-1181,-3972,1,98.0,102.0,-1176.0,-1181.0,-3974.0,-3972.0
103,-1182,-3980,1,95.0,98.0,-1181.0,-1176.0,-3972.0,-3974.0
96,-1171,-3981,1,103.0,95.0,-1182.0,-1181.0,-3980.0,-3972.0
98,-1175,-3979,1,96.0,103.0,-1171.0,-1182.0,-3981.0,-3980.0
100,-1175,-3976,1,98.0,96.0,-1175.0,-1171.0,-3979.0,-3981.0
96,-1177,-3980,1,100.0,98.0,-1175.0,-1175.0,-3976.0,-3979.0
95,-1179,-3987,1,96.0,100.0,-1177.0,-1175.0,-3980.0,-3976.0
97,-1171,-3981,1,95.0,96.0,-1179.0,-1177.0,-3987.0,-3980.0
99,-1174,-3980,1,97.0,95.0,-1171.0,-1179.0,-3981.0,-3987.0
100,-1182,-3985,1,99.0,97.0,-1174.0,-1171.0,-3980.0,-3981.0
96,-1178,-3982,1,100.0,99.0,-1182.0,-1174.0,-3985.0,-3980.0
97,-1179,-3982,1,96.0,100.0,-1178.0,-1182.0,-3982.0,-3985.0
97,-1168,-3985,1,97.0,96.0,-1179.0,-1178.0,-3982.0,-3982.0
95,-1173,-3988,1,97.0,97.0,-1168.0,-1179.0,-3985.0,-3982.0
99,-1173,-3970,1,95.0,97.0,-1173.0,-1168.0,-3988.0,-3985.0
99,-1180,-3972,1,99.0,95.0,-1173.0,-1173.0,-3970.0,-3988.0
107,-1179,-3973,1,99.0,99.0,-1180.0,-1173.0,-3972.0,-3970.0
109,-1176,-3983,1,107.0,99.0,-1179.0,-1180.0,-3973.0,-3972.0
107,-1184,-3988,1,109.0,107.0,-1176.0,-1179.0,-3983.0,-3973.0
102,-1177,-3988,1,107.0,109.0,-1184.0,-1176.0,-3988.0,-3983.0
103,-1174,-3975,1,102.0,107.0,-1177.0,-1184.0,-3988.0,-3988.0
102,-1179,-3978,1,103.0,102.0,-1174.0,-1177.0,-3975.0,-3988.0
101,-1181,-3979,1,102.0,103.0,-1179.0,-1174.0,-3978.0,-3975.0
100,-1180,-3977,1,101.0,102.0,-1181.0,-1179.0,-3979.0,-3978.0
100,-1178,-3978,1,100.0,101.0,-1180.0,-1181.0,-3977.0,-3979.0
100,-1177,-3985,1,100.0,100.0,-1178.0,-1180.0,-3978.0,-3977.0
100,-1169,-3981,1,100.0,100.0,-1177.0,-1178.0,-3985.0,-3978.0
99,-1181,-3976,1,100.0,100.0,-1169.0,-1177.0,-3981.0,-3985.0
96,-1172,-3981,1,99.0,100.0,-1181.0,-1169.0,-3976.0,-3981.0
100,-1182,-3976,1,96.0,99.0,-1172.0,-1181.0,-3981.0,-3976.0
98,-1179,-3985,1,100.0,96.0,-1182.0,-1172.0,-3976.0,-3981.0
99,-1173,-3988,1,98.0,100.0,-1179.0,-1182.0,-3985.0,-3976.0
104,-1177,-3990,1,99.0,98.0,-1173.0,-1179.0,-3988.0,-3985.0
106,-1183,-3985,1,104.0,99.0,-1177.0,-1173.0,-3990.0,-3988.0
98,-1173,-3989,1,106.0,104.0,-1183.0,-1177.0,-3985.0,-3990.0
104,-1180,-3981,1,98.0,106.0,-1173.0,-1183.0,-3989.0,-3985.0
102,-1172,-3976,1,104.0,98.0,-1180.0,-1173.0,-3981.0,-3989.0
100,-1175,-3979,1,102.0,104.0,-1172.0,-1180.0,-3976.0,-3981.0
98,-1173,-3979,1,100.0,102.0,-1175.0,-1172.0,-3979.0,-3976.0
100,-1176,-3977,1,98.0,100.0,-1173.0,-1175.0,-3979.0,-3979.0
98,-1182,-3982,1,100.0,98.0,-1176.0,-1173.0,-3977.0,-3979.0
93,-1180,-3982,1,98.0,100.0,-1182.0,-1176.0,-3982.0,-3977.0
98,-1174,-3976,1,93.0,98.0,-1180.0,-1182.0,-3982.0,-3982.0
100,-1173,-3987,1,98.0,93.0,-1174.0,-1180.0,-3976.0,-3982.0
101,-1175,-3984,1,100.0,98.0,-1173.0,-1174.0,-3987.0,-3976.0
103,-1177,-3980,1,101.0,100.0,-1175.0,-1173.0,-3984.0,-3987.0
103,-1178,-3979,1,103.0,101.0,-1177.0,-1175.0,-3980.0,-3984.0
106,-1171,-3977,1,103.0,103.0,-1178.0,-1177.0,-3979.0,-3980.0
100,-1180,-3984,1,106.0,103.0,-1171.0,-1178.0,-3977.0,-3979.0
101,-1166,-3984,1,100.0,106.0,-1180.0,-1171.0,-3984.0,-3977.0
100,-1175,-3980,1,101.0,100.0,-1166.0,-1180.0,-3984.0,-3984.0
98,-1177,-3983,1,100.0,101.0,-1175.0,-1166.0,-3980.0,-3984.0
99,-1177,-3980,1,98.0,100.0,-1177.0,-1175.0,-3983.0,-3980.0
101,-1178,-3983,1,99.0,98.0,-1177.0,-1177.0,-3980.0,-3983.0
104,-1186,-3977,1,101.0,99.0,-1178.0,-1177.0,-3983.0,-3980.0
105,-1175,-3982,1,104.0,101.0,-1186.0,-1178.0,-3977.0,-3983.0
99,-1179,-3981,1,105.0,104.0,-1175.0,-1186.0,-3982.0,-3977.0
104,-1176,-3984,1,99.0,105.0,-1179.0,-1175.0,-3981.0,-3982.0
110,-1181,-3977,1,104.0,99.0,-1176.0,-1179.0,-3984.0,-3981.0
98,-1177,-3977,1,110.0,104.0,-1181.0,-1176.0,-3977.0,-3984.0
101,-1176,-3982,1,98.0,110.0,-1177.0,-1181.0,-3977.0,-3977.0
95,-1178,-3986,1,101.0,98.0,-1176.0,-1177.0,-3982.0,-3977.0
98,-1176,-3984,1,95.0,101.0,-1178.0,-1176.0,-3986.0,-3982.0
101,-1179,-3979,1,98.0,95.0,-1176.0,-1178.0,-3984.0,-3986.0
101,-1176,-3978,1,101.0,98.0,-1179.0,-1176.0,-3979.0,-3984.0
100,-1173,-3976,1,101.0,101.0,-1176.0,-1179.0,-3978.0,-3979.0
100,-1178,-3976,1,100.0,101.0,-1173.0,-1176.0,-3976.0,-3978.0
102,-1171,-3984,1,100.0,100.0,-1178.0,-1173.0,-3976.0,-3976.0
102,-1175,-3990,1,102.0,100.0,-1171.0,-1178.0,-3984.0,-3976.0
106,-1183,-3986,1,102.0,102.0,-1175.0,-1171.0,-3990.0,-3984.0
101,-1173,-3986,1,106.0,102.0,-1183.0,-1175.0,-3986.0,-3990.0
101,-1173,-3976,1,101.0,106.0,-1173.0,-1183.0,-3986.0,-3986.0
106,-1178,-3985,1,101.0,101.0,-1173.0,-1173.0,-3976.0,-3986.0
103,-1180,-3974,1,106.0,101.0,-1178.0,-1173.0,-3985.0,-3976.0
102,-1175,-3984,1,103.0,106.0,-1180.0,-1178.0,-3974.0,-3985.0
100,-1172,-3987,1,102.0,103.0,-1175.0,-1180.0,-3984.0,-3974.0
105,-1180,-3984,1,100.0,102.0,-1172.0,-1175.0,-3987.0,-3984.0
103,-1169,-3989,1,105.0,100.0,-1180.0,-1172.0,-3984.0,-3987.0
99,-1178,-3984,1,103.0,105.0,-1169.0,-1180.0,-3989.0,-3984.0
106,-1176,-3980,1,99.0,103.0,-1178.0,-1169.0,-3984.0,-3989.0
97,-1175,-3976,1,106.0,99.0,-1176.0,-1178.0,-3980.0,-3984.0
100,-1179,-3980,1,97.0,106.0,-1175.0,-1176.0,-3976.0,-3980.0
100,-1180,-3991,1,100.0,97.0,-1179.0,-1175.0,-3980.0,-3976.0
96,-1179,-3980,1,100.0,100.0,-1180.0,-1179.0,-3991.0,-3980.0
94,-1179,-3987,1,96.0,100.0,-1179.0,-1180.0,-3980.0,-3991.0
110,-1162,-3980,1,94.0,96.0,-1179.0,-1179.0,-3987.0,-3980.0
97,-1179,-3986,1,110.0,94.0,-1162.0,-1179.0,-3980.0,-3987.0
103,-1175,-4000,1,97.0,110.0,-1179.0,-1162.0,-3986.0,-3980.0
96,-1179,-3985,1,103.0,97.0,-1175.0,-1179.0,-4000.0,-3986.0
79,-1177,-4004,1,96.0,103.0,-1179.0,-1175.0,-3985.0,-4000.0
106,-1179,-4001,1,79.0,96.0,-1177.0,-1179.0,-4004.0,-3985.0
111,-1178,-3932,1,106.0,79.0,-1179.0,-1177.0,-4001.0,-4004.0
97,-1174,-3961,1,111.0,106.0,-1178.0,-1179.0,-3932.0,-4001.0
100,-1182,-4004,1,97.0,111.0,-1174.0,-1178.0,-3961.0,-3932.0
106,-1181,-3994,1,100.0,97.0,-1182.0,-1174.0,-4004.0,-3961.0
107,-1178,-3973,1,106.0,100.0,-1181.0,-1182.0,-3994.0,-4004.0
102,-1179,-3968,1,107.0,106.0,-1178.0,-1181.0,-3973.0,-3994.0
103,-1185,-3973,1,102.0,107.0,-1179.0,-1178.0,-3968.0,-3973.0
101,-1179,-3972,1,103.0,102.0,-1185.0,-1179.0,-3973.0,-3968.0
108,-1176,-3968,1,101.0,103.0,-1179.0,-1185.0,-3972.0,-3973.0
105,-1173,-3971,1,108.0,101.0,-1176.0,-1179.0,-3968.0,-3972.0
106,-1176,-3974,1,105.0,108.0,-1173.0,-1176.0,-3971.0,-3968.0
104,-1174,-3981,1,106.0,105.0,-1176.0,-1173.0,-3974.0,-3971.0
97,-1176,-3982,1,104.0,106.0,-1174.0,-1176.0,-3981.0,-3974.0
102,-1174,-3991,1,97.0,104.0,-1176.0,-1174.0,-3982.0,-3981.0
108,-1179,-3984,1,102.0,97.0,-1174.0,-1176.0,-3991.0,-3982.0
99,-1185,-3982,1,108.0,102.0,-1179.0,-1174.0,-3984.0,-3991.0
107,-1176,-3984,1,99.0,108.0,-1185.0,-1179.0,-3982.0,-3984.0
105,-1176,-3976,1,107.0,99.0,-1176.0,-1185.0,-3984.0,-3982.0
99,-1187,-3978,1,105.0,107.0,-1176.0,-1176.0,-3976.0,-3984.0
106,-1180,-3977,1,99.0,105.0,-1187.0,-1176.0,-3978.0,-3976.0
100,-1174,-3981,1,106.0,99.0,-1180.0,-1187.0,-3977.0,-3978.0
96,-1181,-3988,1,100.0,106.0,-1174.0,-1180.0,-3981.0,-3977.0
95,-1174,-3981,1,96.0,100.0,-1181.0,-1174.0,-3988.0,-3981.0
108,-1176,-3982,1,95.0,96.0,-1174.0,-1181.0,-3981.0,-3988.0
101,-1176,-3979,1,108.0,95.0,-1176.0,-1174.0,-3982.0,-3981.0
106,-1176,-3973,1,101.0,108.0,-1176.0,-1176.0,-3979.0,-3982.0
99,-1176,-3975,1,106.0,101.0,-1176.0,-1176.0,-3973.0,-3979.0
103,-1171,-3977,1,99.0,106.0,-1176.0,-1176.0,-3975.0,-3973.0
98,-1173,-3975,1,103.0,99.0,-1171.0,-1176.0,-3977.0,-3975.0
96,-1173,-3979,1,98.0,103.0,-1173.0,-1171.0,-3975.0,-3977.0
102,-1167,-3981,1,96.0,98.0,-1173.0,-1173.0,-3979.0,-3975.0
111,-1172,-3976,1,102.0,96.0,-1167.0,-1173.0,-3981.0,-3979.0
106,-1180,-3978,1,111.0,102.0,-1172.0,-1167.0,-3976.0,-3981.0
104,-1171,-3978,1,106.0,111.0,-1180.0,-1172.0,-3978.0,-3976.0
101,-1175,-3985,1,104.0,106.0,-1171.0,-1180.0,-3978.0,-3978.0
100,-1175,-3982,1,101.0,104.0,-1175.0,-1171.0,-3985.0,-3978.0
101,-1181,-3983,1,100.0,101.0,-1175.0,-1175.0,-3982.0,-3985.0
106,-1177,-3986,1,101.0,100.0,-1181.0,-1175.0,-3983.0,-3982.0
102,-1173,-3982,1,106.0,101.0,-1177.0,-1181.0,-3986.0,-3983.0
103,-1166,-3991,1,102.0,106.0,-1173.0,-1177.0,-3982.0,-3986.0
101,-1168,-3979,1,103.0,102.0,-1166.0,-1173.0,-3991.0,-3982.0
97,-1166,-3979,1,101.0,103.0,-1168.0,-1166.0,-3979.0,-3991.0
104,-1171,-3993,1,97.0,101.0,-1166.0,-1168.0,-3979.0,-3979.0
99,-1176,-3989,1,104.0,97.0,-1171.0,-1166.0,-3993.0,-3979.0
99,-1172,-3978,1,99.0,104.0,-1176.0,-1171.0,-3989.0,-3993.0
100,-1171,-3960,1,99.0,99.0,-1172.0,-1176.0,-3978.0,-3989.0
108,-1173,-3971,1,100.0,99.0,-1171.0,-1172.0,-3960.0,-3978.0
107,-1174,-3989,1,108.0,100.0,-1173.0,-1171.0,-3971.0,-3960.0
104,-1174,-3997,1,107.0,108.0,-1174.0,-1173.0,-3989.0,-3971.0
99,-1172,-3988,1,104.0,107.0,-1174.0,-1174.0,-3997.0,-3989.0
104,-1174,-3980,1,99.0,104.0,-1172.0,-1174.0,-3988.0,-3997.0
101,-1174,-3980,1,104.0,99.0,-1174.0,-1172.0,-3980.0,-3988.0
104,-1178,-3983,1,101.0,104.0,-1174.0,-1174.0,-3980.0,-3980.0
109,-1175,-3986,1,104.0,101.0,-1178.0,-1174.0,-3983.0,-3980.0
107,-1170,-3981,1,109.0,104.0,-1175.0,-1178.0,-3986.0,-3983.0
105,-1178,-3976,1,107.0,109.0,-1170.0,-1175.0,-3981.0,-3986.0
104,-1172,-3981,1,105.0,107.0,-1178.0,-1170.0,-3976.0,-3981.0
104,-1177,-3979,1,104.0,105.0,-1172.0,-1178.0,-3981.0,-3976.0
103,-1169,-3984,1,104.0,104.0,-1177.0,-1172.0,-3979.0,-3981.0
106,-1182,-3987,1,103.0,104.0,-1169.0,-1177.0,-3984.0,-3979.0
104,-1181,-3981,1,106.0,103.0,-1182.0,-1169.0,-3987.0,-3984.0
104,-1176,-3985,1,104.0,106.0,-1181.0,-1182.0,-3981.0,-3987.0
104,-1173,-3981,1,104.0,104.0,-1176.0,-1181.0,-3985.0,-3981.0
108,-1179,-3982,1,104.0,104.0,-1173.0,-1176.0,-3981.0,-3985.0
108,-1178,-3979,1,108.0,104.0,-1179.0,-1173.0,-3982.0,-3981.0
113,-1175,-3981,1,108.0,108.0,-1178.0,-1179.0,-3979.0,-3982.0
104,-1171,-3984,1,113.0,108.0,-1175.0,-1178.0,-3981.0,-3979.0
111,-1175,-3985,1,104.0,113.0,-1171.0,-1175.0,-3984.0,-3981.0
100,-1172,-3979,1,111.0,104.0,-1175.0,-1171.0,-3985.0,-3984.0
102,-1171,-3976,1,100.0,111.0,-1172.0,-1175.0,-3979.0,-3985.0
101,-1177,-3980,1,102.0,100.0,-1171.0,-1172.0,-3976.0,-3979.0
104,-1169,-3982,1,101.0,102.0,-1177.0,-1171.0,-3980.0,-3976.0
108,-1176,-3980,1,104.0,101.0,-1169.0,-1177.0,-3982.0,-3980.0
102,-1172,-3983,1,108.0,104.0,-1176.0,-1169.0,-3980.0,-3982.0
111,-1175,-3993,1,102.0,108.0,-1172.0,-1176.0,-3983.0,-3980.0
104,-1177,-3986,1,111.0,102.0,-1175.0,-1172.0,-3993.0,-3983.0
99,-1172,-3977,1,104.0,111.0,-1177.0,-1175.0,-3986.0,-3993.0
102,-1176,-3980,1,99.0,104.0,-1172.0,-1177.0,-3977.0,-3986.0
104,-1177,-3981,1,102.0,99.0,-1176.0,-1172.0,-3980.0,-3977.0
105,-1171,-3986,1,104.0,102.0,-1177.0,-1176.0,-3981.0,-3980.0
115,-1171,-3982,1,105.0,104.0,-1171.0,-1177.0,-3986.0,-3981.0
107,-1183,-3989,1,115.0,105.0,-1171.0,-1171.0,-3982.0,-3986.0
106,-1175,-3985,1,107.0,115.0,-1183.0,-1171.0,-3989.0,-3982.0
102,-1174,-3976,1,106.0,107.0,-1175.0,-1183.0,-3985.0,-3989.0
110,-1178,-3980,1,102.0,106.0,-1174.0,-1175.0,-3976.0,-3985.0
102,-1170,-3984,1,110.0,102.0,-1178.0,-1174.0,-3980.0,-3976.0
104,-1170,-3980,1,102.0,110.0,-1170.0,-1178.0,-3984.0,-3980.0
103,-1170,-3987,1,104.0,102.0,-1170.0,-1170.0,-3980.0,-3984.0
108,-1175,-3981,1,103.0,104.0,-1170.0,-1170.0,-3987.0,-3980.0
108,-1170,-3982,1,108.0,103.0,-1175.0,-1170.0,-3981.0,-3987.0
101,-1171,-3977,1,108.0,108.0,-1170.0,-1175.0,-3982.0,-3981.0
98,-1182,-3971,1,101.0,108.0,-1171.0,-1170.0,-3977.0,-3982.0
103,-1175,-3973,1,98.0,101.0,-1182.0,-1171.0,-3971.0,-3977.0
107,-1175,-3980,1,103.0,98.0,-1175.0,-1182.0,-3973.0,-3971.0
106,-1181,-3982,1,107.0,103.0,-1175.0,-1175.0,-3980.0,-3973.0
107,-1182,-3979,1,106.0,107.0,-1181.0,-1175.0,-3982.0,-3980.0
110,-1184,-3972,1,107.0,106.0,-1182.0,-1181.0,-3979.0,-3982.0
108,-1168,-4002,1,110.0,107.0,-1184.0,-1182.0,-3972.0,-3979.0
100,-1171,-3977,1,108.0,110.0,-1168.0,-1184.0,-4002.0,-3972.0
111,-1196,-3954,1,100.0,108.0,-1171.0,-1168.0,-3977.0,-4002.0
106,-1166,-4009,1,111.0,100.0,-1196.0,-1171.0,-3954.0,-3977.0
103,-1187,-3991,1,106.0,111.0,-1166.0,-1196.0,-4009.0,-3954.0
109,-1175,-3984,1,103.0,106.0,-1187.0,-1166.0,-3991.0,-4009.0
107,-1175,-3985,1,109.0,103.0,-1175.0,-1187.0,-3984.0,-3991.0
112,-1181,-3985,1,107.0,109.0,-1175.0,-1175.0,-3985.0,-3984.0
104,-1182,-3977,1,112.0,107.0,-1181.0,-1175.0,-3985.0,-3985.0
111,-1178,-3982,1,104.0,112.0,-1182.0,-1181.0,-3977.0,-3985.0
104,-1173,-3986,1,111.0,104.0,-1178.0,-1182.0,-3982.0,-3977.0
107,-1176,-3982,1,104.0,111.0,-1173.0,-1178.0,-3986.0,-3982.0
112,-1188,-3975,1,107.0,104.0,-1176.0,-1173.0,-3982.0,-3986.0
109,-1179,-3972,1,112.0,107.0,-1188.0,-1176.0,-3975.0,-3982.0
111,-1183,-3983,1,109.0,112.0,-1179.0,-1188.0,-3972.0,-3975.0
100,-1183,-3977,1,111.0,109.0,-1183.0,-1179.0,-3983.0,-3972.0
109,-1178,-3980,1,100.0,111.0,-1183.0,-1183.0,-3977.0,-3983.0
115,-1175,-3993,1,109.0,100.0,-1178.0,-1183.0,-3980.0,-3977.0
103,-1177,-3991,1,115.0,109.0,-1175.0,-1178.0,-3993.0,-3980.0
110,-1174,-3996,1,103.0,115.0,-1177.0,-1175.0,-3991.0,-3993.0
108,-1177,-3982,1,110.0,103.0,-1174.0,-1177.0,-3996.0,-3991.0
93,-1168,-4015,1,108.0,110.0,-1177.0,-1174.0,-3982.0,-3996.0
102,-1174,-4012,1,93.0,108.0,-1168.0,-1177.0,-4015.0,-3982.0
124,-1175,-3920,1,102.0,93.0,-1174.0,-1168.0,-4012.0,-4015.0
101,-1188,-3940,1,124.0,102.0,-1175.0,-1174.0,-3920.0,-4012.0
103,-1188,-3981,1,101.0,124.0,-1188.0,-1175.0,-3940.0,-3920.0
99,-1179,-3965,1,103.0,101.0,-1188.0,-1188.0,-3981.0,-3940.0
115,-1155,-4023,1,99.0,103.0,-1179.0,-1188.0,-3965.0,-3981.0
69,-1183,-3887,1,115.0,99.0,-1155.0,-1179.0,-4023.0,-3965.0
48,-1158,-3904,1,69.0,115.0,-1183.0,-1155.0,-3887.0,-4023.0
121,-1282,-3796,1,48.0,69.0,-1158.0,-1183.0,-3904.0,-3887.0
174,-1083,-4267,1,121.0,48.0,-1282.0,-1158.0,-3796.0,-3904.0
104,-1186,-4027,1,174.0,121.0,-1083.0,-1282.0,-4267.0,-3796.0
113,-1175,-3940,1,104.0,174.0,-1186.0,-1083.0,-4027.0,-4267.0
111,-1183,-3975,1,113.0,104.0,-1175.0,-1186.0,-3940.0,-4027.0
108,-1180,-3998,1,111.0,113.0,-1183.0,-1175.0,-3975.0,-3940.0
107,-1175,-3993,1,108.0,111.0,-1180.0,-1183.0,-3998.0,-3975.0
103,-1182,-3988,1,107.0,108.0,-1175.0,-1180.0,-3993.0,-3998.0
109,-1171,-3978,1,103.0,107.0,-1182.0,-1175.0,-3988.0,-3993.0
113,-1173,-3983,1,109.0,103.0,-1171.0,-1182.0,-3978.0,-3988.0
104,-1176,-3974,1,113.0,109.0,-1173.0,-1171.0,-3983.0,-3978.0
112,-1183,-3965,1,104.0,113.0,-1176.0,-1173.0,-3974.0,-3983.0
106,-1185,-3969,1,112.0,104.0,-1183.0,-1176.0,-3965.0,-3974.0
116,-1181,-3986,1,106.0,112.0,-1185.0,-1183.0,-3969.0,-3965.0
109,-1184,-3973,1,116.0,106.0,-1181.0,-1185.0,-3986.0,-3969.0
106,-1177,-3998,1,109.0,116.0,-1184.0,-1181.0,-3973.0,-3986.0
110,-1175,-3985,1,106.0,109.0,-1177.0,-1184.0,-3998.0,-3973.0
72,-1172,-3927,1,110.0,106.0,-1175.0,-1177.0,-3985.0,-3998.0
101,-1110,-4053,1,72.0,110.0,-1172.0,-1175.0,-3927.0,-3985.0
103,-1181,-3986,1,101.0,72.0,-1110.0,-1172.0,-4053.0,-3927.0
109,-1172,-3964,1,103.0,101.0,-1181.0,-1110.0,-3986.0,-4053.0
113,-1184,-3968,1,109.0,103.0,-1172.0,-1181.0,-3964.0,-3986.0
114,-1173,-3975,1,113.0,109.0,-1184.0,-1172.0,-3968.0,-3964.0
109,-1173,-3974,1,114.0,113.0,-1173.0,-1184.0,-3975.0,-3968.0
107,-1175,-3993,1,109.0,114.0,-1173.0,-1173.0,-3974.0,-3975.0
107,-1166,-3990,1,107.0,109.0,-1175.0,-1173.0,-3993.0,-3974.0
106,-1174,-3992,1,107.0,107.0,-1166.0,-1175.0,-3990.0,-3993.0
106,-1162,-3988,1,106.0,107.0,-1174.0,-1166.0,-3992.0,-3990.0
112,-1180,-3984,1,106.0,106.0,-1162.0,-1174.0,-3988.0,-3992.0
107,-1173,-3994,1,112.0,106.0,-1180.0,-1162.0,-3984.0,-3988.0
108,-1179,-3994,1,107.0,112.0,-1173.0,-1180.0,-3994.0,-3984.0
110,-1179,-3987,1,108.0,107.0,-1179.0,-1173.0,-3994.0,-3994.0
105,-1172,-3979,1,110.0,108.0,-1179.0,-1179.0,-3987.0,-3994.0
116,-1166,-3986,1,105.0,110.0,-1172.0,-1179.0,-3979.0,-3987.0
114,-1174,-3977,1,116.0,105.0,-1166.0,-1172.0,-3986.0,-3979.0
117,-1166,-3996,1,114.0,116.0,-1174.0,-1166.0,-3977.0,-3986.0
106,-1184,-3990,1,117.0,114.0,-1166.0,-1174.0,-3996.0,-3977.0
108,-1180,-3984,1,106.0,117.0,-1184.0,-1166.0,-3990.0,-3996.0
115,-1180,-3968,1,108.0,106.0,-1180.0,-1184.0,-3984.0,-3990.0
112,-1180,-3953,1,115.0,108.0,-1180.0,-1180.0,-3968.0,-3984.0
111,-1187,-3948,1,112.0,115.0,-1180.0,-1180.0,-3953.0,-3968.0
121,-1177,-3962,1,111.0,112.0,-1187.0,-1180.0,-3948.0,-3953.0
111,-1175,-3981,1,121.0,111.0,-1177.0,-1187.0,-3962.0,-3948.0
113,-1180,-3991,1,111.0,121.0,-1175.0,-1177.0,-3981.0,-3962.0
107,-1186,-3978,1,113.0,111.0,-1180.0,-1175.0,-3991.0,-3981.0
116,-1186,-3965,1,107.0,113.0,-1186.0,-1180.0,-3978.0,-3991.0
117,-1178,-3971,1,116.0,107.0,-1186.0,-1186.0,-3965.0,-3978.0
109,-1178,-3961,1,117.0,116.0,-1178.0,-1186.0,-3971.0,-3965.0
115,-1179,-3967,1,109.0,117.0,-1178.0,-1178.0,-3961.0,-3971.0
106,-1183,-3974,1,115.0,109.0,-1179.0,-1178.0,-3967.0,-3961.0
108,-1181,-3973,1,106.0,115.0,-1183.0,-1179.0,-3974.0,-3967.0
105,-1175,-3975,1,108.0,106.0,-1181.0,-1183.0,-3973.0,-3974.0
106,-1184,-3976,1,105.0,108.0,-1175.0,-1181.0,-3975.0,-3973.0
107,-1179,-3982,1,106.0,105.0,-1184.0,-1175.0,-3976.0,-3975.0
108,-1178,-3985,1,107.0,106.0,-1179.0,-1184.0,-3982.0,-3976.0
109,-1182,-3978,1,108.0,107.0,-1178.0,-1179.0,-3985.0,-3982.0
109,-1176,-3980,1,109.0,108.0,-1182.0,-1178.0,-3978.0,-3985.0
109,-1179,-3977,1,109.0,109.0,-1176.0,-1182.0,-3980.0,-3978.0
109,-1181,-3984,1,109.0,109.0,-1179.0,-1176.0,-3977.0,-3980.0
111,-1177,-3982,1,109.0,109.0,-1181.0,-1179.0,-3984.0,-3977.0
111,-1176,-3975,1,111.0,109.0,-1177.0,-1181.0,-3982.0,-3984.0
112,-1172,-3985,1,111.0,111.0,-1176.0,-1177.0,-3975.0,-3982.0
112,-1174,-3983,1,112.0,111.0,-1172.0,-1176.0,-3985.0,-3975.0
110,-1179,-3979,1,112.0,112.0,-1174.0,-1172.0,-3983.0,-3985.0
113,-1172,-3981,1,110.0,112.0,-1179.0,-1174.0,-3979.0,-3983.0
108,-1179,-3987,1,113.0,110.0,-1172.0,-1179.0,-3981.0,-3979.0
113,-1168,-3982,1,108.0,113.0,-1179.0,-1172.0,-3987.0,-3981.0
107,-1176,-3988,1,113.0,108.0,-1168.0,-1179.0,-3982.0,-3987.0
106,-1179,-3980,1,107.0,113.0,-1176.0,-1168.0,-3988.0,-3982.0
108,-1181,-3982,1,106.0,107.0,-1179.0,-1176.0,-3980.0,-3988.0
109,-1181,-3980,1,108.0,106.0,-1181.0,-1179.0,-3982.0,-3980.0
106,-1180,-3980,1,109.0,108.0,-1181.0,-1181.0,-3980.0,-3982.0
109,-1180,-3983,1,106.0,109.0,-1180.0,-1181.0,-3980.0,-3980.0
109,-1173,-3990,1,109.0,106.0,-1180.0,-1180.0,-3983.0,-3980.0
115,-1177,-3977,1,109.0,109.0,-1173.0,-1180.0,-3990.0,-3983.0
112,-1179,-3991,1,115.0,109.0,-1177.0,-1173.0,-3977.0,-3990.0
106,-1172,-3976,1,112.0,115.0,-1179.0,-1177.0,-3991.0,-3977.0
110,-1177,-3980,1,106.0,112.0,-1172.0,-1179.0,-3976.0,-3991.0
104,-1173,-3980,1,110.0,106.0,-1177.0,-1172.0,-3980.0,-3976.0
105,-1180,-3987,1,104.0,110.0,-1173.0,-1177.0,-3980.0,-3980.0
109,-1172,-3984,1,105.0,104.0,-1180.0,-1173.0,-3987.0,-3980.0
111,-1175,-3979,1,109.0,105.0,-1172.0,-1180.0,-3984.0,-3987.0
111,-1173,-3980,1,111.0,109.0,-1175.0,-1172.0,-3979.0,-3984.0
109,-1184,-3982,1,111.0,111.0,-1173.0,-1175.0,-3980.0,-3979.0
105,-1180,-3986,1,109.0,111.0,-1184.0,-1173.0,-3982.0,-3980.0
105,-1175,-3989,1,105.0,109.0,-1180.0,-1184.0,-3986.0,-3982.0
103,-1175,-3987,1,105.0,105.0,-1175.0,-1180.0,-3989.0,-3986.0
111,-1180,-3984,1,103.0,105.0,-1175.0,-1175.0,-3987.0,-3989.0
104,-1174,-3979,1,111.0,103.0,-1180.0,-1175.0,-3984.0,-3987.0
97,-1183,-3978,1,104.0,111.0,-1174.0,-1180.0,-3979.0,-3984.0
104,-1179,-3978,1,97.0,104.0,-1183.0,-1174.0,-3978.0,-3979.0
103,-1182,-3978,1,104.0,97.0,-1179.0,-1183.0,-3978.0,-3978.0
108,-1181,-3970,1,103.0,104.0,-1182.0,-1179.0,-3978.0,-3978.0
110,-1183,-3974,1,108.0,103.0,-1181.0,-1182.0,-3970.0,-3978.0
106,-1180,-3972,1,110.0,108.0,-1183.0,-1181.0,-3974.0,-3970.0
104,-1184,-3972,1,106.0,110.0,-1180.0,-1183.0,-3972.0,-3974.0
106,-1172,-3981,1,104.0,106.0,-1184.0,-1180.0,-3972.0,-3972.0
109,-1177,-3972,1,106.0,104.0,-1172.0,-1184.0,-3981.0,-3972.0
106,-1175,-3974,1,109.0,106.0,-1177.0,-1172.0,-3972.0,-3981.0
102,-1179,-3968,1,106.0,109.0,-1175.0,-1177.0,-3974.0,-3972.0
110,-1183,-3968,1,102.0,106.0,-1179.0,-1175.0,-3968.0,-3974.0
109,-1175,-3971,1,110.0,102.0,-1183.0,-1179.0,-3968.0,-3968.0
112,-1185,-3969,1,109.0,110.0,-1175.0,-1183.0,-3971.0,-3968.0
102,-1185,-3972,1,112.0,109.0,-1185.0,-1175.0,-3969.0,-3971.0
111,-1184,-3985,1,102.0,112.0,-1185.0,-1185.0,-3972.0,-3969.0
108,-1185,-3981,1,111.0,102.0,-1184.0,-1185.0,-3985.0,-3972.0
112,-1173,-3983,1,108.0,111.0,-1185.0,-1184.0,-3981.0,-3985.0
98,-1171,-3978,1,112.0,108.0,-1173.0,-1185.0,-3983.0,-3981.0
103,-1177,-3994,1,98.0,112.0,-1171.0,-1173.0,-3978.0,-3983.0
96,-1174,-4003,1,103.0,98.0,-1177.0,-1171.0,-3994.0,-3978.0
97,-1166,-3996,1,96.0,103.0,-1174.0,-1177.0,-4003.0,-3994.0
111,-1167,-3952,1,97.0,96.0,-1166.0,-1174.0,-3996.0,-4003.0
104,-1182,-3952,1,111.0,97.0,-1167.0,-1166.0,-3952.0,-3996.0
100,-1180,-3982,1,104.0,111.0,-1182.0,-1167.0,-3952.0,-3952.0
102,-1177,-3995,1,100.0,104.0,-1180.0,-1182.0,-3982.0,-3952.0
108,-1175,-3987,1,102.0,100.0,-1177.0,-1180.0,-3995.0,-3982.0
104,-1175,-3993,1,108.0,102.0,-1175.0,-1177.0,-3987.0,-3995.0
101,-1177,-3993,1,104.0,108.0,-1175.0,-1175.0,-3993.0,-3987.0
100,-1183,-3991,1,101.0,104.0,-1177.0,-1175.0,-3993.0,-3993.0
106,-1172,-3971,1,100.0,101.0,-1183.0,-1177.0,-3991.0,-3993.0
110,-1182,-3962,1,106.0,100.0,-1172.0,-1183.0,-3971.0,-3991.0
111,-1172,-3955,1,110.0,106.0,-1182.0,-1172.0,-3962.0,-3971.0
103,-1171,-3974,1,111.0,110.0,-1172.0,-1182.0,-3955.0,-3962.0
115,-1171,-3989,1,103.0,111.0,-1171.0,-1172.0,-3974.0,-3955.0
110,-1171,-3999,1,115.0,103.0,-1171.0,-1171.0,-3989.0,-3974.0
108,-1177,-4000,1,110.0,115.0,-1171.0,-1171.0,-3999.0,-3989.0
112,-1182,-3984,1,108.0,110.0,-1177.0,-1171.0,-4000.0,-3999.0
108,-1179,-3977,1,112.0,108.0,-1182.0,-1177.0,-3984.0,-4000.0
105,-1181,-3971,1,108.0,112.0,-1179.0,-1182.0,-3977.0,-3984.0
102,-1175,-3979,1,105.0,108.0,-1181.0,-1179.0,-3971.0,-3977.0
97,-1182,-3997,1,102.0,105.0,-1175.0,-1181.0,-3979.0,-3971.0
102,-1176,-3990,1,97.0,102.0,-1182.0,-1175.0,-3997.0,-3979.0
101,-1184,-3980,1,102.0,97.0,-1176.0,-1182.0,-3990.0,-3997.0
101,-1180,-3991,1,101.0,102.0,-1184.0,-1176.0,-3980.0,-3990.0
104,-1178,-3999,1,101.0,101.0,-1180.0,-1184.0,-3991.0,-3980.0
99,-1177,-3994,1,104.0,101.0,-1178.0,-1180.0,-3999.0,-3991.0
102,-1174,-3988,1,99.0,104.0,-1177.0,-1178.0,-3994.0,-3999.0
106,-1179,-3985,1,102.0,99.0,-1174.0,-1177.0,-3988.0,-3994.0
103,-1177,-3985,1,106.0,102.0,-1179.0,-1174.0,-3985.0,-3988.0
104,-1174,-3975,1,103.0,106.0,-1177.0,-1179.0,-3985.0,-3985.0
108,-1188,-3964,1,104.0,103.0,-1174.0,-1177.0,-3975.0,-3985.0
110,-1183,-3967,1,108.0,104.0,-1188.0,-1174.0,-3964.0,-3975.0
110,-1183,-3968,1,110.0,108.0,-1183.0,-1188.0,-3967.0,-3964.0
105,-1180,-3982,1,110.0,110.0,-1183.0,-1183.0,-3968.0,-3967.0
98,-1177,-3992,1,105.0,110.0,-1180.0,-1183.0,-3982.0,-3968.0
104,-1185,-3987,1,98.0,105.0,-1177.0,-1180.0,-3992.0,-3982.0
107,-1181,-3979,1,104.0,98.0,-1185.0,-1177.0,-3987.0,-3992.0
110,-1182,-3983,1,107.0,104.0,-1181.0,-1185.0,-3979.0,-3987.0
104,-1173,-3978,1,110.0,107.0,-1182.0,-1181.0,-3983.0,-3979.0
108,-1180,-3981,1,104.0,110.0,-1173.0,-1182.0,-3978.0,-3983.0
110,-1175,-3978,1,108.0,104.0,-1180.0,-1173.0,-3981.0,-3978.0
103,-1178,-3981,1,110.0,108.0,-1175.0,-1180.0,-3978.0,-3981.0
106,-1183,-3981,1,103.0,110.0,-1178.0,-1175.0,-3981.0,-3978.0
107,-1181,-3984,1,106.0,103.0,-1183.0,-1178.0,-3981.0,-3981.0
102,-1189,-3981,1,107.0,106.0,-1181.0,-1183.0,-3984.0,-3981.0
111,-1173,-3982,1,102.0,107.0,-1189.0,-1181.0,-3981.0,-3984.0
107,-1180,-3979,1,111.0,102.0,-1173.0,-1189.0,-3982.0,-3981.0
104,-1177,-3969,1,107.0,111.0,-1180.0,-1173.0,-3979.0,-3982.0
103,-1179,-3968,1,104.0,107.0,-1177.0,-1180.0,-3969.0,-3979.0
104,-1183,-3963,1,103.0,104.0,-1179.0,-1177.0,-3968.0,-3969.0
96,-1186,-3975,1,104.0,103.0,-1183.0,-1179.0,-3963.0,-3968.0
107,-1188,-3984,1,96.0,104.0,-1186.0,-1183.0,-3975.0,-3963.0
102,-1180,-3990,1,107.0,96.0,-1188.0,-1186.0,-3984.0,-3975.0
97,-1184,-3976,1,102.0,107.0,-1180.0,-1188.0,-3990.0,-3984.0
101,-1182,-3974,1,97.0,102.0,-1184.0,-1180.0,-3976.0,-3990.0
100,-1180,-3977,1,101.0,97.0,-1182.0,-1184.0,-3974.0,-3976.0
96,-1185,-3979,1,100.0,101.0,-1180.0,-1182.0,-3977.0,-3974.0
99,-1179,-3971,1,96.0,100.0,-1185.0,-1180.0,-3979.0,-3977.0
99,-1173,-3970,1,99.0,96.0,-1179.0,-1185.0,-3971.0,-3979.0
102,-1174,-3974,1,99.0,99.0,-1173.0,-1179.0,-3970.0,-3971.0
101,-1182,-3979,1,102.0,99.0,-1174.0,-1173.0,-3974.0,-3970.0
104,-1174,-3974,1,101.0,102.0,-1182.0,-1174.0,-3979.0,-3974.0
105,-1170,-3975,1,104.0,101.0,-1174.0,-1182.0,-3974.0,-3979.0
103,-1175,-3983,1,105.0,104.0,-1170.0,-1174.0,-3975.0,-3974.0
104,-1179,-3981,1,103.0,105.0,-1175.0,-1170.0,-3983.0,-3975.0
106,-1175,-3982,1,104.0,103.0,-1179.0,-1175.0,-3981.0,-3983.0
96,-1171,-3976,1,106.0,104.0,-1175.0,-1179.0,-3982.0,-3981.0
101,-1181,-3979,1,96.0,106.0,-1171.0,-1175.0,-3976.0,-3982.0
103,-1176,-3979,1,101.0,96.0,-1181.0,-1171.0,-3979.0,-3976.0
104,-1172,-3987,1,103.0,101.0,-1176.0,-1181.0,-3979.0,-3979.0
106,-1174,-3977,1,104.0,103.0,-1172.0,-1176.0,-3987.0,-3979.0
107,-1177,-3977,1,106.0,104.0,-1174.0,-1172.0,-3977.0,-3987.0
96,-1177,-3984,1,107.0,106.0,-1177.0,-1174.0,-3977.0,-3977.0
104,-1180,-3978,1,96.0,107.0,-1177.0,-1177.0,-3984.0,-3977.0
104,-1183,-3995,1,104.0,96.0,-1180.0,-1177.0,-3978.0,-3984.0
102,-1173,-3990,1,104.0,104.0,-1183.0,-1180.0,-3995.0,-3978.0
96,-1184,-3985,1,102.0,104.0,-1173.0,-1183.0,-3990.0,-3995.0
103,-1180,-3986,1,96.0,102.0,-1184.0,-1173.0,-3985.0,-3990.0
105,-1177,-3986,1,103.0,96.0,-1180.0,-1184.0,-3986.0,-3985.0
101,-1173,-3975,1,105.0,103.0,-1177.0,-1180.0,-3986.0,-3986.0
107,-1177,-3982,1,101.0,105.0,-1173.0,-1177.0,-3975.0,-3986.0
103,-1178,-3979,1,107.0,101.0,-1177.0,-1173.0,-3982.0,-3975.0
105,-1177,-3981,1,103.0,107.0,-1178.0,-1177.0,-3979.0,-3982.0
101,-1176,-3991,1,105.0,103.0,-1177.0,-1178.0,-3981.0,-3979.0
106,-1176,-3978,1,101.0,105.0,-1176.0,-1177.0,-3991.0,-3981.0
100,-1176,-3980,1,106.0,101.0,-1176.0,-1176.0,-3978.0,-3991.0
102,-1176,-3982,1,100.0,106.0,-1176.0,-1176.0,-3980.0,-3978.0
98,-1177,-3983,1,102.0,100.0,-1176.0,-1176.0,-3982.0,-3980.0
100,-1173,-3988,1,98.0,102.0,-1177.0,-1176.0,-3983.0,-3982.0
108,-1186,-3981,1,100.0,98.0,-1173.0,-1177.0,-3988.0,-3983.0
101,-1177,-3980,1,108.0,100.0,-1186.0,-1173.0,-3981.0,-3988.0
100,-1181,-3979,1,101.0,108.0,-1177.0,-1186.0,-3980.0,-3981.0
97,-1177,-3981,1,100.0,101.0,-1181.0,-1177.0,-3979.0,-3980.0
98,-1178,-3975,1,97.0,100.0,-1177.0,-1181.0,-3981.0,-3979.0
189,-1204,-3982,1,98.0,97.0,-1178.0,-1177.0,-3975.0,-3981.0
94,-1209,-3972,1,189.0,98.0,-1204.0,-1178.0,-3982.0,-3975.0
105,-1178,-4003,1,94.0,189.0,-1209.0,-1204.0,-3972.0,-3982.0
91,-1169,-3983,1,105.0,94.0,-1178.0,-1209.0,-4003.0,-3972.0
94,-1180,-3984,1,91.0,105.0,-1169.0,-1178.0,-3983.0,-4003.0
101,-1173,-3998,1,94.0,91.0,-1180.0,-1169.0,-3984.0,-3983.0
103,-1172,-3980,1,101.0,94.0,-1173.0,-1180.0,-3998.0,-3984.0
99,-1179,-3984,1,103.0,101.0,-1172.0,-1173.0,-3980.0,-3998.0
105,-1182,-3971,1,99.0,103.0,-1179.0,-1172.0,-3984.0,-3980.0
104,-1175,-3974,1,105.0,99.0,-1182.0,-1179.0,-3971.0,-3984.0
102,-1168,-3977,1,104.0,105.0,-1175.0,-1182.0,-3974.0,-3971.0
107,-1178,-3976,1,102.0,104.0,-1168.0,-1175.0,-3977.0,-3974.0
105,-1176,-3980,1,107.0,102.0,-1178.0,-1168.0,-3976.0,-3977.0
100,-1181,-3978,1,105.0,107.0,-1176.0,-1178.0,-3980.0,-3976.0
105,-1175,-3979,1,100.0,105.0,-1181.0,-1176.0,-3978.0,-3980.0
100,-1181,-3979,1,105.0,100.0,-1175.0,-1181.0,-3979.0,-3978.0
101,-1179,-3987,1,100.0,105.0,-1181.0,-1175.0,-3979.0,-3979.0
99,-1180,-3989,1,101.0,100.0,-1179.0,-1181.0,-3987.0,-3979.0
99,-1177,-3982,1,99.0,101.0,-1180.0,-1179.0,-3989.0,-3987.0
101,-1181,-3982,1,99.0,99.0,-1177.0,-1180.0,-3982.0,-3989.0
98,-1174,-3976,1,101.0,99.0,-1181.0,-1177.0,-3982.0,-3982.0
100,-1170,-3984,1,98.0,101.0,-1174.0,-1181.0,-3976.0,-3982.0
103,-1171,-3990,1,100.0,98.0,-1170.0,-1174.0,-3984.0,-3976.0
99,-1174,-3987,1,103.0,100.0,-1171.0,-1170.0,-3990.0,-3984.0
90,-1182,-4005,1,99.0,103.0,-1174.0,-1171.0,-3987.0,-3990.0
96,-1168,-3974,1,90.0,99.0,-1182.0,-1174.0,-4005.0,-3987.0
97,-1181,-3967,1,96.0,90.0,-1168.0,-1182.0,-3974.0,-4005.0
111,-1182,-3977,1,97.0,96.0,-1181.0,-1168.0,-3967.0,-3974.0
107,-1176,-3961,1,111.0,97.0,-1182.0,-1181.0,-3977.0,-3967.0
104,-1186,-3985,1,107.0,111.0,-1176.0,-1182.0,-3961.0,-3977.0
105,-1183,-4001,1,104.0,107.0,-1186.0,-1176.0,-3985.0,-3961.0
107,-1177,-3981,1,105.0,104.0,-1183.0,-1186.0,-4001.0,-3985.0
104,-1187,-3963,1,107.0,105.0,-1177.0,-1183.0,-3981.0,-4001.0
104,-1181,-3980,1,104.0,107.0,-1187.0,-1177.0,-3963.0,-3981.0
109,-1181,-3972,1,104.0,104.0,-1181.0,-1187.0,-3980.0,-3963.0
97,-1182,-3964,1,109.0,104.0,-1181.0,-1181.0,-3972.0,-3980.0
96,-1184,-3960,1,97.0,109.0,-1182.0,-1181.0,-3964.0,-3972.0
102,-1184,-3971,1,96.0,97.0,-1184.0,-1182.0,-3960.0,-3964.0
104,-1182,-3973,1,102.0,96.0,-1184.0,-1184.0,-3971.0,-3960.0
102,-1185,-3984,1,104.0,102.0,-1182.0,-1184.0,-3973.0,-3971.0
101,-1184,-3985,1,102.0,104.0,-1185.0,-1182.0,-3984.0,-3973.0
99,-1191,-3987,1,101.0,102.0,-1184.0,-1185.0,-3985.0,-3984.0
103,-1182,-3988,1,99.0,101.0,-1191.0,-1184.0,-3987.0,-3985.0
99,-1177,-3978,1,103.0,99.0,-1182.0,-1191.0,-3988.0,-3987.0
100,-1180,-3975,1,99.0,103.0,-1177.0,-1182.0,-3978.0,-3988.0
103,-1185,-3975,1,100.0,99.0,-1180.0,-1177.0,-3975.0,-3978.0
105,-1188,-3978,1,103.0,100.0,-1185.0,-1180.0,-3975.0,-3975.0
98,-1181,-3978,1,105.0,103.0,-1188.0,-1185.0,-3978.0,-3975.0
98,-1186,-3986,1,98.0,105.0,-1181.0,-1188.0,-3978.0,-3978.0
93,-1182,-3987,1,98.0,98.0,-1186.0,-1181.0,-3986.0,-3978.0
100,-1180,-3979,1,93.0,98.0,-1182.0,-1186.0,-3987.0,-3986.0
92,-1177,-3983,1,100.0,93.0,-1180.0,-1182.0,-3979.0,-3987.0
102,-1188,-3974,1,92.0,100.0,-1177.0,-1180.0,-3983.0,-3979.0
92,-1186,-3974,1,102.0,92.0,-1188.0,-1177.0,-3974.0,-3983.0
102,-1186,-3971,1,92.0,102.0,-1186.0,-1188.0,-3974.0,-3974.0
103,-1184,-3968,1,102.0,92.0,-1186.0,-1186.0,-3971.0,-3974.0
97,-1181,-3966,1,103.0,102.0,-1184.0,-1186.0,-3968.0,-3971.0
94,-1179,-3975,1,97.0,103.0,-1181.0,-1184.0,-3966.0,-3968.0
94,-1182,-3980,1,94.0,97.0,-1179.0,-1181.0,-3975.0,-3966.0
95,-1178,-3985,1,94.0,94.0,-1182.0,-1179.0,-3980.0,-3975.0
100,-1183,-3979,1,95.0,94.0,-1178.0,-1182.0,-3985.0,-3980.0
94,-1184,-3983,1,100.0,95.0,-1183.0,-1178.0,-3979.0,-3985.0
102,-1177,-3978,1,94.0,100.0,-1184.0,-1183.0,-3983.0,-3979.0
96,-1184,-3984,1,102.0,94.0,-1177.0,-1184.0,-3978.0,-3983.0
102,-1188,-3974,1,96.0,102.0,-1184.0,-1177.0,-3984.0,-3978.0
97,-1177,-3978,1,102.0,96.0,-1188.0,-1184.0,-3974.0,-3984.0
105,-1183,-3981,1,97.0,102.0,-1177.0,-1188.0,-3978.0,-3974.0
100,-1181,-3983,1,105.0,97.0,-1183.0,-1177.0,-3981.0,-3978.0
97,-1183,-3981,1,100.0,105.0,-1181.0,-1183.0,-3983.0,-3981.0
94,-1179,-3978,1,97.0,100.0,-1183.0,-1181.0,-3981.0,-3983.0
102,-1186,-3981,1,94.0,97.0,-1179.0,-1183.0,-3978.0,-3981.0
100,-1185,-3978,1,102.0,94.0,-1186.0,-1179.0,-3981.0,-3978.0
101,-1182,-3976,1,100.0,102.0,-1185.0,-1186.0,-3978.0,-3981.0
102,-1185,-3978,1,101.0,100.0,-1182.0,-1185.0,-3976.0,-3978.0
110,-1184,-3963,1,102.0,101.0,-1185.0,-1182.0,-3978.0,-3976.0
102,-1182,-3976,1,110.0,102.0,-1184.0,-1185.0,-3963.0,-3978.0
102,-1180,-3978,1,102.0,110.0,-1182.0,-1184.0,-3976.0,-3963.0
94,-1180,-3990,1,102.0,102.0,-1180.0,-1182.0,-3978.0,-3976.0
104,-1176,-3977,1,94.0,102.0,-1180.0,-1180.0,-3990.0,-3978.0
95,-1176,-3980,1,104.0,94.0,-1176.0,-1180.0,-3977.0,-3990.0
