accelerometer_x,accelerometer_y,accelerometer_z,fall
-1178,-2731,2596,0
-1181,-2727,2575,0
-1205,-2729,2528,0
-1225,-2734,2500,0
-1247,-2741,2485,0
-1258,-2759,2481,0
-1264,-2762,2472,0
-1258,-2775,2496,0
-1239,-2784,2519,0
-1236,-2805,2542,0
-1226,-2836,2564,0
-1220,-2869,2580,0
-1224,-2894,2582,0
-1220,-2926,2599,0
-1216,-2925,2626,0
-1220,-2926,2670,0
-1226,-2935,2712,0
-1247,-2957,2737,0
-1277,-2980,2745,0
-1317,-3011,2753,0
-1358,-3036,2751,0
-1392,-3037,2739,0
-1405,-3022,2736,0
-1404,-2987,2754,0
-1389,-2955,2782,0
-1375,-2910,2799,0
-1358,-2877,2818,0
-1338,-2857,2830,0
-1319,-2835,2849,0
-1296,-2810,2876,0
-1263,-2783,2883,0
-1242,-2764,2917,0
-1233,-2745,2924,0
-1218,-2729,2925,0
-1199,-2703,2916,0
-1183,-2663,2932,0
-1159,-2637,2952,0
-1152,-2626,2957,0
-1163,-2635,2949,0
-1177,-2665,2924,0
-1181,-2721,2894,0
-1197,-2751,2861,0
-1195,-2775,2819,0
-1179,-2786,2806,0
-1161,-2790,2815,0
-1148,-2798,2829,0
-1139,-2822,2823,0
-1149,-2848,2788,0
-1165,-2876,2725,0
-1201,-2882,2665,0
-1229,-2882,2599,0
-1276,-2876,2523,0
-1313,-2877,2475,0
-1341,-2874,2430,0
-1363,-2860,2411,0
-1357,-2864,2408,0
-1342,-2868,2419,0
-1312,-2876,2472,0
-1269,-2876,2527,0
-1234,-2892,2594,0
-1189,-2900,2638,0
-1169,-2906,2671,0
-1166,-2921,2680,0
-1176,-2939,2660,0
-1201,-2964,2639,0
-1221,-2971,2607,0
-1236,-2978,2598,0
-1244,-2989,2581,0
-1254,-2993,2583,0
-1257,-3000,2571,0
-1254,-2991,2562,0
-1238,-2971,2585,0
-1223,-2940,2620,0
-1211,-2901,2646,0
-1216,-2860,2693,0
-1226,-2820,2728,0
-1251,-2771,2773,0
-1279,-2746,2807,0
-1321,-2728,2825,0
-1358,-2724,2831,0
-1393,-2722,2831,0
-1412,-2707,2841,0
-1424,-2710,2843,0
-1423,-2705,2841,0
-1407,-2701,2849,0
-1382,-2703,2857,0
-1363,-2718,2855,0
-1343,-2727,2863,0
-1318,-2724,2870,0
-1291,-2718,2868,0
-1265,-2718,2876,0
-1245,-2733,2862,0
-1235,-2741,2853,0
-1216,-2748,2829,0
-1199,-2746,2812,0
-1191,-2748,2789,0
-1177,-2757,2762,0
-1166,-2764,2751,0
-1147,-2766,2731,0
-1139,-2780,2719,0
-1140,-2800,2706,0
-1148,-2825,2684,0
-1180,-2842,2644,0
-1220,-2852,2600,0
-1252,-2836,2563,0
-1294,-2813,2547,0
-1324,-2806,2544,0
-1357,-2822,2563,0
-1385,-2855,2589,0
-1383,-2906,2610,0
-1348,-2936,2653,0
-1320,-2958,2736,0
-1280,-2970,2820,0
-1241,-2982,2901,0
-1214,-2978,2969,0
-1209,-2983,3009,0
-1208,-3009,3000,0
-1235,-3021,2968,0
-1261,-3041,2919,0
-1291,-3042,2861,0
-1325,-3010,2822,0
-1326,-2981,2801,0
-1335,-2954,2762,0
-1331,-2917,2727,0
-1315,-2871,2706,0
-1287,-2823,2696,0
-1258,-2781,2683,0
-1215,-2751,2641,0
-1187,-2736,2631,0
-1172,-2730,2599,0
-1165,-2726,2587,0
-1177,-2742,2598,0
-1184,-2773,2610,0
-1174,-2815,2651,0
-1180,-2866,2673,0
-1156,-2913,2686,0
-1120,-2943,2707,0
-1073,-2961,2728,0
-1035,-2965,2745,0
-993,-2969,2734,0
-973,-2994,2728,0
-963,-3007,2682,0
-973,-3013,2634,0
-978,-3007,2568,0
-997,-2978,2531,0
-1024,-2952,2515,0
-1037,-2925,2525,0
-1050,-2891,2551,0
-1067,-2879,2586,0
-1076,-2894,2621,0
-1084,-2920,2641,0
-1089,-2957,2662,0
-1087,-2984,2648,0
-1090,-2995,2630,0
-1096,-3001,2609,0
-1101,-2985,2584,0
-1118,-2958,2579,0
-1126,-2938,2572,0
-1131,-2932,2580,0
-1137,-2932,2587,0
-1141,-2929,2594,0
-1136,-2928,2614,0
-1123,-2929,2619,0
-1118,-2926,2643,0
-1115,-2931,2652,0
-1111,-2933,2671,0
-1112,-2941,2674,0
-1122,-2947,2668,0
-1139,-2948,2640,0
-1159,-2958,2615,0
-1178,-2956,2579,0
-1192,-2943,2544,0
-1204,-2928,2522,0
-1206,-2930,2506,0
-1214,-2932,2497,0
-1197,-2923,2509,0
-1183,-2922,2534,0
-1147,-2922,2559,0
-1117,-2920,2604,0
-1100,-2932,2636,0
-1083,-2941,2648,0
-1081,-2948,2666,0
-1084,-2954,2674,0
-1075,-2964,2682,0
-1082,-2954,2686,0
-1089,-2940,2677,0
-1097,-2934,2665,0
-1101,-2913,2636,0
-1120,-2897,2614,0
-1142,-2863,2577,0
-1160,-2848,2551,0
-1177,-2835,2519,0
-1199,-2812,2484,0
-1216,-2795,2460,0
-1224,-2787,2432,0
-1219,-2775,2413,0
-1202,-2773,2408,0
-1192,-2777,2417,0
-1177,-2788,2425,0
-1163,-2789,2441,0
-1153,-2824,2462,0
-1149,-2842,2468,0
-1141,-2882,2472,0
-1160,-2922,2459,0
-1167,-2974,2460,0
-1177,-3007,2494,0
-1181,-3034,2518,0
-1189,-3055,2559,0
-1189,-3089,2594,0
-1196,-3117,2620,0
-1203,-3130,2659,0
-1213,-3138,2693,0
-1219,-3141,2727,0
-1247,-3136,2760,0
-1261,-3145,2775,0
-1275,-3140,2787,0
-1285,-3120,2807,0
-1286,-3092,2832,0
-1277,-3065,2858,0
-1285,-3030,2856,0
-1284,-3008,2860,0
-1274,-2967,2854,0
-1259,-2932,2854,0
-1250,-2897,2846,0
-1237,-2859,2843,0
-1223,-2842,2834,0
-1193,-2818,2828,0
-1186,-2811,2806,0
-1167,-2798,2789,0
-1156,-2802,2770,0
-1156,-2792,2741,0
-1154,-2788,2720,0
-1176,-2777,2686,0
-1182,-2765,2659,0
-1210,-2756,2638,0
-1241,-2743,2607,0
-1269,-2743,2598,0
-1298,-2748,2578,0
-1328,-2743,2570,0
-1349,-2762,2553,0
-1388,-2776,2544,0
-1409,-2807,2539,0
-1442,-2819,2538,0
-1454,-2830,2541,0
-1478,-2851,2542,0
-1492,-2875,2551,0
-1510,-2896,2564,0
-1510,-2928,2571,0
-1518,-2945,2582,0
-1505,-2967,2596,0
-1504,-2988,2598,0
-1486,-3000,2615,0
-1470,-3005,2621,0
-1444,-2997,2645,0
-1430,-3000,2676,0
-1415,-2986,2703,0
-1385,-2986,2738,0
-1364,-2987,2764,0
-1355,-2993,2775,0
-1325,-2999,2780,0
-1309,-3003,2778,0
-1291,-3018,2778,0
-1279,-3019,2773,0
-1254,-3023,2768,0
-1232,-3010,2759,0
-1210,-2989,2760,0
-1189,-2970,2755,0
-1164,-2937,2759,0
-1141,-2905,2765,0
-1114,-2872,2768,0
-1092,-2852,2782,0
-1063,-2821,2788,0
-1044,-2789,2801,0
-1013,-2761,2818,0
-996,-2745,2843,0
-974,-2730,2862,0
-981,-2729,2892,0
-999,-2716,2891,0
-1003,-2708,2865,0
-1013,-2697,2861,0
-1045,-2681,2856,0
-1064,-2664,2839,0
-1059,-2645,2829,0
-1076,-2628,2821,0
-1084,-2620,2820,0
-1085,-2607,2833,0
-1094,-2612,2849,0
-1113,-2616,2850,0
-1145,-2633,2842,0
-1180,-2659,2835,0
-1215,-2681,2830,0
-1258,-2715,2821,0
-1275,-2744,2804,0
-1263,-2749,2799,0
-1224,-2729,2843,0
-1197,-2715,2917,0
-1169,-2714,2961,0
-1154,-2743,2965,0
-1168,-2780,2941,0
-1187,-2816,2906,0
-1200,-2836,2868,0
-1228,-2841,2842,0
-1246,-2860,2813,0
-1258,-2867,2776,0
-1268,-2883,2764,0
-1261,-2888,2761,0
-1256,-2891,2773,0
-1231,-2882,2797,0
-1205,-2885,2813,0
-1170,-2886,2828,0
-1150,-2879,2824,0
-1134,-2866,2799,0
-1121,-2851,2775,0
-1118,-2826,2745,0
-1122,-2802,2717,0
-1111,-2786,2690,0
-1115,-2775,2645,0
-1122,-2777,2610,0
-1125,-2782,2572,0
-1131,-2789,2526,0
-1127,-2799,2494,0
-1122,-2801,2475,0
-1116,-2808,2468,0
-1121,-2818,2470,0
-1120,-2834,2487,0
-1115,-2858,2482,0
-1122,-2866,2489,0
-1143,-2890,2487,0
-1165,-2917,2505,0
-1198,-2955,2495,0
-1238,-2982,2476,0
-1276,-3009,2469,0
-1311,-3026,2479,0
-1332,-3028,2484,0
-1362,-3033,2499,0
-1370,-3051,2518,0
-1384,-3055,2520,0
-1386,-3087,2527,0
-1383,-3086,2544,0
-1381,-3074,2581,0
-1385,-3045,2627,0
-1377,-3021,2672,0
-1366,-3011,2692,0
-1370,-2998,2709,0
-1363,-2981,2712,0
-1361,-2958,2708,0
-1349,-2934,2716,0
-1343,-2916,2716,0
-1317,-2889,2738,0
-1298,-2856,2748,0
-1270,-2834,2766,0
-1252,-2808,2775,0
-1230,-2788,2781,0
-1210,-2771,2793,0
-1203,-2749,2789,0
-1198,-2731,2775,0
-1202,-2717,2760,0
-1203,-2699,2741,0
-1213,-2672,2725,0
-1221,-2646,2729,0
-1228,-2606,2748,0
-1236,-2579,2793,0
-1238,-2566,2838,0
-1257,-2566,2868,0
-1264,-2580,2884,0
-1285,-2608,2873,0
-1293,-2622,2870,0
-1301,-2654,2869,0
-1315,-2670,2867,0
-1324,-2691,2857,0
-1322,-2708,2866,0
-1316,-2719,2880,0
-1292,-2734,2901,0
-1280,-2740,2934,0
-1271,-2739,2967,0
-1250,-2739,2990,0
-1233,-2743,3004,0
-1226,-2717,3012,0
-1207,-2708,3035,0
-1186,-2701,3038,0
-1186,-2728,3038,0
-1180,-2759,2992,0
-1160,-2776,2975,0
-1139,-2801,2949,0
-1122,-2810,2948,0
-1099,-2822,2952,0
-1085,-2826,2955,0
-1070,-2832,2949,0
-1056,-2823,2944,0
-1055,-2818,2942,0
-1079,-2816,2949,0
-1122,-2807,2930,0
-1154,-2801,2893,0
-1186,-2782,2853,0
-1205,-2758,2827,0
-1225,-2723,2809,0
-1241,-2680,2786,0
-1254,-2656,2769,0
-1270,-2624,2765,0
-1285,-2619,2778,0
-1310,-2623,2790,0
-1342,-2637,2783,0
-1360,-2655,2763,0
-1352,-2660,2758,0
-1340,-2652,2781,0
-1321,-2630,2807,0
-1290,-2630,2830,0
-1266,-2631,2859,0
-1252,-2656,2875,0
-1238,-2686,2875,0
-1232,-2717,2867,0
-1232,-2740,2847,0
-1237,-2765,2823,0
-1234,-2791,2794,0
-1233,-2798,2769,0
-1216,-2814,2754,0
-1186,-2816,2752,0
-1147,-2811,2781,0
-1100,-2812,2836,0
-1056,-2820,2886,0
-1026,-2831,2925,0
-998,-2855,2945,0
-1004,-2874,2942,0
-1021,-2878,2918,0
-1051,-2883,2882,0
-1081,-2877,2849,0
-1120,-2864,2820,0
-1160,-2858,2779,0
-1187,-2842,2753,0
-1218,-2820,2741,0
-1238,-2795,2733,0
-1248,-2779,2735,0
-1263,-2757,2748,0
-1278,-2752,2746,0
-1285,-2744,2734,0
-1293,-2752,2717,0
-1288,-2749,2688,0
-1293,-2744,2680,0
-1281,-2750,2675,0
-1279,-2761,2666,0
-1259,-2768,2666,0
-1259,-2782,2688,0
-1245,-2783,2710,0
-1206,-2790,2733,0
-1196,-2795,2768,0
-1182,-2810,2782,0
-1170,-2835,2777,0
-1158,-2846,2779,0
-1147,-2836,2785,0
-1128,-2822,2795,0
-1111,-2817,2803,0
-1096,-2817,2816,0
-1098,-2810,2821,0
-1098,-2824,2819,0
-1106,-2814,2826,0
-1107,-2813,2822,0
-1106,-2808,2815,0
-1114,-2794,2809,0
-1114,-2786,2808,0
-1104,-2770,2817,0
-1113,-2763,2833,0
-1119,-2770,2849,0
-1130,-2768,2858,0
-1135,-2755,2853,0
-1121,-2741,2850,0
-1104,-2719,2859,0
-1074,-2682,2871,0
-1057,-2654,2891,0
-1053,-2654,2906,0
-1058,-2660,2890,0
-1065,-2667,2871,0
-1089,-2665,2863,0
-1106,-2672,2851,0
-1125,-2671,2844,0
-1148,-2679,2831,0
-1158,-2682,2838,0
-1161,-2693,2857,0
-1157,-2689,2880,0
-1157,-2696,2900,0
-1170,-2708,2921,0
-1181,-2727,2918,0
-1183,-2724,2914,0
-1196,-2725,2913,0
-1204,-2720,2922,0
-1204,-2713,2919,0
-1213,-2726,2921,0
-1223,-2734,2904,0
-1221,-2753,2889,0
-1225,-2757,2870,0
-1230,-2777,2847,0
-1234,-2787,2821,0
-1248,-2801,2773,0
-1255,-2807,2734,0
-1279,-2819,2696,0
-1318,-2849,2663,0
-1358,-2877,2612,0
-1378,-2888,2579,0
-1363,-2879,2591,0
-1332,-2843,2625,0
-1302,-2837,2669,0
-1271,-2862,2703,0
-1249,-2904,2716,0
-1237,-2939,2720,0
-1230,-2956,2725,0
-1247,-2963,2713,0
-1301,-2984,2688,0
-1334,-2992,2656,0
-1363,-3006,2619,0
-1370,-2996,2598,0
-1360,-2964,2607,0
-1327,-2924,2646,0
-1306,-2879,2703,0
-1268,-2829,2781,0
-1225,-2801,2844,0
-1206,-2802,2865,0
-1210,-2825,2857,0
-1219,-2861,2819,0
-1230,-2890,2771,0
-1225,-2888,2745,0
-1228,-2874,2735,0
-1236,-2850,2741,0
-1242,-2832,2762,0
-1244,-2832,2775,0
-1246,-2820,2781,0
-1262,-2815,2789,0
-1266,-2818,2796,0
-1278,-2825,2782,0
-1279,-2829,2767,0
-1296,-2834,2741,0
-1299,-2847,2715,0
-1297,-2859,2692,0
-1289,-2857,2675,0
-1275,-2856,2670,0
-1259,-2852,2680,0
-1233,-2850,2692,0
-1207,-2833,2712,0
-1182,-2826,2730,0
-1157,-2824,2745,0
-1136,-2827,2746,0
-1121,-2813,2765,0
-1114,-2808,2762,0
-1114,-2807,2765,0
-1104,-2804,2775,0
-1106,-2804,2769,0
-1100,-2805,2769,0
-1113,-2808,2767,0
-1117,-2803,2770,0
-1103,-2797,2780,0
-1096,-2787,2792,0
-1077,-2770,2798,0
-1070,-2752,2814,0
-1059,-2741,2817,0
-1044,-2743,2818,0
-1033,-2737,2806,0
-1021,-2737,2794,0
-1015,-2731,2785,0
-1001,-2730,2766,0
-996,-2719,2756,0
-989,-2712,2740,0
-987,-2713,2734,0
-981,-2717,2727,0
-982,-2721,2722,0
-976,-2725,2712,0
-972,-2740,2701,0
-955,-2758,2691,0
-952,-2756,2702,0
-947,-2760,2715,0
-928,-2769,2710,0
-925,-2777,2699,0
-925,-2793,2671,0
-929,-2800,2659,0
-929,-2810,2648,0
-938,-2819,2638,0
-951,-2832,2629,0
-961,-2834,2618,0
-966,-2852,2607,0
-968,-2865,2597,0
-980,-2881,2580,0
-982,-2884,2569,0
-993,-2889,2556,0
-1014,-2896,2546,0
-1037,-2901,2535,0
-1064,-2904,2529,0
-1089,-2916,2530,0
-1123,-2889,2535,0
-1157,-2951,2558,0
-1200,-2957,2557,0
-1257,-2959,2579,0
-1303,-2973,2609,0
-1353,-2985,2641,0
-1404,-2997,2661,0
-1457,-3020,2677,0
-1515,-3023,2695,0
-1558,-3033,2722,0
-1602,-3044,2734,0
-1639,-3039,2746,0
-1658,-3046,2754,0
-1675,-3033,2760,0
-1681,-3022,2767,0
-1680,-3016,2770,0
-1673,-2995,2784,0
-1643,-3000,2781,0
-1620,-2980,2787,0
-1590,-2970,2800,0
-1547,-2958,2804,0
-1505,-2939,2797,0
-1461,-2915,2787,0
-1424,-2897,2789,0
-1382,-2887,2782,0
-1354,-2863,2783,0
-1318,-2845,2774,0
-1288,-2834,2757,0
-1267,-2816,2755,0
-1250,-2803,2754,0
-1226,-2787,2751,0
-1209,-2766,2753,0
-1196,-2743,2763,0
-1186,-2723,2767,0
-1173,-2707,2775,0
-1180,-2690,2790,0
-1182,-2677,2794,0
-1186,-2669,2801,0
-1191,-2658,2798,0
-1192,-2660,2807,0
-1198,-2648,2813,0
-1215,-2645,2816,0
-1207,-2642,2823,0
-1211,-2647,2829,0
-1216,-2645,2831,0
-1206,-2657,2831,0
-1212,-2659,2832,0
-1206,-2670,2833,0
-1208,-2680,2837,0
-1202,-2685,2831,0
-1206,-2708,2816,0
-1205,-2722,2815,0
-1198,-2733,2808,0
-1190,-2744,2808,0
-1193,-2752,2810,0
-1188,-2766,2808,0
-1186,-2777,2808,0
-1199,-2797,2799,0
-1213,-2797,2787,0
-1217,-2805,2787,0
-1226,-2816,2779,0
-1239,-2828,2775,0
-1249,-2831,2769,0
-1258,-2839,2768,0
-1269,-2850,2766,0
-1273,-2858,2772,0
-1280,-2855,2769,0
-1278,-2848,2781,0
-1275,-2857,2771,0
-1278,-2862,2764,0
-1278,-2871,2759,0
-1278,-2869,2741,0
-1283,-2867,2738,0
-1287,-2863,2724,0
-1295,-2859,2711,0
-1294,-2849,2701,0
-1298,-2825,2685,0
-1312,-2820,2680,0
-1318,-2819,2672,0
-1315,-2818,2666,0
-1315,-2820,2672,0
-1322,-2821,2662,0
-1320,-2830,2663,0
-1318,-2844,2667,0
-1310,-2847,2667,0
-1308,-2858,2658,0
-1311,-2877,2655,0
-1305,-2891,2656,0
-1300,-2888,2665,0
-1306,-2891,2683,0
-1312,-2893,2723,0
-1318,-2882,2772,0
-1335,-2870,2841,0
-1340,-2853,2905,0
-1351,-2856,2949,0
-1369,-2869,2966,0
-1396,-2884,2977,0
-1418,-2911,2979,0
-1439,-2900,3002,0
-1465,-2904,3038,0
-1482,-2918,3088,0
-1479,-2965,3129,0
-1461,-3013,3140,0
-1437,-3073,3134,0
-1372,-3146,3117,0
-1318,-3189,3109,0
-1242,-3209,3097,0
-1168,-3186,3097,0
-1080,-3192,3106,0
-1026,-3146,3084,0
-958,-3068,3060,0
-918,-2977,3028,0
-867,-2872,2982,0
-838,-2779,2909,0
-817,-2676,2820,0
-818,-2593,2707,0
-835,-2517,2594,0
-867,-2465,2486,0
-917,-2416,2390,0
-991,-2408,2325,0
-1067,-2405,2260,0
-1158,-2420,2212,0
-1243,-2445,2189,0
-1305,-2499,2213,0
-1339,-2540,2240,0
-1356,-2582,2287,0
-1350,-2612,2354,0
-1311,-2641,2457,0
-1268,-2656,2538,0
-1216,-2669,2636,0
-1152,-2673,2722,0
-1102,-2674,2789,0
-1056,-2679,2838,0
-1022,-2689,2870,0
-1010,-2685,2892,0
-1015,-2687,2900,0
-1021,-2696,2909,0
-1046,-2699,2896,0
-1074,-2717,2890,0
-1108,-2725,2889,0
-1135,-2736,2878,0
-1160,-2754,2872,0
-1179,-2777,2870,0
-1189,-2804,2866,0
-1194,-2817,2869,0
-1194,-2830,2862,0
-1173,-2829,2862,0
-1156,-2821,2856,0
-1141,-2809,2856,0
-1122,-2790,2851,0
-1120,-2778,2863,0
-1115,-2745,2869,0
-1123,-2728,2869,0
-1123,-2715,2872,0
-1125,-2698,2848,0
-1137,-2691,2815,0
-1139,-2687,2787,0
-1151,-2696,2762,0
-1155,-2697,2735,0
-1149,-2719,2733,0
-1161,-2730,2750,0
-1164,-2743,2759,0
-1163,-2763,2785,0
-1164,-2792,2818,0
-1162,-2819,2838,0
-1156,-2847,2851,0
-1150,-2876,2858,0
-1148,-2902,2857,0
-1149,-2916,2854,0
-1157,-2915,2852,0
-1170,-2910,2843,0
-1186,-2885,2853,0
-1206,-2867,2856,0
-1220,-2862,2858,0
-1246,-2837,2860,0
-1253,-2835,2851,0
-1275,-2812,2848,0
-1287,-2772,2847,0
-1287,-2739,2855,0
-1285,-2708,2869,0
-1291,-2670,2872,0
-1285,-2638,2887,0
-1279,-2609,2884,0
-1274,-2582,2870,0
-1269,-2573,2858,0
-1238,-2569,2839,0
-1213,-2582,2816,0
-1200,-2594,2800,0
-1162,-2603,2781,0
-1145,-2614,2774,0
-1128,-2618,2779,0
-1104,-2632,2783,0
-1098,-2647,2793,0
-1085,-2659,2801,0
-1085,-2676,2820,0
-1091,-2696,2832,0
-1093,-2718,2848,0
-1102,-2730,2852,0
-1121,-2750,2859,0
-1139,-2765,2880,0
-1164,-2779,2902,0
-1184,-2792,2926,0
-1202,-2808,2934,0
-1229,-2827,2928,0
-1236,-2832,2910,0
-1246,-2853,2887,0
-1281,-2865,2862,0
-1283,-2872,2845,0
-1289,-2862,2838,0
-1294,-2842,2838,0
-1291,-2828,2834,0
-1280,-2812,2845,0
-1270,-2803,2810,0
-1258,-2811,2787,0
-1242,-2819,2768,0
-1229,-2827,2761,0
-1216,-2827,2748,0
-1198,-2819,2749,0
-1181,-2818,2749,0
-1159,-2812,2750,0
-1149,-2803,2745,0
-1137,-2814,2739,0
-1127,-2822,2726,0
-1138,-2824,2709,0
-1138,-2824,2697,0
-1146,-2827,2693,0
-1148,-2822,2683,0
-1151,-2819,2691,0
-1156,-2793,2699,0
-1160,-2788,2701,0
-1157,-2784,2715,0
-1160,-2769,2724,0
-1157,-2774,2741,0
-1167,-2768,2749,0
-1172,-2761,2753,0
-1189,-2757,2764,0
-1215,-2755,2772,0
-1238,-2756,2780,0
-1265,-2759,2794,0
-1288,-2762,2803,0
-1292,-2765,2819,0
-1291,-2775,2824,0
-1284,-2775,2841,0
-1279,-2783,2861,0
-1258,-2785,2864,0
-1245,-2785,2861,0
-1228,-2788,2860,0
-1218,-2784,2866,0
-1211,-2786,2856,0
-1213,-2776,2856,0
-1207,-2756,2858,0
-1210,-2751,2866,0
-1222,-2734,2877,0
-1232,-2721,2890,0
-1236,-2716,2892,0
-1232,-2704,2876,0
-1223,-2711,2881,0
-1216,-2711,2871,0
-1217,-2725,2842,0
-1213,-2724,2835,0
-1208,-2727,2823,0
-1212,-2725,2814,0
-1217,-2726,2796,0
-1232,-2727,2788,0
-1243,-2733,2766,0
-1251,-2744,2755,0
-1254,-2757,2744,0
-1252,-2762,2747,0
-1250,-2764,2750,0
-1250,-2771,2754,0
-1248,-2770,2765,0
-1249,-2769,2754,0
-1243,-2773,2757,0
-1236,-2773,2747,0
-1242,-2790,2736,0
-1252,-2780,2723,0
-1248,-2791,2710,0
-1256,-2803,2681,0
-1250,-2802,2686,0
-1252,-2812,2685,0
-1251,-2819,2683,0
-1247,-2818,2688,0
-1247,-2811,2691,0
-1246,-2820,2698,0
-1249,-2821,2716,0
-1252,-2816,2725,0
-1257,-2819,2730,0
-1263,-2823,2732,0
-1263,-2823,2737,0
-1268,-2826,2742,0
-1259,-2826,2741,0
-1269,-2824,2740,0
-1262,-2824,2729,0
-1262,-2825,2733,0
-1261,-2827,2729,0
-1252,-2821,2719,0
-1250,-2820,2713,0
-1251,-2822,2706,0
-1250,-2808,2711,0
-1238,-2804,2712,0
-1244,-2793,2718,0
-1237,-2785,2724,0
-1243,-2770,2737,0
-1241,-2763,2749,0
-1235,-2751,2761,0
-1240,-2733,2784,0
-1250,-2717,2796,0
-1255,-2705,2813,0
-1270,-2706,2831,0
-1276,-2690,2850,0
-1288,-2680,2851,0
-1297,-2691,2868,0
-1311,-2690,2879,0
-1317,-2690,2876,0
-1326,-2690,2889,0
-1322,-2693,2886,0
-1314,-2697,2880,0
-1303,-2691,2884,0
-1286,-2684,2880,0
-1269,-2690,2872,0
-1253,-2681,2872,0
-1230,-2679,2853,0
-1208,-2694,2822,0
-1194,-2707,2811,0
-1178,-2718,2795,0
-1171,-2734,2772,0
-1150,-2757,2766,0
-1152,-2763,2752,0
-1159,-2781,2741,0
-1155,-2792,2730,0
-1169,-2799,2722,0
-1181,-2817,2726,0
-1185,-2832,2734,0
-1197,-2827,2750,0
-1202,-2836,2781,0
-1206,-2852,2824,0
-1212,-2852,2860,0
-1244,-2857,2883,0
-1267,-2882,2908,0
-1297,-2908,2905,0
-1332,-2940,2898,0
-1367,-2970,2865,0
-1392,-2991,2823,0
-1407,-2986,2792,0
-1407,-2980,2755,0
-1385,-2955,2734,0
-1350,-2925,2717,0
-1319,-2896,2696,0
-1283,-2878,2694,0
-1245,-2859,2688,0
-1222,-2855,2682,0
-1208,-2830,2687,0
-1195,-2826,2695,0
-1186,-2818,2701,0
-1194,-2804,2720,0
-1192,-2797,2720,0
-1197,-2791,2713,0
-1198,-2789,2721,0
-1203,-2788,2715,0
-1196,-2789,2718,0
-1190,-2784,2726,0
-1190,-2791,2727,0
-1178,-2786,2733,0
-1161,-2805,2737,0
-1141,-2815,2735,0
-1130,-2800,2743,0
-1125,-2811,2735,0
-1131,-2813,2741,0
-1111,-2851,2744,0
-1126,-2857,2728,0
-1131,-2858,2740,0
-1153,-2850,2750,0
-1167,-2849,2775,0
-1178,-2850,2787,0
-1190,-2851,2805,0
-1215,-2839,2821,0
-1221,-2827,2848,0
-1245,-2829,2854,0
-1253,-2824,2867,0
-1262,-2827,2863,0
-1269,-2823,2862,0
-1277,-2814,2866,0
-1275,-2805,2866,0
-1271,-2797,2858,0
-1266,-2779,2866,0
-1255,-2764,2861,0
-1246,-2760,2854,0
-1218,-2767,2835,0
-1204,-2746,2837,0
-1217,-2714,2852,0
-1174,-2741,2830,0
-1143,-2772,2829,0
-1086,-2788,2814,0
-1096,-2722,2842,0
-1077,-2732,2860,0
-1084,-2715,2858,0
-1051,-2771,2852,0
-1018,-2808,2839,0
-1011,-2776,2858,0
-1019,-2763,2871,0
-1000,-2801,2877,0
-993,-2809,2860,0
-991,-2803,2859,0
-984,-2792,2872,0
-994,-2781,2868,0
-986,-2773,2859,0
-999,-2773,2850,0
-1010,-2767,2849,0
-1022,-2751,2851,0
-1030,-2743,2854,0
-1041,-2741,2859,0
-1047,-2738,2854,0
-1050,-2747,2841,0
-1046,-2747,2828,0
-1046,-2749,2830,0
-1049,-2736,2828,0
-1041,-2731,2828,0
-1042,-2729,2825,0
-1044,-2733,2814,0
-1051,-2746,2799,0
-1042,-2766,2780,0
-1035,-2777,2772,0
-1022,-2786,2761,0
-1028,-2796,2750,0
-1032,-2799,2749,0
-1037,-2802,2745,0
-1036,-2814,2752,0
-1046,-2824,2739,0
-1055,-2834,2737,0
-1066,-2846,2741,0
-1081,-2852,2737,0
-1087,-2857,2724,0
-1097,-2872,2733,0
-1104,-2878,2733,0
-1121,-2894,2731,0
-1129,-2899,2748,0
-1138,-2907,2760,0
-1150,-2909,2769,0
-1156,-2913,2793,0
-1168,-2908,2788,0
-1184,-2908,2812,0
-1195,-2898,2826,0
-1205,-2901,2828,0
-1208,-2892,2834,0
-1209,-2889,2825,0
-1211,-2881,2821,0
-1202,-2873,2811,0
-1201,-2835,2815,0
-1194,-2827,2811,0
-1186,-2812,2808,0
-1189,-2789,2803,0
-1191,-2782,2808,0
-1191,-2775,2801,0
-1194,-2765,2796,0
-1189,-2764,2803,0
-1191,-2751,2799,0
-1191,-2750,2799,0
-1185,-2735,2805,0
-1173,-2738,2805,0
-1168,-2736,2802,0
-1162,-2752,2795,0
-1158,-2750,2787,0
-1153,-2751,2781,0
-1137,-2754,2772,0
-1129,-2757,2777,0
-1116,-2765,2775,0
-1103,-2772,2767,0
-1101,-2768,2767,0
-1097,-2774,2757,0
-1094,-2779,2763,0
-1087,-2788,2765,0
-1089,-2783,2763,0
-1089,-2795,2768,0
-1091,-2788,2781,0
-1092,-2779,2786,0
-1104,-2786,2800,0
-1107,-2788,2811,0
-1112,-2794,2819,0
-1120,-2803,2823,0
-1134,-2810,2814,0
-1138,-2815,2828,0
-1156,-2811,2827,0
-1158,-2814,2826,0
-1166,-2819,2830,0
-1177,-2825,2844,0
-1168,-2829,2837,0
-1173,-2831,2843,0
-1165,-2838,2848,0
-1151,-2844,2849,0
-1146,-2835,2834,0
-1133,-2836,2833,0
-1127,-2842,2828,0
-1115,-2837,2821,0
-1102,-2828,2800,0
-1102,-2826,2793,0
-1103,-2824,2777,0
-1096,-2808,2775,0
-1102,-2809,2787,0
-1104,-2799,2784,0
-1108,-2802,2786,0
-1106,-2798,2799,0
-1104,-2805,2802,0
-1107,-2807,2798,0
-1118,-2813,2802,0
-1119,-2817,2794,0
-1118,-2831,2791,0
-1120,-2829,2793,0
-1133,-2825,2793,0
-1132,-2827,2792,0
-1149,-2810,2802,0
-1153,-2804,2797,0
-1164,-2797,2803,0
-1172,-2794,2807,0
-1186,-2788,2815,0
-1189,-2778,2817,0
-1203,-2773,2818,0
-1205,-2784,2808,0
-1212,-2787,2805,0
-1213,-2781,2800,0
-1218,-2778,2795,0
-1208,-2776,2794,0
-1211,-2781,2792,0
-1203,-2778,2791,0
-1196,-2792,2789,0
-1187,-2793,2787,0
-1180,-2798,2789,0
-1162,-2797,2793,0
-1153,-2796,2786,0
-1138,-2798,2791,0
-1124,-2795,2790,0
-1124,-2792,2782,0
-1128,-2795,2783,0
-1125,-2795,2782,0
-1129,-2801,2775,0
-1138,-2811,2769,0
-1149,-2800,2767,0
-1152,-2813,2775,0
-1151,-2808,2766,0
-1161,-2820,2770,0
-1163,-2818,2770,0
-1169,-2825,2778,0
-1185,-2823,2785,0
-1182,-2828,2793,0
-1179,-2838,2795,0
-1179,-2838,2802,0
-1173,-2833,2803,0
-1171,-2840,2802,0
-1169,-2831,2803,0
-1160,-2831,2806,0
-1168,-2827,2810,0
-1160,-2822,2810,0
-1157,-2813,2806,0
-1160,-2810,2805,0
-1161,-2811,2800,0
-1154,-2819,2800,0
-1144,-2814,2799,0
-1140,-2818,2780,0
-1137,-2827,2778,0
-1124,-2828,2759,0
-1115,-2831,2764,0
-1118,-2828,2759,0
-1104,-2828,2755,0
-1103,-2822,2760,0
-1098,-2826,2754,0
-1108,-2823,2757,0
-1116,-2820,2749,0
-1117,-2825,2742,0
-1124,-2828,2738,0
-1122,-2833,2737,0
-1124,-2837,2748,0
-1128,-2846,2746,0
-1123,-2845,2754,0
-1121,-2849,2751,0
-1127,-2840,2755,0
-1131,-2849,2758,0
-1137,-2848,2761,0
-1139,-2851,2765,0
-1152,-2849,2773,0
-1160,-2842,2779,0
-1179,-2841,2778,0
-1181,-2844,2786,0
-1190,-2841,2796,0
-1181,-2834,2798,0
-1184,-2832,2790,0
-1178,-2831,2796,0
-1173,-2828,2789,0
-1162,-2831,2794,0
-1156,-2828,2790,0
-1159,-2821,2790,0
-1153,-2818,2779,0
-1162,-2810,2772,0
-1157,-2802,2773,0
-1147,-2799,2773,0
-1151,-2792,2773,0
-1152,-2781,2782,0
-1152,-2785,2794,0
-1157,-2783,2798,0
-1150,-2787,2787,0
-1154,-2795,2797,0
-1150,-2794,2788,0
-1150,-2803,2793,0
-1141,-2810,2788,0
-1140,-2812,2789,0
-1140,-2812,2793,0
-1130,-2811,2790,0
-1130,-2812,2782,0
-1129,-2822,2790,0
-1130,-2824,2775,0
-1135,-2824,2765,0
-1136,-2825,2765,0
-1148,-2833,2761,0
-1146,-2826,2757,0
-1139,-2833,2758,0
-1137,-2838,2758,0
-1133,-2841,2752,0
-1135,-2837,2752,0
-1137,-2853,2760,0
-1129,-2848,2749,0
-1127,-2853,2752,0
-1132,-2845,2750,0
-1126,-2852,2753,0
-1131,-2858,2746,0
-1136,-2852,2751,0
-1146,-2855,2738,0
-1146,-2851,2736,0
-1154,-2849,2739,0
-1157,-2843,2740,0
-1162,-2847,2744,0
-1163,-2837,2745,0
-1160,-2842,2741,0
-1165,-2835,2752,0
-1179,-2824,2762,0
-1184,-2820,2767,0
-1181,-2820,2780,0
-1183,-2817,2785,0
-1177,-2816,2795,0
-1171,-2817,2795,0
-1169,-2813,2799,0
-1164,-2823,2795,0
-1153,-2826,2785,0
-1134,-2835,2782,0
-1131,-2840,2775,0
-1109,-2837,2779,0
-1106,-2848,2779,0
-1105,-2844,2773,0
-1118,-2843,2778,0
-1123,-2845,2775,0
-1131,-2836,2772,0
-1148,-2832,2777,0
-1149,-2818,2778,0
-1161,-2816,2779,0
-1170,-2813,2790,0
-1164,-2806,2793,0
-1177,-2810,2797,0
-1169,-2805,2797,0
-1178,-2811,2811,0
-1183,-2813,2800,0
-1186,-2810,2803,0
-1188,-2809,2804,0
-1193,-2816,2810,0
-1185,-2796,2809,0
-1179,-2798,2817,0
-1174,-2795,2801,0
-1168,-2792,2793,0
-1173,-2793,2787,0
-1161,-2793,2784,0
-1161,-2797,2783,0
-1165,-2795,2784,0
-1160,-2786,2788,0
-1162,-2794,2783,0
-1169,-2795,2791,0
-1174,-2791,2771,0
-1171,-2791,2781,0
-1168,-2788,2791,0
-1174,-2788,2787,0
-1171,-2790,2782,0
-1165,-2787,2786,0
-1171,-2795,2785,0
-1162,-2797,2781,0
-1169,-2797,2773,0
-1152,-2800,2777,0
-1150,-2804,2774,0
-1149,-2804,2772,0
-1143,-2803,2773,0
-1143,-2812,2780,0
-1139,-2809,2783,0
-1149,-2807,2775,0
-1146,-2813,2785,0
-1148,-2808,2782,0
-1147,-2811,2775,0
-1156,-2811,2781,0
-1153,-2804,2779,0
-1148,-2815,2779,0
-1146,-2817,2781,0
-1136,-2819,2783,0
-1127,-2818,2784,0
-1128,-2818,2784,0
-1126,-2822,2792,0
-1133,-2820,2785,0
-1141,-2820,2784,0
-1129,-2820,2789,0
-1142,-2818,2788,0
-1144,-2812,2788,0
-1147,-2808,2796,0
-1151,-2818,2797,0
-1158,-2827,2792,0
-1168,-2827,2785,0
-1170,-2827,2790,0
-1167,-2831,2789,0
-1174,-2832,2786,0
-1164,-2842,2784,0
-1175,-2842,2781,0
-1171,-2839,2784,0
-1179,-2846,2792,0
-1170,-2842,2791,0
-1178,-2839,2783,0
-1182,-2828,2788,0
-1183,-2824,2788,0
-1179,-2823,2776,0
-1181,-2819,2772,0
-1175,-2816,2769,0
-1174,-2818,2750,0
-1165,-2809,2742,0
-1158,-2813,2744,0
-1151,-2813,2736,0
-1150,-2810,2729,0
-1136,-2815,2732,0
-1134,-2813,2730,0
-1137,-2814,2730,0
-1139,-2817,2732,0
-1132,-2820,2740,0
-1142,-2818,2742,0
-1145,-2817,2748,0
-1154,-2819,2745,0
-1155,-2832,2745,0
-1166,-2835,2750,0
-1176,-2844,2740,0
-1187,-2840,2742,0
-1182,-2838,2741,0
-1182,-2862,2715,0
-1186,-2853,2692,0
-1174,-2852,2669,0
-1166,-2844,2662,0
-1149,-2829,2676,0
-1131,-2819,2699,0
-1127,-2816,2719,0
-1128,-2836,2746,0
-1125,-2842,2749,0
-1134,-2864,2749,0
-1141,-2883,2736,0
-1137,-2893,2725,0
-1142,-2895,2718,0
-1152,-2895,2723,0
-1165,-2898,2730,0
-1177,-2879,2746,0
-1164,-2862,2770,0
-1148,-2834,2794,0
-1132,-2817,2842,0
-1127,-2796,2882,0
-1117,-2781,2925,0
-1123,-2776,2961,0
-1131,-2770,2980,0
-1162,-2786,2974,0
-1182,-2799,2960,0
-1216,-2791,2935,0
-1248,-2791,2917,0
-1279,-2774,2894,0
-1316,-2752,2864,0
-1339,-2739,2833,0
-1372,-2711,2809,0
-1388,-2697,2777,0
-1397,-2685,2760,0
-1410,-2669,2751,0
-1405,-2665,2757,0
-1401,-2666,2773,0
-1374,-2672,2790,0
-1361,-2684,2805,0
-1334,-2692,2824,0
-1321,-2709,2823,0
-1304,-2733,2815,0
-1300,-2768,2795,0
-1295,-2796,2769,0
-1283,-2825,2751,0
-1271,-2854,2721,0
-1262,-2866,2700,0
-1235,-2878,2699,0
-1218,-2878,2701,0
-1194,-2878,2702,0
-1179,-2882,2700,0
-1170,-2880,2710,0
-1159,-2885,2703,0
-1157,-2888,2695,0
-1162,-2887,2685,0
-1163,-2865,2686,0
-1166,-2851,2681,0
-1168,-2830,2696,0
-1182,-2807,2708,0
-1201,-2792,2706,0
-1217,-2778,2726,0
-1224,-2748,2743,0
-1232,-2737,2763,0
-1237,-2732,2788,0
-1243,-2734,2797,0
-1245,-2743,2794,0
-1242,-2759,2783,0
-1242,-2762,2781,0
-1238,-2775,2778,0
-1232,-2792,2781,0
-1226,-2809,2769,0
-1215,-2822,2761,0
-1208,-2834,2762,0
-1193,-2849,2758,0
-1182,-2862,2745,0
-1170,-2875,2729,0
-1178,-2890,2734,0
-1192,-2900,2716,0
-1185,-2902,2704,0
-1183,-2896,2702,0
-1172,-2882,2725,0
-1146,-2887,2750,0
-1140,-2880,2784,0
-1135,-2895,2810,0
-1130,-2905,2820,0
-1126,-2906,2840,0
-1129,-2895,2843,0
-1133,-2878,2826,0
-1150,-2858,2813,0
-1164,-2839,2791,0
-1165,-2818,2770,0
-1183,-2800,2749,0
-1199,-2777,2756,0
-1203,-2765,2739,0
-1204,-2770,2757,0
-1196,-2758,2776,0
-1166,-2788,2797,0
-1131,-2783,2815,0
-1101,-2774,2852,0
-1083,-2770,2886,0
-1063,-2775,2921,0
-1060,-2759,2935,0
-1076,-2751,2931,0
-1105,-2735,2921,0
-1143,-2720,2893,0
-1185,-2694,2880,0
-1217,-2666,2861,0
-1244,-2637,2856,0
-1281,-2633,2856,0
-1296,-2630,2837,0
-1316,-2620,2828,0
-1315,-2617,2822,0
-1324,-2613,2816,0
-1317,-2624,2823,0
-1315,-2630,2813,0
-1301,-2650,2795,0
-1300,-2672,2785,0
-1311,-2697,2763,0
-1311,-2737,2736,0
-1304,-2751,2717,0
-1303,-2788,2693,0
-1283,-2810,2687,0
-1258,-2829,2683,0
-1234,-2838,2684,0
-1218,-2861,2681,0
-1198,-2877,2685,0
-1192,-2902,2691,0
-1198,-2920,2676,0
-1206,-2943,2673,0
-1209,-2965,2676,0
-1214,-2980,2672,0
-1225,-2990,2669,0
-1229,-3004,2667,0
-1244,-2988,2671,0
-1228,-3014,2672,0
-1238,-2982,2669,0
-1240,-2965,2672,0
-1241,-2931,2675,0
-1234,-2939,2696,0
-1242,-2919,2696,0
-1248,-2922,2688,0
-1243,-2926,2685,0
-1236,-2923,2676,0
-1235,-2920,2667,0
-1226,-2910,2657,0
-1208,-2899,2656,0
-1190,-2887,2661,0
-1166,-2864,2652,0
-1144,-2851,2665,0
-1125,-2829,2680,0
-1114,-2817,2690,0
-1111,-2812,2690,0
-1112,-2801,2695,0
-1118,-2802,2689,0
-1123,-2793,2695,0
-1122,-2790,2697,0
-1133,-2782,2699,0
-1139,-2780,2706,0
-1147,-2787,2716,0
-1154,-2771,2727,0
-1160,-2779,2730,0
-1160,-2780,2734,0
-1166,-2788,2739,0
-1155,-2783,2770,0
-1131,-2780,2813,0
-1123,-2782,2855,0
-1112,-2779,2876,0
-1118,-2795,2871,0
-1120,-2798,2868,0
-1128,-2792,2866,0
-1142,-2783,2878,0
-1150,-2766,2908,0
-1169,-2754,2936,0
-1192,-2750,2970,0
-1211,-2755,2997,0
-1232,-2765,3021,0
-1247,-2799,3022,0
-1250,-2831,3011,0
-1250,-2861,2978,0
-1245,-2879,2930,0
-1235,-2891,2885,0
-1230,-2884,2835,0
-1223,-2854,2817,0
-1216,-2830,2793,0
-1223,-2784,2763,0
-1224,-2743,2733,0
-1235,-2715,2703,0
-1254,-2701,2657,0
-1281,-2702,2606,0
-1291,-2710,2549,0
-1313,-2725,2497,0
-1316,-2748,2448,0
-1318,-2776,2390,0
-1304,-2813,2354,0
-1304,-2855,2316,0
-1273,-2903,2297,0
-1249,-2939,2277,0
-1230,-2977,2258,0
-1206,-3015,2257,0
-1190,-3040,2254,0
-1169,-3049,2274,0
-1152,-3050,2309,0
-1149,-3044,2370,0
-1150,-3037,2427,0
-1153,-3053,2505,0
-1162,-3083,2569,0
-1192,-3092,2626,0
-1224,-3119,2672,0
-1253,-3137,2709,0
-1283,-3153,2742,0
-1306,-3152,2762,0
-1327,-3145,2783,0
-1338,-3122,2797,0
-1345,-3078,2814,0
-1344,-3025,2826,0
-1328,-2981,2828,0
-1314,-2934,2842,0
-1298,-2877,2836,0
-1272,-2829,2858,0
-1244,-2779,2861,0
-1223,-2727,2882,0
-1202,-2686,2914,0
-1171,-2654,2928,0
-1143,-2636,2938,0
-1124,-2623,2956,0
-1109,-2618,2963,0
-1113,-2627,2968,0
-1115,-2621,2968,0
-1129,-2627,2969,0
-1143,-2630,2959,0
-1169,-2629,2950,0
-1179,-2626,2946,0
-1194,-2608,2949,0
-1211,-2604,2954,0
-1215,-2585,2975,0
-1230,-2588,2980,0
-1240,-2579,2968,0
-1240,-2590,2963,0
-1261,-2599,2947,0
-1271,-2609,2937,0
-1285,-2625,2911,0
-1295,-2640,2886,0
-1310,-2658,2860,0
-1329,-2668,2846,0
-1330,-2681,2819,0
-1339,-2705,2792,0
-1331,-2722,2777,0
-1316,-2741,2778,0
-1303,-2761,2790,0
-1291,-2786,2802,0
-1294,-2825,2796,0
-1290,-2860,2789,0
-1304,-2906,2754,0
-1311,-2939,2711,0
-1318,-2948,2663,0
-1311,-2944,2612,0
-1295,-2937,2585,0
-1273,-2929,2556,0
-1250,-2923,2547,0
-1230,-2907,2532,0
-1209,-2914,2519,0
-1185,-2925,2512,0
-1169,-2944,2515,0
-1157,-2973,2512,0
-1147,-3004,2517,0
-1152,-3021,2521,0
-1165,-3047,2531,0
-1186,-3060,2532,0
-1212,-3062,2530,0
-1231,-3058,2528,0
-1264,-3048,2539,0
-1297,-3035,2553,0
-1319,-3017,2577,0
-1332,-2999,2613,0
-1343,-2990,2652,0
-1348,-2960,2698,0
-1356,-2947,2749,0
-1349,-2944,2777,0
-1353,-2931,2804,0
-1356,-2904,2825,0
-1327,-2898,2858,0
-1310,-2882,2880,0
-1293,-2859,2898,0
-1271,-2828,2907,0
-1250,-2799,2899,0
-1222,-2789,2887,0
-1190,-2758,2869,0
-1161,-2728,2851,0
-1113,-2699,2848,0
-1075,-2664,2845,0
-1027,-2634,2836,0
-1000,-2616,2845,0
-957,-2617,2836,0
-935,-2617,2842,0
-904,-2623,2830,0
-876,-2642,2826,0
-861,-2650,2836,0
-839,-2669,2841,0
-834,-2688,2842,0
-835,-2705,2853,0
-869,-2733,2833,0
-911,-2752,2815,0
-956,-2777,2785,0
-1010,-2787,2758,0
-1050,-2793,2737,0
-1081,-2798,2743,0
-1101,-2793,2735,0
-1104,-2817,2752,0
-1097,-2834,2762,0
-1110,-2850,2779,0
-1107,-2861,2797,0
-1106,-2883,2826,0
-1108,-2905,2839,0
-1126,-2908,2848,0
-1141,-2901,2866,0
-1164,-2895,2863,0
-1182,-2877,2865,0
-1194,-2854,2865,0
-1206,-2840,2864,0
-1208,-2813,2855,0
-1200,-2804,2854,0
-1191,-2794,2851,0
-1178,-2782,2829,0
-1157,-2800,2826,0
-1130,-2780,2828,0
-1105,-2778,2821,0
-1077,-2769,2827,0
-1053,-2756,2832,0
-1049,-2745,2840,0
-1033,-2739,2851,0
-1039,-2730,2855,0
-1055,-2712,2860,0
-1068,-2719,2855,0
-1088,-2711,2852,0
-1109,-2714,2842,0
-1128,-2705,2839,0
-1151,-2702,2830,0
-1153,-2698,2818,0
-1145,-2700,2822,0
-1147,-2694,2825,0
-1140,-2677,2852,0
-1133,-2653,2892,0
-1149,-2636,2931,0
-1162,-2632,2934,0
-1179,-2641,2921,0
-1211,-2643,2889,0
-1223,-2663,2872,0
-1222,-2649,2854,0
-1203,-2677,2856,0
-1184,-2682,2871,0
-1162,-2671,2886,0
-1128,-2672,2933,0
-1073,-2715,2973,0
-1040,-2728,2989,0
-1009,-2755,3036,0
-975,-2788,3071,0
-954,-2790,3082,0
-937,-2816,3095,0
-925,-2819,3090,0
-918,-2808,3074,0
-913,-2814,3055,0
-928,-2796,3026,0
-934,-2760,2991,0
-955,-2739,2939,0
-972,-2727,2880,0
-995,-2703,2802,0
-1026,-2691,2720,0
-1049,-2704,2644,0
-1071,-2710,2569,0
-1090,-2711,2523,0
-1105,-2722,2484,0
-1101,-2745,2470,0
-1105,-2749,2470,0
-1083,-2773,2487,0
-1064,-2817,2523,0
-1039,-2847,2576,0
-1012,-2854,2665,0
-977,-2848,2768,0
-964,-2845,2874,0
-958,-2878,2960,0
-968,-2912,3024,0
-976,-2926,3057,0
-992,-2924,3111,0
-1019,-2901,3163,0
-1041,-2893,3197,0
-1079,-2858,3236,0
-1111,-2817,3261,0
-1126,-2790,3277,0
-1149,-2763,3308,0
-1161,-2757,3305,0
-1186,-2801,3351,0
-1188,-2854,3340,0
-1178,-2924,3277,0
-1156,-2937,3220,0
-1112,-2879,3193,0
-1081,-2840,3239,0
-1026,-2821,3180,0
-999,-2794,3154,0
-964,-2730,3041,0
-945,-2677,3007,0
-941,-2625,2962,0
-948,-2614,2909,0
-954,-2607,2857,0
-963,-2586,2771,0
-974,-2558,2758,0
-979,-2518,2704,0
-984,-2439,2657,0
-988,-2428,2684,0
-997,-2401,2631,0
-1004,-2386,2606,0
-1014,-2357,2575,0
-1029,-2349,2541,0
-1029,-2323,2476,0
-1025,-2249,2439,0
-1026,-2175,2486,0
-1065,-2200,2574,0
-1118,-2346,2576,0
-1155,-2523,2534,0
-1186,-2688,2502,0
-1226,-2829,2483,0
-1253,-2944,2493,0
-1284,-3025,2520,0
-1288,-3082,2537,0
-1316,-3116,2552,0
-1340,-3126,2534,0
-1379,-3127,2518,0
-1412,-3143,2499,0
-1450,-3169,2471,0
-1494,-3196,2432,0
-1546,-3208,2403,0
-1572,-3217,2384,0
-1592,-3226,2386,0
-1601,-3238,2405,0
-1603,-3238,2419,0
-1602,-3251,2459,0
-1586,-3260,2472,0
-1587,-3275,2477,0
-1594,-3287,2479,0
-1599,-3288,2472,0
-1605,-3293,2476,0
-1617,-3270,2481,0
-1635,-3244,2498,0
-1638,-3217,2497,0
-1637,-3176,2514,0
-1658,-3146,2507,0
-1662,-3111,2501,0
-1669,-3086,2496,0
-1667,-3061,2474,0
-1665,-3037,2450,0
-1645,-3007,2448,0
-1632,-2958,2445,0
-1604,-2916,2458,0
-1560,-2899,2495,0
-1518,-2872,2548,0
-1459,-2838,2609,0
-1396,-2826,2691,0
-1326,-2830,2763,0
-1239,-2837,2826,0
-1164,-2854,2891,0
-1085,-2850,2927,0
-1007,-2862,2949,0
-932,-2867,2957,0
-882,-2860,2939,0
-850,-2846,2923,0
-838,-2819,2900,0
-858,-2777,2875,0
-881,-2740,2850,0
-905,-2698,2815,0
-945,-2653,2796,0
-999,-2608,2795,0
-1040,-2574,2809,0
-1087,-2539,2831,0
-1132,-2506,2851,0
-1171,-2485,2879,0
-1214,-2475,2904,0
-1250,-2473,2926,0
-1278,-2473,2940,0
-1311,-2478,2955,0
-1325,-2483,2965,0
-1340,-2499,2972,0
-1359,-2499,2975,0
-1375,-2509,2989,0
-1391,-2530,2990,0
-1411,-2540,2988,0
-1432,-2543,2983,0
-1443,-2562,2983,0
-1452,-2588,2958,0
-1452,-2604,2932,0
-1446,-2601,2923,0
-1441,-2608,2908,0
-1415,-2617,2894,0
-1394,-2625,2882,0
-1369,-2631,2873,0
-1335,-2644,2870,0
-1318,-2659,2867,0
-1290,-2664,2861,0
-1279,-2670,2859,0
-1270,-2672,2852,0
-1258,-2680,2853,0
-1253,-2683,2852,0
-1258,-2690,2844,0
-1253,-2692,2844,0
-1238,-2704,2848,0
-1244,-2704,2864,0
-1229,-2694,2888,0
-1217,-2690,2917,0
-1196,-2650,2955,0
-1165,-2635,2995,0
-1141,-2627,3034,0
-1120,-2614,3064,0
-1114,-2603,3082,0
-1099,-2600,3093,0
-1105,-2595,3096,0
-1111,-2585,3097,0
-1119,-2566,3100,0
-1127,-2533,3119,0
-1145,-2496,3127,0
-1161,-2469,3140,0
-1186,-2437,3152,0
-1214,-2425,3152,0
-1240,-2416,3140,0
-1254,-2417,3134,0
-1274,-2410,3115,0
-1279,-2409,3113,0
-1272,-2414,3088,0
-1257,-2421,3068,0
-1232,-2433,3043,0
-1231,-2449,3013,0
-1222,-2470,2975,0
-1227,-2482,2942,0
-1226,-2487,2931,0
-1223,-2490,2926,0
-1225,-2488,2923,0
-1214,-2495,2934,0
-1194,-2523,2937,0
-1172,-2554,2944,0
-1157,-2579,2940,0
-1147,-2598,2957,0
-1141,-2610,2963,0
-1150,-2622,2975,0
-1167,-2630,2968,0
-1178,-2643,2946,0
-1189,-2667,2902,0
-1206,-2676,2879,0
-1213,-2684,2863,0
-1199,-2678,2872,0
-1183,-2666,2897,0
-1179,-2655,2925,0
-1162,-2653,2963,0
-1159,-2663,2996,0
-1136,-2673,3027,0
-1125,-2685,3063,0
-1104,-2701,3080,0
-1098,-2708,3082,0
-1119,-2700,3082,0
-1151,-2670,3081,0
-1205,-2610,3106,0
-1252,-2520,3156,0
-1300,-2458,3203,0
-1342,-2427,3231,0
-1378,-2442,3226,0
-1393,-2476,3190,0
-1392,-2494,3170,0
-1383,-2502,3137,0
-1361,-2505,3086,0
-1351,-2507,3015,0
-1333,-2500,2957,0
-1316,-2484,2905,0
-1323,-2459,2859,0
-1339,-2431,2810,0
-1357,-2415,2774,0
-1378,-2427,2738,0
-1381,-2439,2719,0
-1381,-2487,2692,0
-1356,-2549,2658,0
-1332,-2606,2647,0
-1306,-2627,2686,0
-1278,-2626,2755,0
-1265,-2630,2846,0
-1247,-2651,2905,0
-1273,-2673,2917,0
-1272,-2667,2916,0
-1279,-2656,2900,0
-1281,-2645,2897,0
-1274,-2629,2869,0
-1285,-2623,2815,0
-1288,-2622,2743,0
-1305,-2617,2672,0
-1329,-2627,2611,0
-1351,-2637,2562,0
-1389,-2639,2510,0
-1422,-2634,2491,0
-1426,-2655,2458,0
-1450,-2668,2447,0
-1457,-2674,2438,0
-1456,-2697,2497,0
-1464,-2704,2594,0
-1457,-2749,2664,0
-1454,-2810,2686,0
-1460,-2858,2708,0
-1483,-2890,2742,0
-1473,-2953,2756,0
-1463,-3011,2785,0
-1430,-3051,2825,0
-1419,-3036,2882,0
-1396,-3046,2889,0
-1367,-3080,2829,0
-1323,-3110,2779,0
-1287,-3100,2758,0
-1245,-3088,2748,0
-1245,-3047,2750,0
-1280,-3014,2746,0
-1295,-3010,2727,0
-1305,-3001,2712,0
-1338,-2960,2698,0
-1361,-2934,2644,0
-1397,-2911,2618,0
-1463,-2881,2590,0
-1514,-2890,2542,0
-1549,-2874,2512,0
-1549,-2795,2541,0
-1562,-2700,2596,0
-1551,-2668,2602,0
-1526,-2659,2563,0
-1478,-2675,2566,0
-1445,-2721,2588,0
-1409,-2802,2549,0
-1389,-2858,2507,0
-1392,-2879,2516,0
-1378,-2914,2514,0
-1366,-2933,2554,0
-1362,-2959,2594,0
-1387,-2981,2600,0
-1416,-2976,2564,0
-1444,-2968,2597,0
-1434,-2955,2648,0
-1426,-2939,2677,0
-1460,-2890,2677,0
-1491,-2903,2604,0
-1494,-2949,2486,0
-1452,-3001,2397,0
-1381,-3034,2346,0
-1297,-3051,2298,0
-1199,-3059,2265,0
-1197,-2992,2341,0
-1218,-2956,2413,0
-1271,-2915,2538,0
-1325,-2901,2678,0
-1415,-2873,2830,0
-1535,-2872,2951,0
-1630,-2897,3027,0
-1706,-2932,3111,0
-1740,-2947,3172,0
-1765,-2940,3250,0
-1794,-2936,3299,0
-1805,-2919,3300,0
-1793,-2879,3277,0
-1776,-2849,3245,0
-1742,-2794,3211,0
-1691,-2720,3176,0
-1641,-2611,3155,0
-1615,-2486,3150,0
-1593,-2346,3141,0
-1583,-2208,3134,0
-1581,-2080,3147,0
-1572,-1957,3211,0
-1550,-1908,3244,0
-1527,-1911,3216,0
-1496,-1910,3174,0
-1444,-1911,3151,0
-1373,-1899,3133,0
-1270,-1914,3132,0
-1221,-1926,3198,0
-1153,-1954,3230,0
-1067,-2022,3181,0
-1000,-2103,3129,0
-945,-2174,3009,0
-942,-2249,3011,0
-975,-2300,3025,0
-1006,-2342,3063,0
-1017,-2420,3135,0
-1045,-2521,3182,0
-1116,-2613,3188,0
-1217,-2700,3179,0
-1325,-2782,3135,0
-1410,-2822,3121,0
-1496,-2868,3089,0
-1557,-2929,3007,0
-1601,-2991,2949,0
-1647,-3016,2880,0
-1699,-3018,2883,0
-1705,-3031,2840,0
-1694,-3028,2829,0
-1677,-2972,2808,0
-1664,-2937,2803,0
-1669,-2893,2777,0
-1665,-2839,2764,0
-1629,-2769,2778,0
-1621,-2687,2791,0
-1650,-2627,2828,0
-1681,-2680,2793,0
-1723,-2657,2724,0
-1751,-2579,2689,0
-1736,-2517,2668,0
-1703,-2462,2635,0
-1651,-2433,2618,0
-1605,-2396,2658,0
-1648,-2296,2853,0
-1644,-2227,3035,0
-1597,-2229,3171,0
-1562,-2240,3269,0
-1542,-2258,3309,0
-1448,-2347,3335,0
-1460,-2318,3446,0
-1462,-2322,3546,0
-1456,-2328,3616,0
-1418,-2390,3614,0
-1427,-2428,3575,0
-1443,-2477,3503,0
-1457,-2459,3385,0
-1479,-2415,3310,0
-1525,-2378,3239,0
-1546,-2352,3155,0
-1545,-2291,3107,0
-1548,-2149,3095,0
-1523,-2050,3139,0
-1470,-2005,3180,0
-1415,-2018,3201,0
-1365,-2032,3217,0
-1317,-2042,3151,0
-1227,-2124,3128,0
-1156,-2177,3078,0
-1107,-2201,3082,0
-1067,-2209,3107,0
-1013,-2214,3138,0
-992,-2207,3215,0
-976,-2192,3256,0
-1000,-2235,3275,0
-994,-2266,3249,0
-1001,-2275,3222,0
-1039,-2288,3171,0
-1108,-2304,3169,0
-1131,-2361,3125,0
-1137,-2380,3112,0
-1123,-2374,3080,0
-1118,-2374,3066,0
-1045,-2423,3113,0
-932,-2451,3172,0
-845,-2463,3182,0
-801,-2489,3177,0
-731,-2537,3126,0
-717,-2531,3133,0
-740,-2452,3208,0
-799,-2424,3164,0
-917,-2392,3133,0
-996,-2437,3090,0
-1070,-2483,3062,0
-1121,-2544,3054,0
-1118,-2609,3085,0
-1082,-2682,3137,0
-1203,-2604,3278,0
-1227,-2631,3256,0
-1234,-2561,3218,0
-1203,-2433,3131,0
-1182,-2355,3065,0
-1132,-2308,3025,0
-1046,-2333,2976,0
-976,-2377,2910,0
-928,-2400,2796,0
-897,-2416,2689,0
-859,-2470,2592,0
-836,-2519,2522,0
-811,-2535,2507,0
-776,-2610,2533,0
-764,-2716,2554,0
-764,-2783,2648,0
-746,-2837,2775,0
-696,-2808,2900,0
-615,-2798,3041,0
-546,-2805,3081,0
-482,-2789,3105,0
-421,-2778,3116,0
-401,-2733,3144,0
-394,-2717,3229,0
-401,-2665,3342,0
-404,-2713,3395,0
-418,-2835,3338,0
-472,-2911,3207,0
-607,-2974,3012,0
-770,-2796,2798,0
-884,-2587,2785,0
-970,-2526,2898,0
-1032,-2444,2800,0
-1013,-2436,2724,0
-942,-2547,2630,0
-845,-2651,2552,0
-730,-2695,2517,0
-633,-2741,2492,0
-545,-2797,2455,0
-500,-2814,2381,0
-462,-2835,2380,0
-436,-2893,2416,0
-438,-3034,2446,0
-475,-3173,2640,0
-533,-3181,2813,0
-589,-3221,2973,0
-705,-3245,3002,0
-822,-3305,2902,0
-976,-3271,2603,0
-1063,-3146,2460,0
-1073,-2998,2412,0
-1022,-2917,2573,0
-884,-3058,2884,0
-739,-3201,3002,0
-603,-3240,2942,0
-486,-3202,2865,0
-433,-3178,2803,0
-388,-3125,2779,0
-381,-3082,2733,0
-371,-3026,2668,0
-348,-2922,2692,0
-273,-2920,2764,0
-209,-3014,2838,0
-108,-3179,2958,0
-34,-3282,2967,0
0,-3247,2985,0
34,-3096,3076,0
45,-2850,3048,0
61,-2670,3064,0
12,-2576,3133,0
-6,-2595,3124,0
-13,-2682,3013,0
47,-2852,2930,0
150,-2967,2873,0
233,-3022,2787,0
323,-3069,2698,0
368,-3026,2591,0
343,-2864,2435,0
271,-2701,2324,0
200,-2614,2287,0
145,-2607,2288,0
119,-2685,2348,0
144,-2839,2454,0
204,-3012,2588,0
256,-3169,2674,0
290,-3308,2713,0
327,-3431,2723,0
354,-3494,2695,0
382,-3405,2570,0
402,-3246,2529,0
461,-3155,2659,0
519,-3130,2771,0
561,-3222,2884,0
550,-3308,2949,0
558,-3447,2964,0
582,-3600,2918,0
621,-3679,2775,0
657,-3650,2603,0
666,-3496,2461,0
673,-3294,2361,0
666,-3076,2313,0
688,-2898,2338,0
724,-2768,2423,0
787,-2756,2501,0
860,-2766,2502,0
925,-2771,2427,0
970,-2718,2371,0
1027,-2623,2334,0
1072,-2525,2398,0
1094,-2455,2552,0
1135,-2461,2673,0
1195,-2551,2724,0
1302,-2674,2649,0
1434,-2759,2625,0
1550,-2708,2648,0
1603,-2582,2685,0
1617,-2440,2683,0
1599,-2306,2697,0
1590,-2180,2696,0
1610,-2108,2721,0
1681,-2053,2752,0
1770,-1989,2770,0
1881,-1908,2776,0
1992,-1835,2720,0
2097,-1681,2635,0
2225,-1532,2642,0
2343,-1386,2721,0
2444,-1272,2807,0
2496,-1198,2861,0
2516,-1227,2849,0
2494,-1304,2742,0
2448,-1407,2639,0
2397,-1504,2570,0
2343,-1578,2548,0
2260,-1646,2547,0
2171,-1685,2581,0
2108,-1727,2632,0
2077,-1804,2767,0
2087,-1970,2809,0
2116,-2173,2785,0
2160,-2364,2786,0
2214,-2471,2760,0
2261,-2519,2849,0
2298,-2522,2849,0
2303,-2532,2827,0
2294,-2548,2742,0
2278,-2582,2635,0
2276,-2663,2560,0
2288,-2711,2497,0
2305,-2721,2506,0
2358,-2729,2504,0
2372,-2739,2471,0
2382,-2824,2438,0
2353,-2941,2404,0
2271,-2952,2379,0
2183,-2889,2349,0
2091,-2816,2325,0
2030,-2725,2405,0
1997,-2667,2369,0
2008,-2610,2365,0
2048,-2562,2359,0
2148,-2534,2395,0
2292,-2563,2444,0
2428,-2654,2460,0
2536,-2741,2481,0
2603,-2746,2472,0
2608,-2692,2448,0
2590,-2570,2451,0
2528,-2423,2480,0
2466,-2315,2482,0
2406,-2261,2510,0
2392,-2227,2509,0
2434,-2203,2529,0
2479,-2153,2545,0
2513,-2089,2569,0
2565,-2038,2576,0
2609,-1973,2584,0
2650,-1931,2588,0
2670,-1897,2550,0
2662,-1821,2513,0
2652,-1791,2468,0
2591,-1707,2415,0
2500,-1628,2327,0
2402,-1584,2272,0
2346,-1528,2260,0
2289,-1522,2298,0
2260,-1553,2329,0
2250,-1618,2343,0
2268,-1683,2361,0
2303,-1782,2350,0
2346,-1857,2387,0
2349,-1885,2402,0
2363,-1867,2401,0
2376,-1895,2380,0
2365,-1873,2414,0
2378,-1873,2363,0
2398,-1870,2332,0
2449,-1842,2365,0
2528,-1885,2491,0
2651,-2017,2634,0
2785,-2077,2777,0
2912,-2196,2897,0
3032,-2246,2900,0
3103,-2301,2788,0
3114,-2323,2650,0
3075,-2316,2482,0
3026,-2316,2311,0
2980,-2187,2220,0
2903,-1956,2240,0
2851,-1782,2246,0
2791,-1616,2197,0
2734,-1565,2128,0
2702,-1601,2060,0
2689,-1568,2030,0
2681,-1617,2066,0
2690,-1607,2052,0
2705,-1571,2055,0
2743,-1540,2078,0
2765,-1535,2124,0
2748,-1479,2105,0
2712,-1429,2116,0
2662,-1384,2132,0
2579,-1286,2134,0
2479,-1226,2081,0
2396,-1136,2068,0
2331,-1085,2109,0
2338,-1136,2123,0
2336,-1150,2135,0
2325,-1179,2092,0
2342,-1305,2050,0
2322,-1414,2043,0
2341,-1478,2030,0
2432,-1554,2011,0
2588,-1657,1992,0
2798,-1768,1914,0
3025,-1885,1850,0
3246,-1972,1796,0
3383,-2121,1766,0
3492,-2215,1686,0
3528,-2212,1631,0
3571,-2262,1581,0
3593,-2259,1528,0
3625,-2287,1510,0
3639,-2346,1482,0
3677,-2370,1437,0
3692,-2339,1447,0
3712,-2317,1518,0
3747,-2267,1577,0
3722,-2152,1650,0
3681,-2091,1727,0
3591,-2046,1727,0
3480,-1990,1757,0
3367,-1910,1767,0
3305,-1915,1826,0
3213,-1914,1838,0
3181,-1891,1863,0
3163,-1917,1903,0
3177,-1958,1922,0
3165,-1886,1977,0
3176,-1726,2136,0
3239,-1804,2071,0
3286,-1818,2095,0
3327,-1750,2093,0
3379,-1678,2076,0
3401,-1586,2068,0
3465,-1464,2033,0
3563,-1433,1945,0
3664,-1387,1896,0
3739,-1469,1794,0
3748,-1593,1684,0
3749,-1804,1593,0
3737,-2015,1558,0
3703,-2156,1493,0
3657,-2333,1489,0
3590,-2519,1438,0
3513,-2731,1376,0
3509,-2940,1304,0
3580,-3191,1228,0
3615,-3355,1126,0
3626,-3435,990,0
3635,-3448,824,0
3750,-3543,651,0
3821,-3640,546,0
3869,-3676,424,0
3952,-3702,377,0
4058,-3727,327,0
4167,-3746,259,0
4235,-3788,185,0
4251,-3788,143,0
4253,-3756,80,0
4246,-3804,73,0
4226,-3790,22,0
4175,-3758,-15,0
4138,-3666,-59,0
4118,-3635,-68,0
4095,-3507,-91,0
4094,-3413,-97,0
4103,-3393,-104,0
4105,-3346,-178,0
4115,-3271,-204,0
4154,-3252,-174,0
4212,-3196,-125,0
4276,-3108,-60,0
4382,-3093,39,0
4483,-3062,113,0
4574,-2970,161,0
4660,-2950,195,0
4685,-2915,148,0
4719,-2834,139,0
4769,-2770,142,0
4858,-2701,148,0
4900,-2603,111,0
4872,-2481,51,0
4813,-2384,51,0
4749,-2278,73,0
4700,-2185,83,0
4658,-2114,71,0
4632,-2057,61,0
4632,-2067,12,0
4655,-2097,0,0
4689,-2161,-5,0
4714,-2305,-32,0
4739,-2475,-31,0
4745,-2681,-28,0
4719,-2816,-4,0
4665,-2905,81,0
4597,-3001,173,0
4531,-3109,280,0
4458,-3191,388,0
4416,-3311,450,0
4376,-3405,525,0
4322,-3482,569,0
4272,-3517,610,0
4230,-3480,692,0
4149,-3369,773,0
4056,-3170,886,0
3951,-2966,949,0
3890,-2883,944,0
3880,-2854,823,0
3852,-2841,737,0
3804,-2769,646,0
3781,-2704,549,0
3741,-2597,445,0
3689,-2478,352,0
3640,-2368,264,0
3579,-2276,185,0
3530,-2165,139,0
3463,-2085,96,0
3397,-2025,83,0
3325,-1934,101,0
3268,-1851,133,0
3224,-1780,203,0
3165,-1672,272,0
3133,-1586,360,0
3084,-1522,396,0
3049,-1450,444,0
3033,-1409,480,0
3044,-1373,493,0
3056,-1373,479,0
3078,-1366,485,0
3100,-1380,470,0
3114,-1338,476,0
3115,-1297,504,0
3143,-1272,524,0
3175,-1233,565,0
3211,-1236,589,0
3273,-1244,656,0
3322,-1266,693,0
3360,-1284,717,0
3406,-1309,781,0
3437,-1336,806,0
3483,-1363,879,0
3566,-1399,1035,0
3595,-1439,1094,0
3619,-1502,1074,0
3630,-1550,1084,0
3628,-1604,1065,0
3623,-1665,1064,0
3607,-1733,1049,0
3601,-1737,1125,0
3589,-1800,1104,0
3551,-1820,1050,0
3520,-1844,1087,0
3471,-1819,1124,0
3389,-1784,1063,0
3285,-1765,1033,0
3181,-1725,935,0
3154,-1651,998,0
3151,-1604,1066,0
3144,-1581,1047,0
3143,-1579,1004,0
3155,-1606,968,0
3122,-1579,848,0
3095,-1498,830,0
3077,-1470,775,0
3047,-1473,712,0
3023,-1499,653,0
3003,-1466,663,0
2978,-1465,648,0
2993,-1551,658,0
2963,-1515,673,0
2934,-1443,724,0
2927,-1421,758,0
2948,-1403,775,0
2948,-1397,707,0
2982,-1456,609,0
3007,-1508,540,0
3030,-1574,522,0
3085,-1685,550,0
3113,-1743,598,0
3154,-1827,591,0
3212,-1963,564,0
3267,-2081,503,0
3272,-2183,424,0
3237,-2276,367,0
3137,-2353,314,0
3063,-2400,264,0
2993,-2391,281,0
2955,-2399,283,0
2947,-2348,316,0
2924,-2310,311,0
2912,-2250,305,0
2887,-2164,345,0
2909,-2057,455,0
2973,-1934,604,0
3036,-1814,712,0
3097,-1715,779,0
3139,-1641,798,0
3167,-1597,761,0
3181,-1540,704,0
3186,-1496,637,0
3175,-1489,598,0
3162,-1460,599,0
3161,-1432,644,0
3203,-1473,794,0
3251,-1480,912,0
3300,-1518,968,0
3324,-1589,962,0
3310,-1667,916,0
3271,-1725,889,0
3221,-1763,857,0
3164,-1793,806,0
3105,-1805,766,0
3042,-1800,741,0
2983,-1780,770,0
2930,-1750,800,0
2913,-1725,841,0
2911,-1677,898,0
2917,-1615,938,0
2929,-1560,959,0
2943,-1504,969,0
2986,-1473,987,0
3032,-1455,996,0
3084,-1448,994,0
3132,-1434,993,0
3183,-1425,997,0
3216,-1408,1011,0
3255,-1403,1011,0
3279,-1401,997,0
3285,-1416,976,0
3298,-1440,981,0
3303,-1462,1014,0
3305,-1486,1064,0
3315,-1485,1063,0
3315,-1558,1136,0
3306,-1542,1207,0
3297,-1553,1228,0
3282,-1579,1252,0
3260,-1575,1285,0
3254,-1561,1314,0
3232,-1534,1339,0
3210,-1474,1360,0
3204,-1415,1389,0
3200,-1353,1392,0
3187,-1284,1415,0
3190,-1220,1410,0
3177,-1128,1431,0
3172,-1042,1451,0
3160,-945,1482,0
3149,-864,1506,0
3137,-755,1539,0
3117,-662,1566,0
3083,-597,1571,0
3065,-546,1496,0
3044,-512,1521,0
3025,-480,1517,0
3017,-442,1506,0
3029,-479,1566,0
3045,-497,1621,0
3059,-506,1675,0
3074,-507,1728,0
3085,-541,1743,0
3096,-577,1716,0
3094,-630,1627,0
3095,-745,1534,0
3091,-848,1456,0
3097,-950,1426,0
3121,-1024,1415,0
3138,-1118,1433,0
3170,-1184,1461,0
3208,-1252,1516,0
3242,-1324,1584,0
3276,-1383,1614,0
3292,-1459,1615,0
3311,-1541,1604,0
3316,-1651,1555,0
3325,-1740,1517,0
3339,-1858,1523,0
3319,-1875,1569,0
3295,-1873,1693,0
3315,-1977,1832,0
3331,-1991,1972,0
3330,-1965,2116,0
3333,-1893,2246,0
3328,-1773,2387,0
3303,-1610,2497,0
3302,-1453,2569,0
3220,-1226,2687,0
3180,-1041,2820,0
3145,-907,2841,0
3122,-832,2777,0
3089,-753,2690,0
3072,-677,2612,0
3086,-593,2536,0
3126,-541,2430,0
3246,-521,2285,0
3442,-563,2068,0
3680,-664,1823,0
3979,-806,1551,0
4286,-1017,1300,0
4679,-1327,1079,0
5149,-1786,821,0
5637,-2300,565,0
6117,-2864,361,0
6534,-3384,247,0
6912,-3807,306,0
7229,-4022,561,0
7516,-4001,840,0
7596,-3738,1095,0
7342,-3283,1252,0
6770,-2831,1231,0
6026,-2528,997,0
5300,-2315,756,0
4798,-2113,652,0
4496,-1948,680,0
4320,-1841,738,0
4209,-1819,727,0
4085,-1807,697,0
3954,-1772,760,0
3832,-1738,814,0
3689,-1700,814,0
3524,-1654,771,0
3332,-1587,684,0
3128,-1508,603,0
2897,-1417,503,0
2663,-1334,407,0
2460,-1247,344,0
2266,-1140,273,0
2108,-1030,193,0
1996,-964,160,0
1951,-862,160,0
1948,-712,169,0
2048,-645,234,0
2217,-531,320,0
2435,-440,394,0
2689,-362,456,0
2954,-280,536,0
3194,-225,598,0
3385,-196,643,0
3555,-206,665,0
3686,-251,684,0
3790,-297,703,0
3888,-425,732,0
3966,-566,742,0
4049,-728,775,0
4101,-884,811,0
4141,-1037,853,0
4173,-1208,878,0
4184,-1339,883,0
4183,-1455,878,0
4157,-1544,866,0
4125,-1613,868,0
4075,-1646,869,0
4008,-1659,874,0
3929,-1639,904,0
3833,-1610,914,0
3734,-1537,941,0
3636,-1479,968,0
3538,-1404,993,0
3459,-1347,1023,0
3375,-1275,1036,0
3291,-1196,1037,0
3214,-1127,1041,0
3164,-1080,1033,0
3119,-1037,1028,0
3102,-989,1010,0
3084,-939,1020,0
3087,-894,1047,0
3115,-872,1068,0
3144,-851,1093,0
3182,-817,1099,0
3214,-818,1120,0
3235,-802,1129,0
3254,-815,1110,0
3273,-804,1091,0
3285,-818,1075,0
3305,-804,1052,0
3312,-777,1018,0
3328,-745,995,0
3343,-699,982,0
3358,-668,966,0
3386,-602,963,0
3418,-560,969,0
3441,-510,972,0
3476,-479,978,0
3510,-450,981,0
3549,-426,989,0
3602,-408,1005,0
3662,-409,1018,0
3697,-393,1012,0
3738,-380,1013,0
3776,-374,1012,0
3822,-364,1017,0
3872,-368,1017,0
3906,-367,1002,0
3942,-379,971,0
3962,-381,931,0
3986,-398,913,0
4020,-410,918,0
4052,-434,928,0
4077,-453,947,0
4099,-499,971,0
4100,-510,1013,0
4100,-516,1047,0
4101,-539,1082,0
4100,-557,1099,0
4100,-587,1110,0
4095,-615,1120,0
4085,-633,1138,0
4060,-588,1159,0
4078,-711,1246,0
4073,-711,1296,0
4056,-693,1347,0
4068,-744,1420,0
4077,-735,1462,0
4092,-761,1530,0
4101,-767,1580,0
4111,-764,1614,0
4118,-767,1648,0
4134,-754,1671,0
4130,-733,1672,0
4122,-683,1641,0
4101,-602,1611,0
4089,-539,1597,0
4072,-437,1589,0
4066,-343,1600,0
4061,-231,1621,0
4065,-123,1646,0
4072,-7,1666,0
4076,103,1656,0
4095,209,1608,0
4079,298,1584,0
4080,400,1545,0
4086,438,1489,0
4096,436,1414,0
4096,432,1358,0
4099,390,1357,0
4100,324,1394,0
4125,202,1452,0
4160,60,1499,0
4219,-101,1534,0
4287,-257,1532,0
4367,-411,1499,0
4445,-532,1446,0
4523,-650,1389,0
4607,-783,1367,0
4687,-874,1348,0
4757,-983,1279,0
4809,-1091,1188,0
4864,-1217,1111,0
4883,-1330,988,0
4885,-1455,857,0
4860,-1592,714,0
4800,-1730,560,0
4707,-1873,424,0
4588,-1959,319,0
4440,-1994,162,0
4313,-2013,8,0
4194,-2028,-146,0
4090,-2021,-280,0
4005,-2030,-339,0
3932,-2031,-341,0
3888,-2051,-332,0
3845,-2048,-323,0
3803,-2056,-254,0
3746,-2076,-180,0
3674,-2085,-168,0
3567,-2098,-237,0
3454,-2117,-292,0
3345,-2092,-321,0
3278,-2098,-280,0
3223,-2068,-201,0
3219,-2032,-64,0
3237,-1972,114,0
3296,-1946,298,0
3384,-1952,442,0
3503,-1964,543,0
3642,-1962,629,0
3794,-1946,690,0
3952,-1927,736,0
4093,-1892,767,0
4211,-1853,801,0
4335,-1783,817,0
4444,-1695,790,0
4519,-1582,761,0
4570,-1444,751,0
4649,-1308,780,0
4710,-1148,809,0
4771,-992,826,0
4809,-820,816,0
4841,-649,781,0
4866,-504,761,0
4889,-362,759,0
4884,-234,757,0
4870,-121,781,0
4830,-21,824,0
4763,32,878,0
4664,48,909,0
4530,6,926,0
4374,-55,924,0
4199,-143,933,0
4038,-204,964,0
3866,-263,1000,0
3708,-310,1043,0
3556,-356,1097,0
3419,-385,1151,0
3299,-419,1190,0
3199,-462,1233,0
3123,-520,1264,0
3045,-547,1284,0
2997,-577,1306,0
2990,-635,1303,0
2983,-674,1288,0
2991,-704,1302,0
3022,-761,1298,0
3059,-784,1299,0
3125,-826,1322,0
3184,-860,1324,0
3247,-878,1318,0
3327,-922,1301,0
3399,-936,1275,0
3471,-934,1265,0
3541,-936,1246,0
3621,-923,1228,0
3671,-893,1238,0
3724,-858,1272,0
3767,-804,1314,0
3779,-751,1350,0
3783,-710,1381,0
3731,-644,1413,0
3667,-589,1442,0
3597,-554,1444,0
3509,-534,1433,0
3391,-501,1445,0
3282,-430,1459,0
3183,-407,1429,0
3061,-384,1441,0
2960,-383,1445,0
2862,-390,1464,0
2760,-405,1462,0
2669,-441,1476,0
2599,-511,1494,0
2536,-579,1501,0
2482,-622,1533,0
2457,-698,1590,0
2459,-764,1619,0
2479,-840,1630,0
2506,-898,1630,0
2536,-947,1601,0
2572,-999,1552,0
2614,-1030,1527,0
2678,-1055,1521,0
2738,-1061,1530,0
2810,-1062,1528,0
2889,-1062,1507,0
2968,-1076,1473,0
3067,-1082,1430,0
3160,-1077,1391,0
3264,-1067,1374,0
3372,-1040,1345,0
3496,-1046,1305,0
3606,-962,1368,0
3727,-942,1412,0
3846,-920,1428,0
3953,-889,1451,0
4065,-920,1447,0
4100,-854,1471,0
4158,-839,1505,0
4210,-867,1494,0
4220,-852,1504,0
4201,-836,1516,0
4169,-790,1543,0
4123,-755,1565,0
4098,-715,1609,0
4050,-650,1665,0
4013,-579,1724,0
3990,-484,1776,0
3988,-433,1842,0
3984,-365,1920,0
3983,-286,2000,0
3985,-227,2078,0
3985,-173,2147,0
3981,-147,2216,0
3963,-137,2291,0
3929,-116,2367,0
3881,-137,2367,0
3825,-201,2269,0
3772,-282,2153,0
3734,-358,2130,0
3742,-409,2186,0
3801,-495,2165,0
3847,-570,2142,0
3919,-661,2126,0
4022,-817,2088,0
4147,-967,2040,0
4300,-1130,1997,0
4497,-1327,1940,0
4732,-1573,1868,0
5002,-1850,1802,0
5344,-2181,1730,0
5695,-2524,1657,0
6043,-2879,1576,0
6340,-3190,1433,0
6541,-3445,1239,0
6611,-3607,1061,0
6638,-3637,992,0
6640,-3498,1096,0
6541,-3167,1293,0
6289,-2786,1399,0
5814,-2476,1263,0
5210,-2286,995,0
4643,-2138,817,0
4199,-2010,730,0
3870,-1870,669,0
3556,-1714,600,0
3263,-1540,541,0
3005,-1418,485,0
2772,-1319,451,0
2565,-1253,472,0
2380,-1204,507,0
2220,-1185,524,0
2087,-1195,527,0
1998,-1205,492,0
1899,-1155,448,0
1855,-1118,408,0
1838,-1073,367,0
1861,-1042,309,0
1941,-1026,263,0
2057,-1011,261,0
2245,-993,265,0
2485,-999,320,0
2775,-1004,397,0
3088,-1013,478,0
3406,-1031,538,0
3690,-1051,598,0
3944,-1065,635,0
4133,-1104,675,0
4294,-1135,699,0
4397,-1168,721,0
4438,-1209,716,0
4429,-1250,710,0
4387,-1286,714,0
4325,-1327,738,0
4269,-1365,784,0
4215,-1404,841,0
4176,-1464,900,0
4163,-1517,961,0
4165,-1570,1053,0
4155,-1579,1116,0
4132,-1580,1184,0
4104,-1625,1209,0
4052,-1629,1188,0
3976,-1602,1165,0
3884,-1543,1161,0
3781,-1458,1167,0
3671,-1337,1177,0
3564,-1222,1175,0
3432,-1087,1188,0
3317,-969,1193,0
3213,-853,1186,0
3132,-757,1171,0
3047,-656,1154,0
3006,-571,1149,0
2985,-489,1156,0
2965,-398,1171,0
2952,-310,1166,0
2966,-252,1175,0
3011,-198,1171,0
3071,-158,1178,0
3132,-100,1189,0
3202,-61,1174,0
3284,-56,1154,0
3360,-49,1129,0
3440,-81,1109,0
3509,-86,1105,0
3583,-99,1105,0
3651,-113,1125,0
3711,-144,1137,0
3750,-168,1131,0
3776,-189,1113,0
3787,-213,1089,0
3789,-227,1070,0
3777,-228,1062,0
3746,-232,1058,0
3708,-262,1039,0
3668,-253,1048,0
3605,-264,1043,0
3543,-295,1022,0
3484,-326,1023,0
3424,-363,1018,0
3363,-389,1028,0
3297,-440,1036,0
3250,-486,1052,0
3199,-540,1089,0
3176,-584,1133,0
3163,-658,1182,0
3157,-717,1210,0
3175,-816,1212,0
3204,-925,1171,0
3231,-1026,1138,0
3274,-1090,1147,0
3329,-1123,1177,0
3391,-1148,1188,0
3457,-1152,1204,0
3520,-1140,1208,0
3585,-1101,1216,0
3654,-1077,1213,0
3752,-1046,1233,0
3843,-1002,1249,0
3945,-963,1297,0
4050,-937,1338,0
4146,-909,1398,0
4249,-886,1462,0
4347,-854,1523,0
4449,-822,1609,0
4535,-786,1694,0
4602,-772,1757,0
4620,-726,1810,0
4606,-656,1856,0
4572,-621,1839,0
4502,-569,1801,0
4434,-506,1776,0
4365,-452,1731,0
4300,-333,1718,0
4271,-292,1679,0
4236,-198,1639,0
4196,-48,1634,0
4187,58,1696,0
4166,136,1721,0
4112,249,1701,0
4099,343,1727,0
4059,470,1723,0
4060,563,1745,0
4068,600,1767,0
4098,597,1761,0
4107,557,1763,0
4144,478,1786,0
4189,330,1815,0
4250,178,1827,0
4317,11,1812,0
4395,-162,1750,0
4461,-339,1679,0
4521,-495,1629,0
4572,-616,1617,0
4624,-734,1617,0
4678,-843,1576,0
4712,-945,1496,0
4747,-1068,1400,0
4772,-1170,1311,0
4784,-1265,1241,0
4800,-1345,1174,0
4822,-1427,1089,0
4845,-1493,961,0
4845,-1559,790,0
4840,-1605,642,0
4817,-1652,550,0
4778,-1740,495,0
4701,-1861,468,0
4620,-1978,432,0
4496,-2067,306,0
4370,-2141,148,0
4243,-2164,25,0
4117,-2161,-5,0
4032,-2147,-34,0
3903,-2122,-53,0
3777,-2092,-133,0
3627,-2098,-213,0
3478,-2057,-295,0
3316,-1989,-319,0
3181,-1981,-198,0
3036,-1929,-77,0
2837,-1722,-49,0
2617,-1459,-97,0
2536,-1591,2,0
2472,-1737,61,0
2433,-1780,59,0
2414,-1723,39,0
2463,-1612,105,0
2559,-1522,250,0
2695,-1465,407,0
2862,-1447,547,0
3060,-1457,697,0
3274,-1499,804,0
3492,-1558,842,0
3699,-1613,854,0
3881,-1648,859,0
4063,-1652,880,0
4216,-1614,912,0
4373,-1525,943,0
4512,-1410,953,0
4643,-1273,972,0
4754,-1129,1000,0
4852,-956,1056,0
4918,-818,1089,0
4970,-680,1103,0
5003,-576,1109,0
5010,-480,1114,0
5009,-419,1120,0
4985,-370,1118,0
4942,-367,1137,0
4889,-392,1162,0
4803,-429,1187,0
4709,-462,1189,0
4602,-520,1173,0
4490,-583,1154,0
4376,-620,1138,0
4254,-635,1138,0
4141,-660,1149,0
4021,-662,1155,0
3902,-664,1165,0
3785,-666,1174,0
3683,-686,1182,0
3604,-712,1201,0
3525,-721,1225,0
3470,-754,1257,0
3417,-783,1274,0
3356,-792,1285,0
3318,-815,1289,0
3282,-830,1278,0
3253,-830,1284,0
3233,-823,1289,0
3212,-798,1302,0
3187,-755,1314,0
3160,-715,1355,0
3140,-676,1414,0
3131,-639,1460,0
3115,-617,1511,0
3087,-591,1556,0
3057,-585,1593,0
3060,-595,1622,0
3041,-597,1647,0
3019,-599,1667,0
3020,-617,1687,0
3002,-624,1688,0
2993,-638,1687,0
2997,-640,1710,0
3014,-643,1766,0
2985,-600,1789,0
2957,-589,1802,0
2921,-575,1795,0
2841,-526,1805,0
2765,-492,1795,0
2684,-469,1766,0
2566,-424,1755,0
2460,-377,1739,0
2360,-370,1704,0
2289,-370,1673,0
2224,-402,1609,0
2156,-419,1541,0
2102,-400,1503,0
2094,-456,1484,0
2108,-495,1476,0
2141,-540,1479,0
2191,-575,1496,0
2268,-635,1500,0
2360,-717,1487,0
2487,-820,1456,0
2634,-945,1416,0
2823,-1074,1404,0
3044,-1194,1409,0
3295,-1292,1461,0
3565,-1370,1564,0
3824,-1411,1669,0
4067,-1446,1755,0
4282,-1476,1816,0
4506,-1490,1851,0
4710,-1487,1884,0
4899,-1448,1919,0
5065,-1403,1957,0
5206,-1325,1979,0
5307,-1232,1983,0
5365,-1132,1959,0
5387,-978,1958,0
5358,-794,1992,0
5289,-585,2031,0
5167,-357,2094,0
5015,-166,2152,0
4850,-11,2212,0
4651,131,2309,0
4491,217,2361,0
4321,284,2423,0
4147,346,2487,0
4002,362,2496,0
3863,340,2454,0
3747,301,2392,0
3632,261,2410,0
3548,233,2495,0
3513,192,2613,0
3517,114,2644,0
3539,-2,2640,0
3584,-165,2596,0
3634,-333,2487,0
3699,-507,2372,0
3766,-703,2228,0
3876,-925,2057,0
4001,-1202,1845,0
4156,-1480,1649,0
4385,-1764,1507,0
4671,-2051,1428,0
4977,-2308,1389,0
5259,-2550,1352,0
5535,-2744,1356,0
5778,-2866,1414,0
5963,-2898,1497,0
6052,-2861,1560,0
5981,-2793,1515,0
5741,-2708,1393,0
5331,-2609,1174,0
4843,-2496,960,0
4402,-2415,777,0
4060,-2323,644,0
3769,-2226,568,0
3535,-2136,537,0
3351,-2060,564,0
3205,-1992,575,0
3067,-1947,562,0
2948,-1924,531,0
2856,-1896,504,0
2755,-1853,460,0
2675,-1776,416,0
2603,-1681,356,0
2545,-1569,300,0
2495,-1449,254,0
2491,-1338,225,0
2503,-1224,213,0
2546,-1106,206,0
2636,-1003,208,0
2775,-937,235,0
2958,-881,283,0
3189,-858,331,0
3441,-858,374,0
3692,-877,426,0
3923,-901,472,0
4115,-938,522,0
4267,-990,568,0
4396,-1066,620,0
4469,-1163,654,0
4521,-1268,697,0
4527,-1364,721,0
4509,-1439,771,0
4453,-1488,831,0
4387,-1540,895,0
4318,-1581,984,0
4247,-1605,1056,0
4154,-1616,1111,0
4083,-1617,1175,0
3975,-1538,1208,0
3900,-1542,1280,0
3819,-1503,1275,0
3706,-1432,1248,0
3586,-1359,1209,0
3474,-1293,1164,0
3365,-1229,1115,0
3253,-1153,1063,0
3146,-1087,1017,0
3056,-1009,979,0
2984,-936,970,0
2940,-855,966,0
2899,-761,959,0
2872,-674,943,0
2875,-595,919,0
2900,-520,908,0
2951,-470,906,0
3026,-416,905,0
3088,-360,907,0
3176,-323,925,0
3257,-324,927,0
3343,-325,927,0
3436,-317,926,0
3520,-320,919,0
3589,-335,915,0
3660,-339,904,0
3717,-344,907,0
3741,-335,907,0
3773,-324,920,0
3775,-312,931,0
3780,-311,945,0
3772,-303,960,0
3772,-298,990,0
3775,-300,1005,0
3773,-284,1030,0
3770,-278,1055,0
3785,-264,1058,0
3784,-243,1075,0
3778,-216,1081,0
3761,-197,1085,0
3731,-197,1078,0
3710,-203,1076,0
3687,-208,1090,0
3674,-223,1119,0
3664,-229,1153,0
3660,-240,1169,0
3635,-262,1163,0
3632,-280,1164,0
3617,-293,1139,0
3597,-305,1106,0
3588,-302,1095,0
3582,-272,1086,0
3589,-250,1110,0
3598,-224,1117,0
3605,-218,1098,0
3625,-206,1068,0
3656,-206,1043,0
3695,-191,1036,0
3757,-180,1043,0
3844,-160,1073,0
3935,-142,1120,0
4025,-123,1167,0
4106,-137,1213,0
4191,-154,1253,0
4257,-187,1292,0
4318,-232,1329,0
4372,-289,1381,0
4405,-330,1449,0
4400,-299,1506,0
4421,-373,1600,0
4429,-459,1667,0
4432,-526,1711,0
4419,-597,1736,0
4406,-673,1744,0
4375,-735,1763,0
4352,-775,1761,0
4300,-802,1755,0
4254,-825,1737,0
4194,-838,1696,0
4119,-820,1697,0
4071,-797,1716,0
4004,-750,1731,0
3940,-713,1740,0
3886,-682,1725,0
3827,-677,1683,0
3770,-648,1583,0
3773,-688,1617,0
3788,-708,1646,0
3818,-741,1695,0
3888,-798,1797,0
3955,-887,1873,0
4031,-1014,1908,0
4080,-1161,1864,0
4105,-1296,1750,0
4131,-1424,1634,0
4174,-1497,1508,0
4235,-1523,1404,0
4320,-1487,1321,0
4429,-1414,1187,0
4534,-1324,1028,0
4650,-1208,877,0
4778,-1108,758,0
4868,-999,652,0
4940,-938,567,0
4955,-940,464,0
4921,-1038,334,0
4865,-1210,194,0
4793,-1393,38,0
4745,-1535,-93,0
4697,-1611,-189,0
4678,-1614,-252,0
4647,-1589,-302,0
4610,-1607,-418,0
4587,-1627,-455,0
4553,-1672,-479,0
4490,-1730,-493,0
4404,-1797,-499,0
4311,-1875,-504,0
4200,-1935,-515,0
4081,-1997,-556,0
3944,-2045,-616,0
3800,-2068,-655,0
3671,-2067,-647,0
3566,-2046,-577,0
3487,-2028,-489,0
3442,-2023,-313,0
3408,-1984,-105,0
3381,-1953,80,0
3369,-1963,255,0
3361,-2005,404,0
3361,-2054,549,0
3363,-2096,665,0
3388,-2152,734,0
3414,-2205,747,0
3452,-2247,744,0
3474,-2222,764,0
3519,-2130,800,0
3576,-2015,857,0
3613,-1874,878,0
3646,-1727,866,0
3677,-1556,833,0
3702,-1379,834,0
3746,-1180,862,0
3788,-979,928,0
3841,-790,979,0
3902,-640,1021,0
3967,-527,1035,0
4040,-447,1029,0
4102,-392,1030,0
4153,-356,1038,0
4204,-336,1054,0
4244,-346,1068,0
4268,-365,1076,0
4282,-406,1088,0
4266,-453,1091,0
4239,-513,1084,0
4202,-555,1072,0
4167,-591,1095,0
4115,-625,1115,0
4078,-662,1138,0
4013,-711,1154,0
3941,-748,1164,0
3860,-785,1155,0
3771,-819,1152,0
3680,-847,1158,0
3584,-854,1169,0
3490,-845,1166,0
3368,-820,1162,0
3263,-795,1162,0
3151,-754,1161,0
3034,-704,1144,0
2930,-655,1162,0
2832,-617,1202,0
2743,-570,1246,0
2655,-524,1300,0
2608,-507,1361,0
2566,-469,1433,0
2534,-455,1497,0
2514,-449,1567,0
2511,-480,1586,0
2505,-510,1609,0
2537,-569,1608,0
2539,-603,1637,0
2576,-641,1689,0
2615,-674,1770,0
2660,-702,1848,0
2704,-744,1891,0
2772,-782,1933,0
2886,-807,2025,0
2991,-826,2066,0
3069,-833,2089,0
3099,-780,2070,0
3085,-743,2021,0
3037,-713,1941,0
2951,-685,1836,0
2863,-623,1710,0
2783,-598,1607,0
2718,-562,1525,0
2674,-537,1487,0
2666,-508,1492,0
2675,-472,1512,0
2720,-470,1538,0
2777,-472,1542,0
2865,-490,1542,0
2967,-503,1535,0
3078,-534,1543,0
3218,-586,1529,0
3381,-626,1535,0
3532,-665,1571,0
3722,-713,1660,0
3918,-753,1786,0
4102,-777,1910,0
4309,-835,2001,0
4480,-841,2095,0
4662,-867,2158,0
4819,-930,2164,0
4931,-950,2167,0
5010,-895,2213,0
5062,-845,2243,0
5059,-716,2276,0
4991,-567,2301,0
4860,-388,2289,0
4679,-222,2286,0
4472,-67,2265,0
4268,69,2261,0
4081,188,2264,0
3896,283,2300,0
3737,333,2312,0
3588,384,2314,0
3455,407,2312,0
3350,415,2345,0
3281,419,2405,0
3235,357,2463,0
3192,270,2414,0
3181,69,2306,0
3234,-213,2130,0
3375,-565,2022,0
3609,-942,1927,0
3891,-1351,1821,0
4174,-1764,1679,0
4490,-2174,1561,0
4845,-2598,1426,0
5248,-2997,1294,0
5718,-3375,1186,0
6258,-3723,1149,0
6862,-3996,1165,0
7421,-4168,1188,0
7845,-4182,1270,0
8055,-4002,1404,0
7971,-3648,1496,0
7527,-3192,1496,0
6741,-2760,1261,0
5852,-2458,945,0
5113,-2203,758,0
4524,-1998,558,0
4060,-1879,466,0
3666,-1766,440,0
3314,-1642,457,0
3025,-1538,579,0
2776,-1423,716,0
2535,-1352,819,0
2301,-1313,876,0
2099,-1287,883,0
1927,-1297,877,0
1771,-1322,835,0
1647,-1331,739,0
1529,-1304,610,0
1439,-1233,472,0
1419,-1084,246,0
1390,-792,79,0
1364,-489,58,0
1404,-394,171,0
1568,-364,213,0
1793,-456,298,0
2104,-602,324,0
2468,-783,327,0
2896,-979,328,0
3299,-1144,365,0
3663,-1240,424,0
3966,-1281,500,0
4170,-1264,582,0
4328,-1258,674,0
4401,-1280,725,0
4430,-1336,754,0
4435,-1443,727,0
4419,-1541,703,0
4422,-1662,701,0
4422,-1769,743,0
4447,-1848,803,0
4500,-1924,858,0
4547,-1970,891,0
4578,-1985,908,0
4574,-1913,939,0
4599,-1916,934,0
4588,-1840,923,0
4553,-1740,914,0
4500,-1669,924,0
4414,-1606,922,0
4297,-1543,895,0
4174,-1496,902,0
4047,-1438,906,0
3918,-1368,915,0
3787,-1255,900,0
3683,-1134,897,0
3585,-991,929,0
3511,-849,972,0
3463,-742,1012,0
3415,-630,1058,0
3371,-529,1106,0
3322,-464,1125,0
3278,-432,1127,0
3229,-387,1106,0
3183,-367,1067,0
3146,-355,1017,0
3102,-358,953,0
3072,-371,907,0
3049,-388,879,0
3038,-392,883,0
3027,-401,892,0
3040,-448,906,0
3066,-498,926,0
3121,-539,939,0
3194,-586,950,0
3269,-608,968,0
3369,-640,978,0
3457,-662,956,0
3555,-667,948,0
3647,-665,927,0
3724,-653,929,0
3795,-625,929,0
3859,-591,933,0
3910,-546,968,0
3960,-534,997,0
3999,-524,1025,0
4030,-537,1054,0
4050,-552,1093,0
4050,-555,1131,0
4052,-572,1146,0
4045,-572,1126,0
4017,-578,1101,0
4007,-559,1083,0
3989,-539,1064,0
3957,-514,1064,0
3922,-506,1047,0
3878,-491,1047,0
3831,-474,1048,0
3800,-449,1060,0
3792,-421,1086,0
3794,-377,1117,0
3818,-354,1129,0
3846,-335,1161,0
3881,-314,1185,0
3900,-285,1200,0
3923,-275,1188,0
3912,-268,1160,0
3898,-257,1136,0
3883,-243,1135,0
3870,-223,1170,0
3868,-199,1224,0
3874,-149,1303,0
3917,-126,1422,0
3963,-111,1536,0
4007,-110,1614,0
4031,-117,1670,0
4033,-116,1704,0
4047,-199,1686,0
4040,-285,1657,0
4034,-374,1645,0
4044,-449,1659,0
4065,-512,1690,0
4070,-547,1761,0
4049,-564,1808,0
4008,-557,1839,0
3934,-558,1814,0
3848,-529,1768,0
3748,-497,1714,0
3658,-428,1669,0
3574,-340,1615,0
3523,-233,1591,0
3500,-117,1605,0
3504,-35,1627,0
3553,3,1638,0
3611,12,1640,0
3701,-3,1628,0
3814,-26,1614,0
3929,-68,1609,0
4052,-99,1613,0
4139,-137,1653,0
4241,-214,1691,0
4314,-310,1711,0
4370,-391,1734,0
4437,-500,1788,0
4494,-614,1838,0
4537,-722,1828,0
4579,-848,1782,0
4599,-975,1687,0
4638,-1098,1566,0
4678,-1188,1473,0
4723,-1251,1361,0
4746,-1297,1257,0
4755,-1300,1161,0
4762,-1328,1152,0
4736,-1320,1077,0
4674,-1325,956,0
4600,-1360,767,0
4543,-1451,528,0
4511,-1553,370,0
4519,-1608,342,0
4570,-1613,425,0
4625,-1561,536,0
4593,-1530,408,0
4479,-1539,202,0
4320,-1554,9,0
4149,-1544,-154,0
3995,-1522,-240,0
3835,-1496,-272,0
3688,-1477,-271,0
3533,-1450,-230,0
3382,-1417,-177,0
3236,-1403,-89,0
3097,-1391,-12,0
2946,-1382,9,0
2836,-1422,-3,0
2746,-1465,21,0
2705,-1526,90,0
2699,-1585,200,0
2739,-1647,301,0
2806,-1709,410,0
2902,-1768,504,0
3033,-1814,634,0
3201,-1871,787,0
3389,-1929,944,0
3580,-1985,1045,0
3745,-2078,1077,0
3863,-2129,1046,0
3994,-2152,1050,0
4101,-2117,1074,0
4199,-2026,1090,0
4279,-1887,1078,0
4333,-1691,1053,0
4384,-1494,1047,0
4431,-1298,1059,0
4476,-1102,1055,0
4511,-929,1080,0
4552,-781,1101,0
4591,-664,1134,0
4632,-615,1158,0
4667,-626,1165,0
4679,-656,1158,0
4692,-715,1150,0
4700,-777,1140,0
4685,-832,1148,0
4663,-874,1154,0
4616,-913,1143,0
4545,-936,1120,0
4449,-945,1127,0
4328,-951,1150,0
4200,-938,1178,0
4085,-938,1214,0
3974,-922,1235,0
3871,-894,1263,0
3785,-886,1292,0
3701,-889,1309,0
3624,-899,1310,0
3549,-912,1308,0
3470,-918,1321,0
3403,-937,1344,0
3318,-876,1365,0
3258,-853,1375,0
3201,-794,1400,0
3148,-732,1420,0
3114,-681,1444,0
3058,-616,1472,0
3013,-568,1473,0
2985,-524,1467,0
2945,-486,1485,0
2905,-449,1508,0
2863,-443,1536,0
2829,-451,1543,0
2808,-472,1544,0
2803,-526,1526,0
2791,-569,1479,0
2798,-629,1469,0
2811,-685,1473,0
2834,-727,1481,0
2864,-753,1540,0
2894,-764,1598,0
2904,-772,1632,0
2876,-770,1649,0
2828,-767,1647,0
2768,-760,1627,0
2709,-756,1578,0
2635,-749,1529,0
2572,-744,1513,0
2510,-722,1484,0
2455,-701,1458,0
2419,-702,1421,0
2395,-699,1394,0
2363,-691,1368,0
2356,-694,1364,0
2381,-704,1376,0
2408,-728,1383,0
2448,-759,1388,0
2511,-811,1400,0
2603,-877,1416,0
2697,-945,1430,0
2820,-997,1463,0
2965,-1046,1499,0
3125,-1094,1546,0
3292,-1136,1573,0
3474,-1184,1581,0
3672,-1214,1605,0
3852,-1228,1654,0
4047,-1232,1745,0
4215,-1230,1809,0
4412,-1233,1868,0
4558,-1195,1942,0
4693,-1138,2017,0
4810,-1071,2092,0
4878,-967,2165,0
4915,-866,2202,0
4923,-747,2218,0
4906,-639,2231,0
4839,-509,2234,0
4773,-380,2246,0
4672,-237,2265,0
4560,-89,2280,0
4448,11,2306,0
4311,132,2351,0
4201,151,2307,0
4077,158,2240,0
3950,135,2196,0
3822,103,2211,0
3713,83,2237,0
3631,3,2239,0
3562,-111,2219,0
3556,-296,2164,0
3593,-512,2090,0
3701,-729,2029,0
3874,-990,1936,0
4080,-1261,1810,0
4291,-1538,1655,0
4522,-1816,1465,0
4762,-2117,1276,0
5019,-2420,1124,0
5317,-2715,1046,0
5621,-2974,1020,0
5947,-3189,1053,0
6245,-3297,1174,0
6476,-3254,1394,0
6586,-3100,1627,0
6488,-2909,1710,0
6147,-2739,1583,0
5565,-2596,1285,0
4941,-2466,1010,0
4404,-2345,841,0
4001,-2228,749,0
3665,-2149,676,0
3387,-2065,630,0
3150,-1968,607,0
2932,-1876,595,0
2762,-1779,574,0
2606,-1720,545,0
2458,-1663,497,0
2324,-1604,428,0
2227,-1554,345,0
2129,-1487,258,0
2073,-1433,164,0
2053,-1371,56,0
2061,-1291,-11,0
2117,-1189,-69,0
2216,-1095,-95,0
2367,-988,-64,0
2571,-892,-1,0
2811,-820,69,0
3078,-768,153,0
3368,-762,231,0
3660,-769,284,0
3939,-798,316,0
4208,-852,334,0
4470,-887,352,0
4680,-937,388,0
4845,-990,423,0
4960,-1092,447,0
5022,-1206,460,0
5009,-1328,476,0
4948,-1440,513,0
4844,-1504,582,0
4726,-1557,666,0
4621,-1621,754,0
4532,-1664,852,0
4442,-1649,943,0
4372,-1624,1040,0
4287,-1520,1122,0
4238,-1461,1212,0
4200,-1388,1219,0
4130,-1268,1215,0
4072,-1148,1237,0
3980,-1052,1241,0
3880,-959,1209,0
3782,-866,1172,0
3662,-763,1137,0
3574,-682,1128,0
3470,-612,1115,0
3383,-547,1098,0
3300,-505,1078,0
3219,-458,1055,0
3181,-416,1040,0
3152,-377,1016,0
3147,-340,996,0
3154,-334,975,0
3156,-337,936,0
3178,-374,890,0
3206,-423,861,0
3240,-467,840,0
3294,-533,818,0
3357,-606,798,0
3421,-665,795,0
3494,-712,804,0
3570,-744,820,0
3649,-772,853,0
3751,-808,883,0
3838,-821,906,0
3910,-856,931,0
3967,-871,948,0
4009,-881,934,0
4032,-887,943,0
4040,-895,933,0
4040,-894,932,0
4036,-890,938,0
4014,-866,936,0
3996,-829,928,0
3975,-796,909,0
3952,-747,882,0
3945,-691,861,0
3935,-617,866,0
3913,-553,886,0
3897,-491,931,0
3857,-417,940,0
3798,-365,934,0
3750,-334,946,0
3681,-297,923,0
3627,-284,913,0
3568,-237,883,0
3540,-194,900,0
3533,-177,943,0
3534,-166,965,0
3536,-144,954,0
3575,-190,998,0
3611,-183,978,0
3639,-157,964,0
3679,-172,988,0
3736,-187,997,0
3776,-184,1031,0
3823,-194,1083,0
3846,-196,1147,0
3880,-191,1195,0
3906,-205,1219,0
3935,-222,1240,0
3967,-260,1228,0
3998,-311,1216,0
4048,-359,1188,0
4101,-409,1178,0
4158,-423,1179,0
4218,-422,1203,0
4275,-387,1226,0
4330,-382,1234,0
4362,-343,1243,0
4383,-335,1254,0
4388,-320,1282,0
4365,-304,1319,0
4334,-302,1335,0
4288,-308,1358,0
4233,-315,1348,0
4179,-360,1324,0
4125,-384,1274,0
4086,-412,1230,0
4039,-396,1208,0
4034,-363,1208,0
4040,-310,1218,0
4066,-259,1220,0
4094,-208,1230,0
4114,-202,1257,0
4191,-221,1262,0
4270,-259,1282,0
4332,-303,1373,0
4418,-427,1441,0
4481,-579,1488,0
4548,-785,1475,0
4592,-992,1426,0
4606,-1195,1374,0
4611,-1363,1341,0
4616,-1565,1283,0
4629,-1751,1198,0
4643,-1920,1109,0
4645,-2052,1038,0
4650,-2167,978,0
4620,-2261,994,0
4561,-2342,1002,0
4443,-2429,954,0
4278,-2491,815,0
4089,-2538,696,0
3926,-2530,523,0
3826,-2445,341,0
3882,-2290,421,0
4004,-2054,516,0
4031,-1831,410,0
4009,-1627,318,0
3958,-1460,187,0
3856,-1347,40,0
3733,-1281,-14,0
3555,-1209,-64,0
3327,-1152,-110,0
3072,-1069,-61,0
2818,-961,73,0
2583,-852,293,0
2385,-780,499,0
2216,-776,666,0
2106,-860,778,0
2035,-1025,878,0
2018,-1245,960,0
2050,-1493,1043,0
2129,-1737,1141,0
2260,-1916,1258,0
2429,-2035,1401,0
2651,-2090,1560,0
2896,-2114,1712,0
3146,-2147,1820,0
3364,-2200,1874,0
3570,-2230,1886,0
3761,-2230,1865,0
3931,-2162,1791,0
4097,-2030,1667,0
4282,-1830,1577,0
4487,-1546,1568,0
4703,-1170,1640,0
4884,-778,1724,0
4999,-436,1699,0
5059,-168,1593,0
5110,22,1475,0
5156,180,1392,0
5193,311,1363,0
5225,368,1374,0
5240,350,1414,0
5223,259,1449,0
5177,119,1448,0
5065,-16,1384,0
4905,-141,1317,0
4696,-233,1255,0
4476,-305,1198,0
4251,-355,1163,0
4041,-395,1158,0
3820,-447,1179,0
3629,-520,1243,0
3476,-624,1324,0
3370,-737,1434,0
3311,-843,1514,0
3256,-957,1553,0
3202,-1026,1566,0
3153,-1037,1586,0
3110,-1031,1616,0
3079,-1011,1651,0
3054,-982,1688,0
3035,-960,1700,0
3028,-940,1709,0
3019,-913,1698,0
3016,-889,1702,0
3006,-861,1716,0
2990,-851,1723,0
2986,-832,1722,0
2965,-810,1738,0
2960,-822,1763,0
2970,-835,1779,0
2946,-836,1786,0
2944,-853,1802,0
2946,-876,1819,0
2944,-913,1814,0
2946,-963,1813,0
2957,-992,1828,0
2983,-1038,1855,0
2999,-1089,1848,0
3001,-1121,1832,0
2983,-1163,1784,0
2955,-1188,1742,0
2923,-1208,1702,0
2902,-1211,1667,0
2880,-1190,1632,0
2887,-1177,1605,0
2899,-1164,1549,0
2923,-1153,1497,0
2952,-1118,1459,0
3000,-1073,1459,0
3051,-987,1504,0
3097,-905,1551,0
3113,-828,1549,0
3142,-756,1525,0
3160,-696,1491,0
3167,-648,1467,0
3200,-592,1470,0
3237,-550,1509,0
3281,-494,1553,0
3349,-453,1607,0
3422,-452,1668,0
3486,-485,1714,0
3544,-530,1770,0
3620,-577,1819,0
3691,-618,1857,0
3764,-647,1918,0
3833,-672,1981,0
3911,-676,2050,0
3982,-682,2095,0
4034,-675,2126,0
4074,-682,2124,0
4089,-702,2090,0
4077,-703,2081,0
4030,-687,2080,0
3982,-683,2084,0
3905,-657,2108,0
3814,-627,2135,0
3741,-598,2154,0
3669,-567,2168,0
3605,-547,2202,0
3532,-520,2238,0
3466,-476,2277,0
3441,-508,2278,0
3367,-548,2245,0
3310,-631,2184,0
3245,-666,2151,0
3231,-753,2164,0
3230,-823,2206,0
3230,-912,2256,0
3245,-1039,2244,0
3267,-1187,2172,0
3318,-1338,2082,0
3376,-1447,2029,0
3515,-1573,2012,0
3658,-1713,1965,0
3782,-1863,1875,0
3879,-2041,1735,0
3980,-2228,1556,0
4089,-2409,1415,0
4238,-2558,1365,0
4465,-2659,1418,0
4717,-2735,1496,0
4962,-2804,1590,0
5177,-2827,1713,0
5381,-2806,1738,0
5501,-2703,1792,0
5553,-2705,1780,0
5505,-2641,1710,0
5335,-2568,1530,0
5081,-2543,1391,0
4834,-2452,1287,0
4634,-2276,1297,0
4498,-2154,1375,0
4404,-2081,1347,0
4327,-2009,1223,0
4245,-1900,1113,0
4150,-1790,1045,0
4069,-1687,1004,0
3928,-1594,919,0
3817,-1516,822,0
3702,-1425,736,0
3610,-1377,662,0
3524,-1314,614,0
3462,-1266,564,0
3420,-1198,517,0
3397,-1097,497,0
3356,-956,499,0
3310,-794,491,0
3252,-618,455,0
3178,-475,395,0
3149,-347,340,0
3133,-206,275,0
3139,-63,245,0
3202,9,221,0
3304,53,218,0
3418,58,211,0
3579,7,189,0
3767,-51,206,0
3978,-95,272,0
4163,-109,356,0
4337,-92,444,0
4493,-78,549,0
4608,-103,666,0
4678,-138,759,0
4703,-222,828,0
4685,-347,856,0
4622,-484,865,0
4534,-614,858,0
4434,-739,873,0
4309,-846,892,0
4204,-929,936,0
4103,-992,995,0
4016,-1047,1070,0
3937,-1103,1135,0
3849,-1159,1206,0
3785,-1211,1246,0
3711,-1264,1276,0
3639,-1282,1306,0
3563,-1267,1329,0
3484,-1268,1347,0
3410,-1254,1358,0
3323,-1202,1331,0
3258,-1187,1283,0
3188,-1126,1259,0
3131,-1063,1232,0
3066,-974,1204,0
3019,-883,1163,0
2988,-794,1128,0
2956,-722,1092,0
2940,-642,1066,0
2935,-579,1032,0
2938,-512,1039,0
2952,-459,1059,0
2974,-415,1076,0
2992,-383,1078,0
3024,-371,1064,0
3038,-377,1033,0
3055,-389,986,0
3056,-412,975,0
3096,-404,957,0
3139,-398,934,0
3186,-385,933,0
3235,-351,949,0
3307,-327,980,0
3403,-319,1017,0
3481,-279,1069,0
3579,-247,1120,0
3657,-198,1168,0
3720,-138,1228,0
3786,-72,1258,0
3839,-14,1257,0
3885,30,1228,0
3952,75,1170,0
4005,133,1141,0
4049,180,1110,0
4081,244,1084,0
4106,294,1069,0
4118,360,1091,0
4133,428,1117,0
4141,491,1188,0
4138,498,1166,0
4147,509,1252,0
4169,473,1324,0
4158,428,1349,0
4134,376,1379,0
4103,327,1406,0
4076,263,1416,0
4026,207,1429,0
3980,161,1431,0
3936,114,1428,0
3909,54,1433,0
3904,-8,1442,0
3911,-62,1450,0
3893,-126,1465,0
3895,-201,1480,0
3882,-270,1480,0
3883,-322,1472,0
3876,-383,1454,0
3887,-417,1439,0
3884,-443,1434,0
3907,-465,1432,0
3926,-466,1465,0
3941,-456,1485,0
3965,-471,1480,0
3992,-495,1460,0
4019,-510,1440,0
4040,-511,1398,0
4071,-530,1359,0
4089,-528,1341,0
4101,-520,1369,0
4106,-508,1412,0
4111,-497,1449,0
4113,-430,1479,0
4133,-366,1498,0
4172,-282,1498,0
4213,-176,1364,0
4259,-199,1390,0
4314,-168,1373,0
4345,-148,1367,0
4393,-175,1393,0
4433,-283,1433,0
4458,-419,1383,0
4464,-558,1302,0
4483,-684,1247,0
4513,-760,1192,0
4550,-795,1129,0
4595,-792,1094,0
4646,-748,1040,0
4678,-701,965,0
4709,-610,912,0
4729,-512,825,0
4746,-410,738,0
4760,-290,659,0
4771,-182,602,0
4784,-131,574,0
4776,-153,550,0
4766,-270,533,0
4749,-470,530,0
4783,-674,547,0
4829,-831,576,0
4939,-1017,608,0
5047,-1190,579,0
5154,-1356,496,0
5281,-1594,439,0
5350,-1799,313,0
5359,-1966,152,0
5299,-2072,10,0
5180,-2137,-128,0
4995,-2151,-236,0
4796,-2116,-209,0
4611,-2045,-147,0
4402,-1961,-160,0
4196,-1901,-202,0
4027,-1863,-190,0
3833,-1807,-189,0
3619,-1753,-235,0
3404,-1691,-299,0
3195,-1614,-349,0
2989,-1521,-368,0
2805,-1452,-357,0
2660,-1409,-331,0
2536,-1362,-298,0
2453,-1359,-255,0
2409,-1378,-194,0
2388,-1411,-118,0
2413,-1470,-17,0
2455,-1543,72,0
2549,-1626,159,0
2682,-1753,264,0
2840,-1850,362,0
2966,-1848,440,0
3080,-1812,512,0
3194,-1802,593,0
3301,-1810,667,0
3383,-1841,704,0
3470,-1882,714,0
3554,-1911,730,0
3648,-1929,778,0
3737,-1933,808,0
3835,-1901,849,0
3949,-1848,878,0
4069,-1767,895,0
4179,-1667,931,0
4308,-1559,968,0
4441,-1434,981,0
4567,-1308,994,0
4671,-1178,993,0
4756,-1040,984,0
4818,-941,978,0
4857,-845,969,0
4857,-777,957,0
4839,-713,941,0
4804,-689,928,0
4737,-678,922,0
4663,-674,916,0
4561,-661,923,0
4458,-633,939,0
4349,-598,964,0
4238,-563,994,0
4121,-523,1040,0
4031,-478,1075,0
3921,-451,1107,0
3824,-416,1132,0
3744,-388,1175,0
3675,-365,1219,0
3624,-351,1248,0
3588,-338,1265,0
3546,-336,1279,0
3519,-319,1297,0
3503,-309,1310,0
3487,-282,1309,0
3491,-254,1310,0
3483,-244,1298,0
3479,-232,1261,0
3477,-243,1188,0
3470,-270,1138,0
3462,-270,1098,0
3454,-256,1134,0
3454,-246,1189,0
3449,-256,1256,0
3431,-257,1302,0
3412,-283,1333,0
3376,-299,1378,0
3342,-326,1427,0
3307,-337,1480,0
3242,-348,1548,0
3193,-362,1606,0
3133,-367,1671,0
3052,-376,1738,0
2991,-391,1773,0
2942,-421,1784,0
2885,-461,1793,0
2824,-495,1785,0
2778,-538,1749,0
2700,-577,1707,0
2635,-619,1646,0
2578,-643,1597,0
2530,-667,1558,0
2522,-698,1515,0
2544,-744,1488,0
2596,-815,1447,0
2670,-877,1400,0
2770,-926,1340,0
2878,-972,1298,0
3001,-999,1267,0
3112,-1020,1227,0
3209,-1030,1159,0
3279,-1048,1105,0
3326,-1065,1069,0
3344,-1061,1088,0
3369,-1039,1178,0
3424,-1017,1310,0
3490,-1015,1477,0
3585,-1024,1639,0
3688,-1043,1804,0
3815,-1077,1962,0
3961,-1103,2102,0
4093,-1146,2220,0
4224,-1179,2317,0
4325,-1196,2382,0
4422,-1213,2431,0
4481,-1196,2465,0
4501,-1156,2502,0
4473,-1052,2532,0
4430,-945,2542,0
4337,-787,2584,0
4223,-621,2606,0
4106,-481,2631,0
3988,-318,2680,0
3857,-173,2735,0
3732,-6,2732,0
3619,116,2760,0
3494,270,2776,0
3414,329,2742,0
3330,393,2701,0
3258,420,2645,0
3210,421,2629,0
3169,387,2653,0
3155,308,2650,0
3178,170,2617,0
3251,-19,2507,0
3405,-284,2368,0
3647,-589,2226,0
3965,-957,2079,0
4329,-1434,1957,0
4749,-1913,1821,0
5188,-2430,1684,0
5611,-2849,1591,0
5984,-3164,1530,0
6256,-3342,1527,0
6407,-3365,1542,0
6408,-3151,1617,0
6310,-2753,1787,0
6131,-2283,1970,0
5872,-1840,2095,0
5539,-1469,2072,0
5156,-1221,1937,0
4792,-1071,1743,0
4462,-984,1531,0
4165,-997,1339,0
3889,-1013,1130,0
3614,-990,975,0
3419,-936,888,0
3333,-923,992,0
3333,-850,1098,0
3358,-758,1238,0
3411,-753,1312,0
3405,-721,1292,0
3383,-711,1204,0
3386,-782,1094,0
3366,-812,993,0
3369,-802,933,0
3385,-782,859,0
3354,-751,760,0
3316,-713,647,0
3256,-652,549,0
3202,-583,472,0
3150,-496,428,0
3118,-433,413,0
3129,-385,396,0
3175,-330,388,0
3245,-272,407,0
3320,-222,406,0
3376,-201,375,0
3404,-184,350,0
3425,-193,337,0
3437,-242,320,0
3450,-342,307,0
3460,-434,310,0
3476,-557,311,0
3506,-671,330,0
3543,-776,386,0
3597,-878,473,0
3656,-974,564,0
3718,-1077,650,0
3784,-1161,741,0
3847,-1237,849,0
3883,-1305,951,0
3876,-1347,1044,0
3861,-1415,1122,0
3806,-1462,1166,0
3744,-1504,1200,0
3693,-1523,1229,0
3650,-1507,1256,0
3627,-1461,1276,0
3609,-1411,1316,0
3593,-1322,1327,0
3569,-1251,1344,0
3545,-1203,1355,0
3489,-1166,1356,0
3414,-1166,1337,0
3339,-1177,1301,0
3275,-1197,1275,0
3213,-1194,1249,0
3159,-1174,1233,0
3134,-1114,1220,0
3113,-1051,1196,0
3096,-986,1183,0
3086,-912,1170,0
3084,-841,1155,0
3086,-792,1133,0
3092,-746,1099,0
3103,-697,1053,0
3111,-665,1004,0
3125,-620,954,0
3150,-598,915,0
3188,-560,868,0
3225,-518,847,0
3290,-484,836,0
3360,-449,832,0
3434,-444,835,0
3494,-427,830,0
3542,-406,828,0
3580,-407,819,0
3619,-401,810,0
3639,-391,799,0
3651,-392,789,0
3659,-386,765,0
3667,-390,758,0
3668,-391,752,0
3675,-383,762,0
3679,-380,789,0
3685,-400,809,0
3686,-407,849,0
3694,-397,897,0
3719,-410,948,0
3745,-433,962,0
3780,-471,965,0
3811,-497,981,0
3840,-516,1008,0
3877,-544,1048,0
3893,-574,1043,0
3895,-602,1065,0
3880,-629,1102,0
3849,-643,1129,0
3815,-661,1161,0
3776,-670,1162,0
3750,-685,1153,0
3739,-692,1122,0
3745,-708,1097,0
3778,-724,1091,0
3824,-733,1111,0
3896,-758,1141,0
3968,-779,1151,0
4052,-819,1177,0
4106,-860,1195,0
4167,-868,1238,0
4245,-939,1325,0
4298,-982,1411,0
4333,-1012,1497,0
4360,-1049,1552,0
4375,-1084,1590,0
4368,-1111,1610,0
4355,-1128,1620,0
4327,-1140,1647,0
4286,-1148,1615,0
4224,-1134,1550,0
4168,-1099,1474,0
4101,-1003,1426,0
4047,-814,1297,0
4007,-724,1368,0
3989,-556,1404,0
3972,-385,1460,0
3958,-218,1515,0
3927,-67,1536,0
3897,47,1505,0
3867,142,1471,0
3830,218,1486,0
3823,253,1568,0
3853,217,1661,0
3899,98,1711,0
3961,-87,1682,0
4033,-321,1608,0
4098,-532,1538,0
4174,-712,1442,0
4280,-837,1334,0
4398,-883,1255,0
4516,-870,1195,0
4668,-814,1177,0
4814,-720,1186,0
4945,-611,1141,0
5013,-521,1033,0
5052,-448,904,0
5063,-394,826,0
5064,-383,784,0
5125,-395,773,0
5146,-411,771,0
5161,-464,706,0
5184,-517,563,0
5153,-599,411,0
5056,-709,230,0
4970,-861,2,0
4854,-1006,-163,0
4731,-1136,-286,0
4640,-1254,-320,0
4512,-1352,-341,0
4393,-1450,-387,0
4284,-1524,-363,0
4209,-1592,-272,0
4161,-1640,-70,0
4103,-1683,56,0
4012,-1747,-42,0
3845,-1802,-257,0
3658,-1834,-439,0
3489,-1821,-522,0
3346,-1777,-518,0
3212,-1700,-435,0
3101,-1620,-321,0
2979,-1563,-203,0
2906,-1517,-108,0
2882,-1492,-70,0
2883,-1478,-60,0
2924,-1480,-21,0
3012,-1507,62,0
3127,-1527,176,0
3257,-1554,319,0
3398,-1555,435,0
3549,-1555,538,0
3722,-1536,703,0
3880,-1510,760,0
4045,-1491,773,0
4147,-1472,760,0
4236,-1467,704,0
4303,-1438,663,0
4366,-1395,695,0
4429,-1348,761,0
4492,-1331,815,0
4534,-1316,847,0
4553,-1307,873,0
4552,-1285,876,0
4533,-1263,873,0
4504,-1224,888,0
4463,-1169,907,0
4387,-1115,916,0
4290,-1065,941,0
4181,-1030,958,0
4096,-985,981,0
4004,-948,1007,0
3921,-921,1031,0
3829,-911,1057,0
3760,-904,1078,0
3702,-882,1124,0
3659,-878,1144,0
3626,-869,1180,0
3620,-875,1206,0
3626,-863,1231,0
3657,-846,1262,0
3708,-836,1316,0
3758,-801,1363,0
3819,-748,1411,0
3878,-696,1448,0
3938,-646,1458,0
3997,-606,1466,0
4043,-558,1471,0
4075,-523,1487,0
4094,-483,1501,0
4100,-456,1520,0
4096,-401,1550,0
4072,-340,1585,0
4045,-294,1607,0
4016,-255,1612,0
3942,-206,1633,0
3859,-153,1647,0
3784,-142,1622,0
3685,-138,1578,0
3548,-122,1582,0
3415,-95,1560,0
3283,-108,1547,0
3149,-93,1536,0
3033,-91,1540,0
2885,-49,1573,0
2786,-30,1597,0
2705,-24,1638,0
2621,-3,1688,0
2547,28,1752,0
2477,73,1817,0
2429,102,1861,0
2390,128,1859,0
2353,145,1819,0
2284,157,1771,0
2223,173,1691,0
2159,128,1596,0
2107,37,1486,0
2059,-77,1384,0
2033,-214,1339,0
2027,-376,1337,0
2057,-534,1385,0
2122,-655,1487,0
2238,-785,1583,0
2396,-921,1647,0
2587,-1042,1691,0
2790,-1166,1733,0
3005,-1266,1779,0
3215,-1334,1845,0
3416,-1358,1920,0
3610,-1349,2029,0
3778,-1305,2121,0
3940,-1261,2204,0
4090,-1220,2263,0
4227,-1171,2299,0
4386,-1142,2306,0
4530,-1091,2296,0
4662,-1041,2294,0
4770,-973,2282,0
4843,-909,2284,0
4854,-803,2316,0
4806,-675,2362,0
4714,-541,2394,0
4587,-407,2451,0
4423,-248,2532,0
4264,-112,2616,0
4110,18,2694,0
3981,107,2722,0
3832,137,2680,0
3669,129,2620,0
3475,125,2579,0
3289,78,2544,0
3109,8,2492,0
2996,-122,2399,0
2921,-276,2294,0
2936,-430,2254,0
3088,-597,2249,0
3346,-785,2253,0
3674,-981,2233,0
4029,-1223,2136,0
4400,-1506,2027,0
4795,-1816,1897,0
5180,-2132,1772,0
5582,-2496,1631,0
5985,-2861,1500,0
6395,-3213,1420,0
6780,-3471,1394,0
7102,-3600,1431,0
7325,-3570,1531,0
7399,-3376,1659,0
7277,-3059,1780,0
6860,-2683,1749,0
6147,-2387,1521,0
5459,-2186,1335,0
4885,-2027,1245,0
4399,-1892,1174,0
3986,-1733,1130,0
3603,-1560,1119,0
3262,-1381,1131,0
2959,-1231,1147,0
2675,-1114,1135,0
2415,-1027,1089,0
2186,-934,1015,0
2001,-854,964,0
1828,-784,909,0
1690,-734,857,0
1573,-712,768,0
1500,-719,667,0
1461,-734,565,0
1452,-737,457,0
1499,-755,362,0
1607,-760,288,0
1764,-726,261,0
1978,-676,263,0
2246,-614,313,0
2554,-522,371,0
2908,-441,447,0
3279,-390,531,0
3623,-354,578,0
3938,-362,614,0
4176,-382,625,0
4402,-434,620,0
4554,-505,600,0
4658,-589,567,0
4720,-667,557,0
4726,-737,555,0
4695,-762,573,0
4619,-775,611,0
4536,-794,654,0
4463,-851,701,0
4391,-924,761,0
4340,-1021,850,0
4298,-1060,935,0
4291,-1158,1054,0
4281,-1272,1128,0
