accelerometer_x,accelerometer_y,accelerometer_z,fall
3610,-950,1229,0
3597,-954,1193,0
3585,-964,1172,0
3581,-964,1168,0
3573,-959,1174,0
3568,-943,1177,0
3564,-924,1178,0
3561,-912,1179,0
3566,-907,1191,0
3575,-897,1209,0
3587,-890,1225,0
3598,-884,1231,0
3602,-885,1230,0
3605,-889,1223,0
3610,-888,1216,0
3608,-874,1222,0
3599,-850,1228,0
3590,-824,1240,0
3579,-790,1259,0
3562,-749,1277,0
3557,-700,1316,0
3562,-666,1362,0
3570,-638,1393,0
3577,-607,1381,0
3596,-585,1350,0
3622,-573,1329,0
3668,-577,1329,0
3716,-573,1326,0
3762,-568,1306,0
3791,-560,1270,0
3811,-557,1240,0
3830,-557,1225,0
3845,-557,1222,0
3867,-564,1234,0
3887,-571,1242,0
3897,-578,1232,0
3900,-582,1216,0
3894,-583,1213,0
3894,-591,1214,0
3906,-614,1208,0
3941,-655,1195,0
4013,-708,1183,0
4118,-768,1174,0
4263,-822,1175,0
4424,-866,1183,0
4577,-896,1177,0
4694,-920,1137,0
4779,-942,1078,0
4818,-961,1009,0
4811,-967,944,0
4759,-962,908,0
4671,-946,903,0
4552,-914,918,0
4409,-880,941,0
4250,-851,943,0
4071,-822,946,0
3878,-796,949,0
3682,-764,953,0
3495,-742,946,0
3324,-722,959,0
3167,-689,987,0
3046,-655,1038,0
2952,-616,1100,0
2891,-583,1147,0
2857,-560,1174,0
2854,-550,1184,0
2875,-542,1183,0
2935,-546,1169,0
3029,-552,1158,0
3146,-555,1152,0
3272,-558,1142,0
3410,-560,1130,0
3546,-555,1117,0
3669,-548,1104,0
3785,-543,1092,0
3882,-538,1071,0
3964,-534,1046,0
4032,-525,1031,0
4075,-518,1014,0
4112,-516,995,0
4134,-510,984,0
4139,-512,975,0
4131,-515,962,0
4118,-520,951,0
4109,-537,942,0
4104,-562,938,0
4096,-591,947,0
4090,-617,969,0
4086,-645,985,0
4080,-676,996,0
4074,-708,998,0
4060,-738,993,0
4046,-774,983,0
4031,-812,971,0
4017,-854,966,0
4005,-888,966,0
3992,-917,960,0
3986,-943,961,0
3979,-967,959,0
3970,-977,965,0
3963,-979,972,0
3957,-976,968,0
3938,-957,958,0
3917,-924,955,0
3904,-897,976,0
3887,-883,1012,0
3859,-892,1041,0
3822,-910,1051,0
3784,-914,1051,0
3751,-876,1063,0
3731,-802,1064,0
3723,-715,1059,0
3718,-640,1059,0
3722,-576,1061,0
3733,-530,1058,0
3744,-493,1062,0
3756,-459,1071,0
3770,-430,1077,0
3786,-409,1067,0
3806,-384,1066,0
3832,-358,1076,0
3861,-345,1079,0
3884,-339,1071,0
3909,-347,1066,0
3932,-363,1054,0
3946,-386,1041,0
3958,-409,1020,0
3966,-439,1001,0
3969,-475,985,0
3967,-515,977,0
3971,-551,969,0
3977,-588,970,0
3977,-621,981,0
3979,-653,987,0
3978,-691,992,0
3965,-729,987,0
3952,-766,982,0
3933,-799,980,0
3913,-831,982,0
3895,-865,985,0
3875,-893,980,0
3858,-910,974,0
3839,-922,966,0
3825,-932,963,0
3816,-938,965,0
3813,-938,966,0
3808,-936,969,0
3805,-930,972,0
3799,-923,974,0
3799,-915,980,0
3793,-902,985,0
3788,-891,983,0
3792,-883,985,0
3794,-875,979,0
3802,-865,972,0
3811,-855,971,0
3826,-844,976,0
3839,-830,979,0
3856,-819,981,0
3876,-805,984,0
3885,-786,989,0
3897,-761,995,0
3905,-738,999,0
3907,-720,998,0
3906,-699,1000,0
3904,-681,1008,0
3902,-660,1020,0
3898,-648,1038,0
3892,-631,1054,0
3891,-619,1068,0
3887,-606,1073,0
3886,-594,1078,0
3883,-582,1092,0
3871,-577,1097,0
3862,-574,1096,0
3854,-566,1095,0
3844,-561,1094,0
3832,-556,1083,0
3819,-553,1071,0
3811,-554,1056,0
3807,-551,1042,0
3804,-551,1033,0
3800,-555,1023,0
3801,-559,1018,0
3806,-566,1015,0
3811,-574,1016,0
3820,-586,1014,0
3825,-606,1009,0
3835,-629,1003,0
3848,-652,1006,0
3864,-666,1014,0
3872,-679,1019,0
3879,-690,1017,0
3875,-706,1009,0
3870,-718,999,0
3871,-731,996,0
3876,-734,996,0
3872,-736,998,0
3874,-737,995,0
3874,-737,994,0
3869,-738,993,0
3865,-742,989,0
3862,-738,989,0
3864,-737,993,0
3866,-735,997,0
3868,-733,1003,0
3871,-732,1010,0
3869,-725,1018,0
3870,-717,1024,0
3867,-716,1027,0
3858,-710,1032,0
3849,-704,1035,0
3847,-701,1040,0
3841,-698,1047,0
3834,-697,1050,0
3829,-697,1050,0
3829,-694,1050,0
3836,-694,1052,0
3845,-695,1059,0
3860,-697,1068,0
3869,-695,1069,0
3877,-692,1072,0
3879,-686,1068,0
3874,-681,1062,0
3870,-675,1059,0
3865,-667,1052,0
3858,-668,1053,0
3855,-664,1053,0
3853,-662,1052,0
3849,-657,1058,0
3847,-654,1066,0
3850,-649,1071,0
3852,-649,1076,0
3853,-650,1082,0
3851,-647,1083,0
3850,-652,1083,0
3852,-655,1075,0
3852,-657,1069,0
3845,-656,1062,0
3844,-651,1058,0
3848,-654,1051,0
3850,-653,1051,0
3856,-653,1049,0
3858,-653,1045,0
3862,-655,1042,0
3865,-658,1043,0
3865,-662,1038,0
3862,-666,1032,0
3857,-673,1033,0
3854,-680,1038,0
3858,-687,1037,0
3855,-692,1033,0
3857,-693,1036,0
3858,-697,1037,0
3857,-697,1042,0
3855,-697,1043,0
3850,-698,1038,0
3850,-701,1035,0
3853,-698,1031,0
3853,-694,1026,0
3853,-691,1010,0
3856,-686,997,0
3855,-685,991,0
3861,-684,997,0
3868,-683,1008,0
3881,-676,1027,0
3895,-668,1052,0
3911,-664,1080,0
3922,-662,1100,0
3918,-662,1098,0
3910,-664,1079,0
3898,-665,1049,0
3885,-666,1017,0
3872,-663,985,0
3860,-660,968,0
3853,-649,963,0
3852,-638,972,0
3853,-629,985,0
3848,-622,996,0
3842,-618,1004,0
3839,-618,1013,0
3851,-621,1026,0
3853,-618,1044,0
3852,-619,1055,0
3849,-624,1051,0
3844,-633,1034,0
3841,-642,1015,0
3842,-649,1000,0
3843,-650,988,0
3842,-649,980,0
3847,-646,976,0
3849,-641,974,0
3853,-634,983,0
3857,-628,990,0
3862,-623,995,0
3859,-621,992,0
3855,-617,995,0
3854,-615,1008,0
3851,-616,1019,0
3854,-620,1032,0
3857,-623,1037,0
3857,-624,1038,0
3857,-623,1042,0
3857,-627,1043,0
3856,-628,1039,0
3859,-630,1033,0
3860,-631,1029,0
3861,-632,1017,0
3857,-636,1003,0
3855,-641,988,0
3859,-641,986,0
3867,-629,996,0
3875,-622,1011,0
3884,-619,1029,0
3891,-615,1044,0
3887,-606,1051,0
3882,-604,1047,0
3875,-604,1034,0
3862,-607,1016,0
3852,-614,1004,0
3848,-618,1002,0
3849,-617,1009,0
3857,-616,1018,0
3865,-615,1028,0
3872,-619,1040,0
3875,-621,1052,0
3878,-619,1057,0
3877,-626,1057,0
3875,-632,1051,0
3866,-635,1051,0
3860,-641,1046,0
3849,-645,1042,0
3848,-652,1042,0
3846,-654,1041,0
3846,-656,1047,0
3853,-657,1060,0
3861,-652,1065,0
3861,-652,1061,0
3863,-649,1056,0
3868,-648,1060,0
3871,-647,1065,0
3871,-640,1058,0
3866,-634,1049,0
3861,-633,1046,0
3856,-634,1045,0
3855,-631,1045,0
3844,-630,1032,0
3836,-629,1021,0
3832,-632,1008,0
3831,-640,1000,0
3839,-642,1002,0
3851,-643,1002,0
3870,-644,1003,0
3886,-636,1014,0
3890,-627,1022,0
3888,-623,1020,0
3881,-613,1011,0
3870,-613,1000,0
3860,-617,995,0
3858,-626,998,0
3852,-636,993,0
3849,-637,990,0
3843,-639,992,0
3842,-638,989,0
3848,-644,987,0
3864,-645,999,0
3879,-642,1015,0
3890,-639,1018,0
3895,-635,1014,0
3897,-629,1015,0
3897,-618,1005,0
3897,-614,993,0
3890,-613,977,0
3884,-613,975,0
3883,-609,974,0
3882,-600,981,0
3886,-590,996,0
3891,-584,1008,0
3894,-583,1015,0
3890,-578,1009,0
3884,-576,1004,0
3875,-580,1002,0
3876,-586,1003,0
3868,-590,1000,0
3870,-593,1002,0
3870,-593,1005,0
3872,-597,1006,0
3877,-598,1006,0
3881,-597,1004,0
3883,-603,999,0
3889,-606,999,0
3894,-611,1005,0
3898,-611,1015,0
3891,-612,999,0
3879,-613,978,0
3877,-614,972,0
3879,-618,981,0
3883,-617,991,0
3887,-609,997,0
3887,-604,1004,0
3887,-601,1004,0
3890,-597,1003,0
3891,-589,1006,0
3890,-579,1011,0
3885,-576,1010,0
3881,-572,1006,0
3881,-566,1011,0
3878,-569,1010,0
3873,-561,1016,0
3865,-556,1022,0
3861,-555,1024,0
3863,-560,1025,0
3868,-563,1024,0
3875,-564,1027,0
3875,-568,1026,0
3877,-571,1024,0
3879,-571,1024,0
3879,-573,1017,0
3874,-576,1009,0
3879,-574,1003,0
3877,-576,1003,0
3884,-578,1009,0
3888,-580,1014,0
3888,-577,1017,0
3884,-577,1010,0
3880,-584,1004,0
3880,-588,1007,0
3882,-594,1013,0
3882,-596,1011,0
3881,-600,1005,0
3882,-603,1000,0
3881,-607,995,0
3882,-616,1004,0
3886,-620,1012,0
3885,-625,1010,0
3884,-629,1006,0
3884,-633,1002,0
3887,-637,999,0
3884,-636,1002,0
3880,-626,1003,0
3877,-621,1007,0
3877,-618,1011,0
3872,-621,1008,0
3872,-616,1006,0
3867,-616,1010,0
3867,-613,1006,0
3870,-610,1009,0
3873,-609,1013,0
3876,-606,1014,0
3879,-599,1017,0
3876,-597,1014,0
3876,-594,1013,0
3867,-592,1009,0
3861,-593,1006,0
3861,-593,1001,0
3861,-591,1012,0
3870,-590,1016,0
3875,-588,1011,0
3876,-589,1008,0
3879,-589,1009,0
3885,-588,1008,0
3892,-586,1007,0
3898,-580,1019,0
3899,-569,1024,0
3894,-567,1020,0
3890,-566,1013,0
3885,-566,1018,0
3882,-562,1026,0
3873,-558,1025,0
3865,-551,1018,0
3862,-549,1016,0
3858,-552,1014,0
3856,-552,1011,0
3858,-553,1013,0
3866,-552,1020,0
3867,-549,1019,0
3878,-549,1020,0
3883,-553,1019,0
3883,-553,1018,0
3880,-551,1019,0
3877,-551,1016,0
3874,-556,1013,0
3873,-563,1014,0
3879,-564,1018,0
3881,-562,1026,0
3883,-559,1030,0
3885,-555,1025,0
3882,-551,1015,0
3878,-552,1005,0
3877,-552,996,0
3880,-554,996,0
3886,-553,1003,0
3889,-555,1008,0
3893,-552,1011,0
3890,-546,1014,0
3887,-543,1015,0
3885,-547,1014,0
3881,-549,1015,0
3880,-551,1021,0
3878,-551,1027,0
3876,-549,1027,0
3871,-552,1030,0
3864,-551,1026,0
3860,-556,1016,0
3859,-560,1010,0
3864,-562,1020,0
3870,-566,1030,0
3878,-567,1030,0
3876,-563,1033,0
3880,-568,1037,0
3874,-571,1033,0
3865,-577,1029,0
3859,-577,1028,0
3863,-583,1038,0
3872,-588,1050,0
3875,-593,1053,0
3872,-590,1045,0
3867,-591,1040,0
3866,-592,1030,0
3861,-596,1021,0
3865,-596,1018,0
3867,-598,1026,0
3876,-608,1040,0
3882,-610,1056,0
3884,-611,1052,0
3873,-610,1040,0
3861,-615,1025,0
3853,-620,1018,0
3851,-626,1018,0
3852,-627,1020,0
3857,-628,1031,0
3865,-626,1039,0
3870,-623,1048,0
3870,-622,1052,0
3872,-617,1053,0
3868,-617,1047,0
3860,-619,1042,0
3857,-617,1038,0
3858,-614,1041,0
3860,-616,1048,0
3863,-617,1050,0
3864,-609,1048,0
3868,-604,1046,0
3865,-597,1044,0
3866,-594,1047,0
3867,-588,1048,0
3866,-582,1048,0
3868,-582,1052,0
3867,-578,1063,0
3869,-572,1068,0
3862,-572,1070,0
3859,-569,1063,0
3856,-571,1062,0
3857,-577,1062,0
3858,-580,1060,0
3858,-581,1057,0
3858,-585,1050,0
3859,-591,1054,0
3856,-591,1062,0
3862,-590,1074,0
3861,-596,1066,0
3856,-597,1060,0
3849,-597,1048,0
3840,-600,1039,0
3837,-600,1038,0
3839,-605,1038,0
3841,-609,1039,0
3847,-609,1039,0
3849,-614,1040,0
3855,-619,1051,0
3862,-622,1061,0
3869,-623,1068,0
3868,-631,1063,0
3861,-636,1053,0
3858,-640,1042,0
3861,-650,1038,0
3865,-657,1037,0
3866,-656,1032,0
3871,-655,1041,0
3872,-650,1054,0
3870,-649,1054,0
3863,-647,1042,0
3856,-648,1029,0
3851,-649,1021,0
3853,-646,1022,0
3851,-642,1032,0
3854,-630,1037,0
3857,-629,1041,0
3867,-634,1049,0
3871,-630,1054,0
3868,-627,1054,0
3862,-629,1050,0
3854,-636,1044,0
3853,-636,1038,0
3851,-642,1038,0
3853,-641,1044,0
3855,-644,1048,0
3855,-648,1044,0
3858,-650,1033,0
3855,-649,1025,0
3859,-652,1023,0
3859,-651,1022,0
3857,-650,1011,0
3856,-654,1007,0
3856,-655,1010,0
3858,-651,1024,0
3862,-650,1032,0
3865,-652,1036,0
3861,-659,1036,0
3861,-657,1038,0
3857,-659,1045,0
3855,-662,1045,0
3858,-662,1047,0
3856,-659,1043,0
3856,-654,1042,0
3852,-657,1035,0
3853,-659,1027,0
3855,-656,1024,0
3858,-652,1021,0
3859,-648,1025,0
3861,-644,1028,0
3862,-641,1037,0
3860,-637,1034,0
3860,-635,1033,0
3861,-632,1030,0
3858,-635,1029,0
3859,-636,1029,0
3861,-637,1033,0
3861,-635,1033,0
3864,-633,1036,0
3863,-633,1036,0
3870,-636,1036,0
3871,-636,1040,0
3867,-636,1039,0
3864,-637,1041,0
3865,-638,1039,0
3860,-634,1032,0
3858,-637,1031,0
3861,-642,1031,0
3861,-635,1032,0
3862,-626,1036,0
3861,-625,1032,0
3863,-627,1033,0
3867,-630,1041,0
3876,-629,1056,0
3877,-622,1063,0
3872,-616,1057,0
3860,-615,1038,0
3851,-617,1028,0
3848,-619,1026,0
3847,-614,1034,0
3851,-603,1042,0
3852,-598,1045,0
3853,-596,1040,0
3855,-598,1037,0
3853,-599,1038,0
3848,-599,1035,0
3850,-599,1037,0
3854,-599,1040,0
3862,-601,1051,0
3869,-607,1060,0
3874,-612,1058,0
3879,-615,1054,0
3880,-617,1042,0
3880,-621,1023,0
3874,-623,1012,0
3874,-621,1012,0
3872,-616,1011,0
3876,-618,1020,0
3880,-619,1031,0
3880,-613,1040,0
3878,-609,1046,0
3872,-610,1040,0
3862,-614,1034,0
3855,-615,1033,0
3853,-616,1038,0
3854,-615,1040,0
3858,-618,1038,0
3862,-618,1039,0
3867,-619,1039,0
3871,-624,1042,0
3876,-622,1053,0
3879,-618,1062,0
3872,-615,1060,0
3862,-615,1045,0
3858,-622,1026,0
3850,-628,1019,0
3846,-632,1019,0
3850,-637,1032,0
3859,-633,1038,0
3859,-630,1025,0
3855,-624,1014,0
3852,-629,1001,0
3852,-630,999,0
3853,-629,1002,0
3861,-629,1010,0
3867,-630,1015,0
3873,-632,1015,0
3878,-634,1016,0
3878,-629,1020,0
3876,-629,1024,0
3875,-630,1027,0
3873,-631,1030,0
3870,-630,1031,0
3872,-626,1030,0
3870,-627,1028,0
3868,-629,1033,0
3869,-630,1038,0
3875,-631,1042,0
3873,-635,1038,0
3872,-637,1033,0
3869,-631,1030,0
3863,-627,1029,0
3858,-623,1029,0
3856,-620,1025,0
3855,-618,1028,0
3855,-613,1028,0
3851,-610,1024,0
3848,-602,1024,0
3849,-603,1026,0
3851,-600,1027,0
3852,-597,1029,0
3857,-595,1028,0
3864,-595,1030,0
3872,-594,1033,0
3875,-590,1044,0
3879,-589,1051,0
3877,-590,1049,0
3878,-593,1043,0
3875,-595,1037,0
3880,-597,1035,0
3877,-597,1038,0
3874,-598,1037,0
3872,-599,1038,0
3871,-603,1046,0
3873,-599,1053,0
3869,-598,1052,0
3863,-599,1052,0
3858,-602,1042,0
3852,-600,1038,0
3847,-599,1045,0
3852,-600,1052,0
3856,-600,1052,0
3855,-597,1050,0
3857,-596,1046,0
3859,-594,1041,0
3857,-594,1040,0
3855,-594,1040,0
3855,-593,1039,0
3855,-594,1043,0
3857,-593,1050,0
3866,-589,1058,0
3870,-591,1063,0
3870,-590,1057,0
3870,-596,1050,0
3868,-598,1046,0
3860,-599,1039,0
3862,-601,1039,0
3868,-597,1045,0
3875,-602,1052,0
3876,-598,1047,0
3874,-592,1046,0
3867,-589,1041,0
3859,-587,1035,0
3852,-588,1035,0
3852,-586,1042,0
3857,-584,1049,0
3859,-581,1049,0
3863,-583,1046,0
3866,-585,1045,0
3868,-583,1049,0
3865,-581,1044,0
3861,-582,1039,0
3861,-580,1035,0
3856,-580,1028,0
3853,-581,1027,0
3860,-580,1034,0
3866,-579,1044,0
3873,-581,1050,0
3877,-582,1051,0
3872,-582,1047,0
3868,-581,1046,0
3870,-591,1048,0
3874,-599,1049,0
3871,-601,1045,0
3862,-602,1037,0
3860,-600,1029,0
3860,-606,1019,0
3857,-607,1011,0
3863,-607,1015,0
3871,-605,1024,0
3873,-600,1026,0
3873,-596,1021,0
3872,-594,1018,0
3873,-598,1017,0
3871,-601,1018,0
3872,-597,1021,0
3873,-594,1027,0
3873,-591,1031,0
3874,-593,1033,0
3873,-596,1035,0
3872,-593,1044,0
3877,-589,1058,0
3879,-581,1066,0
3876,-577,1059,0
3867,-576,1047,0
3859,-577,1038,0
3859,-579,1036,0
3861,-578,1033,0
3860,-574,1027,0
3859,-573,1023,0
3863,-569,1023,0
3864,-566,1027,0
3863,-560,1031,0
3859,-557,1032,0
3860,-560,1034,0
3864,-563,1035,0
3870,-564,1038,0
3871,-565,1039,0
3872,-565,1035,0
3870,-562,1038,0
3871,-565,1041,0
3876,-565,1045,0
3878,-566,1035,0
3874,-561,1022,0
3871,-562,1014,0
3874,-567,1008,0
3878,-567,1009,0
3878,-567,1008,0
3877,-565,1012,0
3877,-568,1016,0
3877,-573,1015,0
3879,-576,1023,0
3882,-576,1027,0
3882,-576,1027,0
3877,-577,1025,0
3869,-583,1017,0
3867,-586,1010,0
3863,-588,1008,0
3861,-589,1012,0
3867,-594,1025,0
3874,-594,1041,0
3873,-592,1047,0
3872,-590,1046,0
3866,-593,1040,0
3861,-596,1034,0
3858,-598,1029,0
3860,-594,1038,0
3867,-594,1051,0
3874,-594,1058,0
3871,-593,1053,0
3868,-593,1041,0
3864,-598,1030,0
3869,-599,1022,0
3867,-596,1018,0
3871,-590,1012,0
3871,-590,1009,0
3869,-592,1011,0
3870,-592,1017,0
3876,-594,1027,0
3879,-595,1033,0
3880,-594,1038,0
3874,-592,1041,0
3870,-591,1045,0
3868,-590,1048,0
3865,-595,1052,0
3865,-594,1054,0
3871,-594,1060,0
3872,-589,1056,0
3863,-588,1050,0
3862,-586,1046,0
3862,-585,1047,0
3867,-586,1052,0
3865,-581,1054,0
3862,-578,1051,0
3859,-576,1054,0
3856,-574,1058,0
3857,-575,1057,0
3854,-574,1051,0
3850,-573,1049,0
3847,-568,1047,0
3850,-570,1043,0
3854,-572,1042,0
3856,-573,1041,0
3855,-570,1043,0
3857,-569,1042,0
3857,-567,1041,0
3856,-574,1037,0
3859,-575,1030,0
3866,-573,1040,0
3874,-574,1047,0
3878,-575,1045,0
3878,-575,1042,0
3882,-579,1040,0
3884,-582,1040,0
3883,-590,1036,0
3882,-595,1035,0
3885,-603,1035,0
3885,-604,1044,0
3887,-602,1050,0
3888,-601,1050,0
3886,-603,1044,0
3882,-601,1036,0
3876,-601,1027,0
3869,-602,1027,0
3864,-597,1026,0
3859,-589,1021,0
3856,-585,1011,0
3851,-582,1010,0
3853,-583,1011,0
3859,-581,1015,0
3866,-581,1025,0
3872,-579,1032,0
3871,-580,1026,0
3864,-581,1022,0
3861,-587,1020,0
3862,-592,1018,0
3870,-595,1025,0
3873,-593,1031,0
3875,-587,1040,0
3877,-590,1038,0
3880,-591,1035,0
3877,-592,1022,0
3872,-589,1012,0
3868,-590,1006,0
3867,-589,1006,0
3874,-589,1009,0
3877,-583,1014,0
3875,-578,1019,0
3876,-578,1017,0
3870,-580,1017,0
3867,-584,1012,0
3864,-578,1013,0
3863,-578,1014,0
3866,-575,1015,0
3863,-573,1012,0
3862,-572,1017,0
3857,-575,1019,0
3862,-579,1028,0
3870,-578,1037,0
3876,-575,1042,0
3878,-578,1038,0
3878,-578,1034,0
3871,-580,1028,0
3871,-582,1017,0
3873,-585,1017,0
3877,-586,1018,0
3883,-580,1022,0
3887,-576,1028,0
3886,-571,1034,0
3881,-567,1031,0
3878,-567,1029,0
3874,-565,1035,0
3871,-562,1041,0
3867,-566,1043,0
3866,-566,1032,0
3861,-568,1028,0
3858,-568,1032,0
3859,-570,1042,0
3862,-576,1042,0
3860,-573,1039,0
3858,-570,1037,0
3859,-572,1034,0
3858,-575,1031,0
3861,-575,1028,0
3861,-574,1026,0
3869,-575,1026,0
3874,-574,1030,0
3873,-570,1028,0
3871,-566,1029,0
3877,-567,1037,0
3880,-570,1042,0
3880,-567,1043,0
3880,-562,1035,0
3879,-559,1035,0
3876,-561,1036,0
3870,-565,1032,0
3867,-572,1023,0
3866,-574,1018,0
3864,-573,1022,0
3867,-575,1030,0
3870,-576,1031,0
3871,-581,1027,0
3865,-584,1021,0
3864,-589,1021,0
3861,-594,1022,0
3859,-602,1014,0
3863,-602,1010,0
3866,-601,1005,0
3869,-603,1008,0
3875,-601,1013,0
3875,-602,1015,0
3876,-600,1019,0
3870,-602,1013,0
3874,-603,1011,0
3877,-604,1007,0
3879,-605,1008,0
3881,-605,1011,0
3881,-608,1014,0
3881,-608,1013,0
3879,-608,1010,0
3876,-604,1006,0
3874,-608,1010,0
3874,-610,1009,0
3876,-610,1008,0
3879,-609,1011,0
3880,-606,1013,0
3875,-605,1011,0
3871,-612,1005,0
3864,-610,1003,0
3858,-610,1000,0
3865,-612,1003,0
3874,-611,1009,0
3875,-607,1008,0
3877,-608,1012,0
3876,-609,1015,0
3880,-614,1020,0
3883,-609,1023,0
3879,-605,1021,0
3878,-603,1008,0
3872,-608,999,0
3873,-613,996,0
3876,-613,997,0
3881,-617,1004,0
3883,-618,1017,0
3885,-616,1019,0
3883,-616,1016,0
3878,-613,1009,0
3868,-609,1005,0
3863,-611,1000,0
3862,-608,1006,0
3859,-608,1009,0
3859,-607,1010,0
3859,-607,1014,0
3858,-609,1012,0
3856,-606,1013,0
3861,-605,1011,0
3864,-611,1011,0
3872,-619,1013,0
3879,-624,1016,0
3883,-624,1018,0
3883,-623,1019,0
3879,-621,1014,0
3877,-622,1007,0
3871,-626,1008,0
3869,-624,1013,0
3872,-629,1016,0
3875,-630,1026,0
3875,-619,1028,0
3868,-612,1029,0
3861,-615,1021,0
3854,-614,1009,0
3854,-617,1000,0
3863,-620,1000,0
3868,-620,1009,0
3873,-622,1016,0
3878,-622,1020,0
3877,-623,1017,0
3876,-625,1014,0
3872,-625,1011,0
3862,-628,1009,0
3859,-632,1000,0
3856,-633,998,0
3856,-633,1001,0
3862,-634,1002,0
3868,-643,1009,0
3872,-644,1014,0
3873,-643,1016,0
3873,-641,1011,0
3874,-639,1008,0
3873,-638,1008,0
3874,-637,1010,0
3873,-633,1009,0
3869,-628,1003,0
3863,-625,1002,0
3866,-624,1001,0
3870,-624,1014,0
3876,-624,1020,0
3874,-625,1023,0
3867,-621,1016,0
3860,-621,1012,0
3856,-619,1005,0
3859,-622,999,0
3860,-624,997,0
3865,-627,1001,0
3871,-627,1007,0
3875,-629,1009,0
3878,-629,1008,0
3877,-629,1006,0
3870,-629,1003,0
3866,-634,1002,0
3859,-636,998,0
3864,-638,1000,0
3867,-640,1002,0
3874,-635,1012,0
3869,-629,1019,0
3865,-628,1018,0
3860,-631,1012,0
3857,-629,1004,0
3858,-626,999,0
3858,-626,998,0
3865,-626,999,0
3870,-628,1004,0
3875,-629,1006,0
3878,-630,1006,0
3877,-634,1004,0
3878,-636,1009,0
3877,-640,1010,0
3872,-642,1011,0
3872,-643,1009,0
3873,-645,1014,0
3875,-650,1019,0
3874,-652,1020,0
3871,-651,1022,0
3869,-652,1019,0
3866,-655,1013,0
3865,-658,1006,0
3869,-660,1006,0
3870,-658,1008,0
3872,-657,1016,0
3870,-654,1015,0
3871,-653,1013,0
3870,-652,1009,0
3867,-650,1013,0
3863,-646,1019,0
3860,-642,1018,0
3856,-641,1026,0
3854,-639,1029,0
3851,-641,1032,0
3852,-641,1031,0
3849,-636,1023,0
3850,-639,1019,0
3853,-638,1021,0
3858,-634,1021,0
3864,-633,1025,0
3865,-631,1029,0
3872,-635,1027,0
3875,-640,1025,0
3875,-639,1018,0
3871,-636,1014,0
3872,-635,1010,0
3871,-635,1008,0
3868,-637,1006,0
3868,-636,1006,0
3861,-638,1005,0
3859,-640,1003,0
3854,-644,1005,0
3847,-642,1002,0
3848,-646,1000,0
3844,-652,998,0
3841,-659,999,0
3833,-666,998,0
3828,-671,990,0
3832,-676,994,0
3840,-679,997,0
3847,-683,999,0
3848,-683,995,0
3847,-682,990,0
3850,-685,987,0
3851,-683,983,0
3849,-679,985,0
3848,-681,989,0
3849,-681,990,0
3848,-678,995,0
3850,-677,1001,0
3859,-676,1008,0
3865,-677,1021,0
3876,-673,1033,0
3886,-673,1047,0
3896,-674,1056,0
3906,-677,1059,0
3911,-673,1061,0
3912,-672,1063,0
3910,-672,1059,0
3909,-671,1044,0
3906,-666,1031,0
3905,-660,1025,0
3901,-657,1018,0
3891,-646,1008,0
3885,-638,1006,0
3872,-631,998,0
3863,-627,995,0
3857,-625,990,0
3854,-624,990,0
3852,-621,995,0
3852,-617,994,0
3851,-615,995,0
3851,-615,992,0
3851,-616,996,0
3854,-617,1003,0
3861,-619,1009,0
3871,-620,1012,0
3883,-619,1009,0
3886,-617,1010,0
3890,-614,1006,0
3894,-615,1000,0
3896,-621,995,0
3897,-620,990,0
3899,-616,985,0
3901,-616,985,0
3905,-614,983,0
3903,-613,983,0
3897,-612,981,0
3891,-607,978,0
3888,-607,981,0
3889,-608,992,0
3889,-607,998,0
3887,-603,1004,0
3884,-605,1003,0
3879,-606,995,0
3867,-605,982,0
3859,-609,971,0
3854,-611,975,0
3852,-605,978,0
3860,-605,987,0
3865,-605,992,0
3868,-604,997,0
3870,-603,991,0
3868,-601,987,0
3868,-602,986,0
3866,-599,986,0
3871,-593,990,0
3872,-594,991,0
3874,-591,989,0
3877,-593,991,0
3876,-595,993,0
3877,-596,993,0
3874,-599,1001,0
3879,-600,1013,0
3881,-599,1022,0
3881,-603,1024,0
3881,-604,1021,0
3878,-604,1015,0
3877,-604,1007,0
3880,-609,1005,0
3880,-609,1005,0
3882,-611,1003,0
3881,-612,1004,0
3880,-611,1003,0
3881,-610,1005,0
3871,-607,1004,0
3866,-605,1002,0
3866,-608,998,0
3863,-607,997,0
3861,-608,994,0
3863,-612,988,0
3858,-613,986,0
3854,-616,989,0
3860,-617,1000,0
3863,-614,1008,0
3860,-617,1009,0
3864,-620,1009,0
3860,-623,1005,0
3864,-623,997,0
3863,-624,993,0
3867,-622,991,0
3868,-622,992,0
3867,-621,991,0
3867,-617,993,0
3870,-617,996,0
3866,-614,997,0
3865,-619,994,0
3861,-619,996,0
3863,-618,996,0
3862,-623,996,0
3862,-622,998,0
3861,-623,1001,0
3865,-623,1005,0
3869,-623,1002,0
3874,-623,998,0
3872,-626,999,0
3871,-624,1001,0
3866,-624,997,0
3863,-626,996,0
3862,-627,994,0
3861,-626,995,0
3859,-624,999,0
3855,-629,999,0
3857,-627,1002,0
3856,-630,1006,0
3858,-635,1007,0
3857,-630,1006,0
3853,-627,1003,0
3850,-625,998,0
3847,-621,996,0
3848,-615,996,0
3848,-612,999,0
3851,-609,1004,0
3854,-609,1008,0
3856,-609,1009,0
3859,-606,1013,0
3860,-604,1016,0
3865,-602,1019,0
3872,-599,1020,0
3880,-595,1025,0
3894,-593,1036,0
3902,-591,1041,0
3908,-587,1049,0
3909,-587,1043,0
3906,-582,1036,0
3899,-584,1022,0
3892,-582,1011,0
3885,-581,1004,0
3880,-579,1000,0
3876,-577,1000,0
3869,-576,1001,0
3869,-577,1001,0
3870,-580,1003,0
3869,-579,1005,0
3871,-579,1007,0
3869,-584,1007,0
3870,-586,1005,0
3869,-591,1001,0
3873,-596,1001,0
3878,-597,998,0
3878,-599,993,0
3878,-600,991,0
3874,-603,991,0
3872,-604,989,0
3875,-603,984,0
3878,-601,987,0
3877,-601,994,0
3881,-600,1001,0
3886,-603,1012,0
3894,-599,1019,0
3900,-599,1019,0
3908,-600,1015,0
3910,-605,1013,0
3915,-606,1013,0
3909,-607,1014,0
3908,-608,1013,0
3904,-604,1009,0
3901,-605,1007,0
3893,-604,999,0
3886,-600,999,0
3879,-597,1000,0
3876,-596,997,0
3873,-594,996,0
3869,-595,992,0
3867,-590,995,0
3871,-587,1003,0
3880,-587,1010,0
3882,-587,1014,0
3885,-588,1016,0
3889,-588,1019,0
3890,-589,1017,0
3887,-588,1012,0
3884,-587,1002,0
3882,-590,989,0
3878,-590,978,0
3874,-592,969,0
3869,-594,964,0
3872,-593,958,0
3873,-592,963,0
3873,-593,969,0
3877,-590,972,0
3882,-589,976,0
3881,-590,978,0
3882,-596,982,0
3878,-598,982,0
3876,-601,985,0
3874,-603,990,0
3877,-605,994,0
3877,-609,993,0
3876,-611,990,0
3876,-615,986,0
3875,-613,987,0
3873,-615,985,0
3869,-613,982,0
3874,-611,983,0
3879,-609,984,0
3880,-608,985,0
3884,-608,982,0
3883,-610,982,0
3884,-607,980,0
3883,-605,977,0
3880,-600,972,0
3880,-598,975,0
3876,-598,979,0
3875,-597,981,0
3875,-597,983,0
3875,-597,985,0
3875,-600,988,0
3872,-598,985,0
3870,-596,984,0
3871,-597,980,0
3875,-599,979,0
3875,-602,983,0
3880,-604,984,0
3881,-602,988,0
3880,-602,987,0
3876,-605,984,0
3873,-605,983,0
3872,-606,983,0
3869,-604,985,0
3869,-604,991,0
3873,-602,993,0
3875,-602,992,0
3877,-604,997,0
3877,-603,1003,0
3880,-603,1004,0
3882,-601,1003,0
3879,-604,1000,0
3878,-603,993,0
3878,-602,984,0
3875,-602,979,0
3873,-601,973,0
3874,-598,974,0
3876,-594,977,0
3880,-596,984,0
3882,-597,988,0
3880,-598,995,0
3878,-595,997,0
3873,-596,996,0
3872,-600,994,0
3867,-607,992,0
3868,-611,985,0
3870,-616,983,0
3872,-615,983,0
3878,-618,984,0
3879,-618,979,0
3878,-619,978,0
3878,-620,979,0
3876,-620,981,0
3877,-619,985,0
3873,-619,986,0
3873,-616,983,0
3872,-618,981,0
3863,-619,985,0
3857,-619,982,0
3855,-616,983,0
3862,-620,988,0
3866,-624,996,0
3873,-628,997,0
3879,-632,998,0
3885,-632,995,0
3887,-638,991,0
3889,-638,988,0
3889,-638,986,0
3885,-641,983,0
3883,-640,983,0
3882,-641,983,0
3877,-638,984,0
3873,-637,984,0
3868,-636,986,0
3868,-635,983,0
3872,-637,982,0
3876,-636,981,0
3877,-634,982,0
3878,-635,983,0
3879,-636,985,0
3880,-635,983,0
3881,-635,981,0
3878,-637,981,0
3878,-642,981,0
3874,-641,980,0
3874,-642,986,0
3874,-644,988,0
3875,-646,988,0
3876,-643,992,0
3876,-643,995,0
3874,-643,996,0
3877,-645,996,0
3876,-649,993,0
3876,-647,994,0
3877,-644,992,0
3877,-643,994,0
3879,-641,994,0
3880,-641,992,0
3879,-642,993,0
3877,-642,992,0
3873,-637,992,0
3871,-636,989,0
3869,-636,984,0
3869,-637,985,0
3872,-637,985,0
3874,-639,987,0
3876,-640,990,0
3879,-641,990,0
3879,-645,992,0
3880,-646,989,0
3879,-647,989,0
3874,-648,992,0
3872,-652,989,0
3870,-652,986,0
3871,-655,988,0
3873,-655,986,0
3874,-654,987,0
3875,-654,992,0
3871,-655,989,0
3872,-656,987,0
3873,-658,982,0
3873,-657,983,0
3872,-654,985,0
3874,-653,981,0
3874,-652,983,0
3876,-647,984,0
3876,-650,990,0
3879,-649,991,0
3879,-651,990,0
3878,-653,986,0
3874,-649,983,0
3871,-649,981,0
3868,-645,977,0
3868,-646,979,0
3866,-651,979,0
3866,-648,979,0
3865,-645,973,0
3869,-646,972,0
3873,-645,972,0
3877,-648,972,0
3876,-653,972,0
3877,-653,974,0
3879,-654,973,0
3877,-652,971,0
3874,-652,967,0
3870,-650,969,0
3875,-649,970,0
3879,-648,977,0
3888,-649,981,0
3890,-649,983,0
3890,-648,980,0
3889,-647,981,0
3885,-646,976,0
3885,-641,968,0
3879,-641,963,0
3876,-638,964,0
3876,-633,964,0
3876,-632,973,0
3880,-632,980,0
3878,-631,982,0
3876,-629,982,0
3872,-627,985,0
3869,-625,989,0
3865,-629,987,0
3869,-628,988,0
3871,-632,985,0
3868,-635,983,0
3870,-632,985,0
3874,-634,989,0
3879,-630,995,0
3887,-627,998,0
3888,-624,995,0
3886,-624,988,0
3880,-626,983,0
3878,-624,978,0
3870,-625,973,0
3870,-623,971,0
3868,-620,970,0
3870,-619,972,0
3874,-619,973,0
3877,-619,975,0
3880,-620,976,0
3885,-619,975,0
3882,-622,974,0
3883,-621,977,0
3884,-620,980,0
3883,-625,984,0
3884,-627,987,0
3888,-624,991,0
3885,-621,995,0
3896,-624,998,0
3905,-625,997,0
3904,-623,999,0
3907,-620,992,0
3902,-618,988,0
3894,-614,986,0
3884,-609,979,0
3875,-608,978,0
3864,-607,971,0
3860,-606,968,0
3857,-603,967,0
3857,-601,971,0
3858,-603,978,0
3858,-602,988,0
3861,-602,995,0
3862,-607,997,0
3862,-609,997,0
3865,-613,988,0
3867,-619,982,0
3867,-621,974,0
3868,-622,965,0
3871,-619,960,0
3874,-616,964,0
3877,-613,968,0
3880,-610,973,0
3878,-610,977,0
3876,-610,980,0
3875,-615,984,0
3876,-618,985,0
3876,-618,985,0
3874,-619,985,0
3870,-620,983,0
3871,-622,980,0
3873,-621,981,0
3872,-621,976,0
3870,-624,975,0
3875,-624,975,0
3878,-629,976,0
3877,-629,979,0
3877,-627,986,0
3884,-631,995,0
3887,-628,1004,0
3890,-627,1010,0
3890,-626,1010,0
3886,-628,1002,0
3881,-630,998,0
3884,-634,990,0
3883,-634,990,0
3880,-633,986,0
3878,-629,978,0
3878,-630,978,0
3876,-627,980,0
3874,-629,982,0
3871,-635,982,0
3866,-630,978,0
3864,-625,976,0
3861,-624,974,0
3857,-626,974,0
3854,-624,980,0
3857,-619,988,0
3861,-617,989,0
3868,-617,990,0
3868,-619,993,0
3874,-621,996,0
3878,-623,997,0
3878,-619,1001,0
3879,-618,1004,0
3884,-616,1004,0
3884,-613,1007,0
3880,-613,1003,0
3879,-612,1005,0
3878,-610,1006,0
3877,-613,1004,0
3874,-611,1003,0
3875,-610,999,0
3875,-609,997,0
3871,-608,994,0
3867,-602,993,0
3869,-602,989,0
3864,-600,986,0
3866,-602,990,0
3871,-601,998,0
3875,-602,1004,0
3878,-604,1011,0
3878,-597,1015,0
3875,-596,1011,0
3876,-598,1002,0
3874,-600,998,0
3870,-599,1000,0
3872,-602,1004,0
3880,-601,1011,0
3881,-602,1024,0
3883,-595,1027,0
3881,-591,1034,0
3877,-586,1029,0
3874,-589,1024,0
3879,-598,1017,0
3879,-597,1021,0
3879,-602,1013,0
3877,-600,998,0
3873,-601,995,0
3868,-599,996,0
3865,-599,997,0
3861,-598,995,0
3860,-599,996,0
3860,-602,1000,0
3859,-604,1003,0
3856,-606,1004,0
3859,-607,1006,0
3862,-610,1005,0
3860,-612,1003,0
3860,-615,998,0
3865,-617,994,0
3866,-623,991,0
3871,-626,990,0
3877,-631,992,0
3882,-630,999,0
3891,-631,1002,0
3892,-625,1002,0
3888,-623,1004,0
3883,-624,1001,0
3876,-627,999,0
3876,-626,998,0
3873,-623,1000,0
3878,-621,1006,0
3883,-621,1019,0
3884,-618,1028,0
3883,-611,1034,0
3879,-612,1021,0
3873,-611,1011,0
3867,-610,1000,0
3868,-607,993,0
3862,-604,993,0
3864,-603,994,0
3863,-601,996,0
3865,-601,1006,0
3867,-599,1008,0
3867,-598,1013,0
3868,-602,1015,0
3872,-605,1019,0
3873,-608,1024,0
3873,-608,1022,0
3874,-608,1021,0
3874,-608,1016,0
3872,-609,1009,0
3873,-614,1001,0
3875,-616,994,0
3878,-615,992,0
3882,-613,993,0
3882,-616,992,0
3882,-613,994,0
3879,-609,1000,0
3875,-612,999,0
3870,-615,996,0
3862,-616,1000,0
3860,-613,994,0
3864,-614,996,0
3866,-614,1002,0
3869,-614,1005,0
3872,-618,1007,0
3872,-621,1007,0
3875,-627,1004,0
3876,-626,1003,0
3878,-627,1002,0
3876,-625,997,0
3873,-623,989,0
3873,-621,988,0
3871,-623,992,0
3870,-622,991,0
3868,-622,993,0
3863,-621,992,0
3865,-625,991,0
3869,-627,990,0
3870,-627,994,0
3876,-627,1001,0
3878,-630,1002,0
3881,-631,1006,0
3883,-633,1004,0
3881,-635,999,0
3878,-637,995,0
3876,-637,993,0
3872,-632,990,0
3873,-632,991,0
3876,-632,996,0
3882,-632,998,0
3885,-632,1003,0
3882,-626,1007,0
3880,-624,1009,0
3872,-620,1010,0
3867,-618,997,0
3863,-621,990,0
3857,-623,982,0
3860,-623,978,0
3862,-622,978,0
3867,-622,986,0
3869,-619,986,0
3873,-619,988,0
3870,-619,995,0
3874,-618,1000,0
3877,-620,1005,0
3876,-623,1003,0
3873,-623,1002,0
3868,-627,1001,0
3872,-628,1002,0
3875,-629,1003,0
3880,-631,1003,0
3882,-632,1004,0
3882,-633,1005,0
3884,-635,1005,0
3882,-630,1001,0
3880,-626,999,0
3876,-620,993,0
3874,-618,988,0
3876,-619,990,0
3878,-620,991,0
3877,-621,996,0
3878,-615,999,0
3875,-612,1001,0
3873,-617,999,0
3868,-621,994,0
3867,-622,993,0
3865,-625,994,0
3871,-627,995,0
3871,-630,998,0
3875,-631,999,0
3880,-632,1003,0
3881,-630,1004,0
3879,-625,999,0
3877,-620,993,0
3870,-624,989,0
3866,-622,988,0
3869,-618,991,0
3870,-616,996,0
3872,-612,998,0
3877,-611,1006,0
3877,-611,1007,0
3879,-612,1010,0
3879,-611,1005,0
3879,-612,1001,0
3877,-619,995,0
3871,-620,989,0
3876,-620,987,0
3875,-619,985,0
3874,-620,982,0
3873,-622,982,0
3876,-621,988,0
3876,-622,991,0
3877,-618,997,0
3880,-615,1006,0
3876,-619,1008,0
3877,-619,1011,0
3875,-620,1013,0
3874,-622,1006,0
3873,-625,1002,0
3870,-625,994,0
3865,-623,988,0
3866,-623,992,0
3871,-621,992,0
3877,-621,998,0
3883,-621,1000,0
3883,-616,1002,0
3882,-612,1002,0
3884,-609,1003,0
3883,-608,1001,0
3883,-610,1003,0
3882,-613,1002,0
3881,-615,998,0
3880,-615,995,0
3876,-617,993,0
3874,-616,993,0
3873,-615,991,0
3875,-610,995,0
3877,-606,1008,0
3879,-600,1016,0
3877,-603,1020,0
3871,-601,1010,0
3862,-602,1003,0
3860,-604,992,0
3856,-604,991,0
3857,-611,987,0
3862,-613,987,0
3869,-612,991,0
3872,-610,994,0
3876,-612,995,0
3875,-613,995,0
3875,-617,998,0
3878,-619,1001,0
3876,-623,1001,0
3877,-623,1003,0
3881,-621,1004,0
3881,-619,1001,0
3880,-619,1000,0
3876,-622,999,0
3876,-622,993,0
3874,-623,998,0
3874,-623,1000,0
3875,-620,1002,0
3876,-617,1005,0
3878,-612,1009,0
3875,-614,1010,0
3872,-618,1009,0
3869,-618,1004,0
3869,-620,1000,0
3870,-616,997,0
3867,-615,994,0
3870,-616,995,0
3873,-615,998,0
3873,-614,1002,0
3874,-614,1003,0
3870,-612,1001,0
3873,-614,1002,0
3871,-613,1009,0
3876,-608,1013,0
3876,-608,1009,0
3872,-608,1006,0
3869,-608,1002,0
3869,-608,1001,0
3867,-606,995,0
3866,-605,993,0
3872,-607,995,0
3877,-604,1000,0
3879,-603,1008,0
3881,-600,1010,0
3878,-601,1012,0
3875,-603,1013,0
3875,-606,1015,0
3875,-608,1010,0
3876,-609,1007,0
3877,-613,1003,0
3874,-617,998,0
3873,-619,994,0
3870,-621,989,0
3872,-620,991,0
3872,-618,986,0
3874,-619,983,0
3875,-613,983,0
3875,-608,980,0
3876,-604,985,0
3876,-607,992,0
3875,-608,996,0
3875,-606,1002,0
3873,-603,1007,0
3877,-600,1005,0
3874,-604,1003,0
3877,-607,1004,0
3879,-612,998,0
3877,-612,996,0
3879,-615,994,0
3881,-615,993,0
3883,-615,994,0
3881,-613,995,0
3879,-610,993,0
3880,-611,995,0
3872,-605,995,0
3868,-604,998,0
3864,-604,998,0
3864,-606,1000,0
3868,-603,1001,0
3868,-599,1006,0
3870,-598,1003,0
3870,-599,1003,0
3871,-601,995,0
3872,-602,995,0
3875,-599,994,0
3878,-603,996,0
3878,-602,997,0
3876,-605,1000,0
3878,-603,1002,0
3879,-600,1002,0
3877,-597,1007,0
3877,-600,1012,0
3879,-600,1016,0
3878,-602,1013,0
3875,-606,1010,0
3875,-608,1009,0
3876,-604,1006,0
3874,-602,1002,0
3875,-605,997,0
3876,-605,998,0
3881,-605,1000,0
3885,-605,1000,0
3883,-601,996,0
3879,-601,993,0
3873,-598,988,0
3873,-595,989,0
3877,-598,997,0
3877,-596,1004,0
3877,-595,1008,0
3878,-596,1009,0
3873,-598,1006,0
3868,-600,1002,0
3863,-600,996,0
3865,-603,990,0
3865,-606,992,0
3871,-608,999,0
3871,-600,1006,0
3874,-603,1013,0
3875,-604,1015,0
3871,-603,1010,0
3866,-601,1009,0
3862,-599,1002,0
3860,-603,996,0
3857,-604,996,0
3860,-607,997,0
3865,-609,995,0
3871,-607,995,0
3877,-612,995,0
3880,-611,993,0
3881,-614,991,0
3880,-613,988,0
3882,-614,988,0
3880,-617,991,0
3878,-618,996,0
3878,-618,997,0
3883,-618,1002,0
3884,-617,1004,0
3883,-619,1005,0
3882,-623,1005,0
3876,-625,999,0
3875,-630,1001,0
3876,-632,1001,0
3875,-633,1004,0
3875,-639,1005,0
3874,-635,1002,0
3869,-638,1001,0
3864,-636,997,0
3861,-639,997,0
3860,-643,995,0
3864,-644,994,0
3867,-644,992,0
3873,-641,990,0
3876,-638,990,0
3874,-639,988,0
3873,-639,988,0
3866,-637,987,0
3864,-638,987,0
3864,-643,987,0
3865,-641,992,0
3868,-640,993,0
3874,-636,993,0
3871,-638,992,0
3866,-639,988,0
3867,-642,986,0
3866,-644,986,0
3871,-643,987,0
3876,-643,990,0
3872,-644,987,0
3875,-648,988,0
3874,-650,987,0
3873,-649,994,0
3870,-647,997,0
3872,-647,1001,0
3869,-649,1002,0
3874,-655,999,0
3870,-652,997,0
3865,-651,992,0
3863,-648,985,0
3861,-644,983,0
3855,-636,979,0
3854,-637,977,0
3857,-637,979,0
3861,-634,978,0
3864,-630,985,0
3868,-629,987,0
3869,-631,983,0
3872,-629,984,0
3872,-631,984,0
3874,-633,983,0
3876,-638,985,0
3875,-641,988,0
3877,-641,990,0
3876,-646,990,0
3875,-647,987,0
3867,-643,989,0
3868,-645,987,0
3865,-643,986,0
3865,-642,988,0
3865,-640,989,0
3868,-640,989,0
3871,-640,987,0
3869,-640,987,0
3874,-643,988,0
3880,-642,989,0
3878,-644,991,0
3882,-646,991,0
3883,-649,987,0
3883,-647,990,0
3878,-647,986,0
3879,-647,988,0
3881,-644,989,0
3879,-642,987,0
3873,-637,983,0
3869,-634,984,0
3868,-634,986,0
3862,-636,990,0
3865,-637,990,0
3871,-640,995,0
3869,-641,993,0
3870,-637,995,0
3872,-636,992,0
3878,-638,988,0
3881,-638,992,0
3884,-639,1002,0
3887,-640,1002,0
3894,-645,1006,0
3897,-646,1002,0
3893,-651,1002,0
3890,-652,996,0
3887,-654,993,0
3882,-655,989,0
3876,-655,984,0
3874,-653,983,0
3876,-652,980,0
3876,-649,981,0
3874,-648,981,0
3874,-645,982,0
3872,-644,978,0
3870,-644,978,0
3869,-643,978,0
3872,-644,979,0
3869,-643,980,0
3868,-643,976,0
3867,-643,976,0
3863,-647,974,0
3869,-649,974,0
3871,-653,976,0
3872,-655,976,0
3875,-658,976,0
3877,-659,973,0
3876,-663,975,0
3872,-659,967,0
3872,-660,962,0
3875,-661,969,0
3880,-660,969,0
3884,-657,974,0
3885,-656,976,0
3885,-657,971,0
3883,-657,971,0
3885,-656,971,0
3888,-653,973,0
3888,-656,974,0
3888,-658,977,0
3887,-659,977,0
3884,-657,984,0
3881,-654,986,0
3877,-647,984,0
3874,-641,981,0
3865,-641,976,0
3864,-641,972,0
3860,-643,968,0
3864,-646,965,0
3864,-645,963,0
3862,-648,961,0
3868,-653,957,0
3865,-654,953,0
3867,-655,951,0
3867,-656,948,0
3866,-660,952,0
3866,-662,950,0
3867,-665,950,0
3870,-672,948,0
3873,-677,943,0
3877,-685,941,0
3880,-687,939,0
3883,-694,933,0
3886,-700,930,0
3886,-705,928,0
3888,-711,925,0
3889,-717,926,0
3890,-721,924,0
3896,-729,919,0
3893,-736,919,0
3893,-739,915,0
3895,-748,914,0
3891,-756,912,0
3890,-756,908,0
3892,-755,905,0
3891,-755,908,0
3893,-765,911,0
3891,-770,912,0
3886,-778,912,0
3886,-785,913,0
3884,-788,914,0
3882,-796,915,0
3882,-801,912,0
3884,-810,916,0
3888,-817,911,0
3889,-819,907,0
3888,-825,908,0
3888,-832,907,0
3886,-835,907,0
3881,-838,905,0
3878,-837,902,0
3876,-836,903,0
3867,-835,899,0
3862,-833,895,0
3857,-832,891,0
3854,-830,890,0
3851,-828,886,0
3847,-826,885,0
3847,-822,884,0
3848,-823,882,0
3854,-827,885,0
3855,-829,885,0
3861,-832,882,0
3868,-839,879,0
3874,-839,879,0
3881,-843,881,0
3893,-851,885,0
3913,-861,898,0
3934,-867,912,0
3956,-875,929,0
3975,-882,944,0
3986,-892,952,0
3988,-912,950,0
3982,-923,934,0
3966,-936,908,0
3944,-941,880,0
3907,-943,845,0
3869,-945,812,0
3844,-949,795,0
3827,-960,796,0
3823,-969,806,0
3828,-972,823,0
3831,-972,834,0
3837,-967,847,0
3841,-966,851,0
3844,-968,853,0
3840,-972,855,0
3840,-980,846,0
3831,-991,835,0
3820,-997,825,0
3815,-1005,812,0
3807,-1015,797,0
3804,-1021,791,0
3801,-1030,784,0
3805,-1039,777,0
3805,-1051,774,0
3802,-1057,772,0
3804,-1073,763,0
3805,-1089,758,0
3800,-1108,756,0
3797,-1125,758,0
3789,-1138,755,0
3781,-1154,750,0
3771,-1168,747,0
3761,-1186,740,0
3752,-1198,732,0
3743,-1202,735,0
3733,-1213,731,0
3720,-1225,721,0
3704,-1237,708,0
3683,-1238,691,0
3662,-1238,679,0
3636,-1235,671,0
3601,-1235,661,0
3571,-1235,651,0
3538,-1233,648,0
3501,-1234,639,0
3462,-1237,632,0
3429,-1245,620,0
3389,-1246,614,0
3356,-1241,611,0
3328,-1238,621,0
3300,-1229,632,0
3280,-1224,648,0
3265,-1217,662,0
3255,-1200,672,0
3249,-1175,680,0
3258,-1154,688,0
3274,-1133,694,0
3296,-1104,702,0
3329,-1084,716,0
3366,-1068,718,0
3416,-1063,717,0
3460,-1054,713,0
3504,-1038,710,0
3542,-1031,697,0
3572,-1014,674,0
3601,-995,649,0
3629,-976,636,0
3652,-956,630,0
3669,-929,630,0
3680,-910,632,0
3683,-898,632,0
3679,-893,634,0
3668,-905,644,0
3648,-917,655,0
3630,-941,671,0
3604,-971,689,0
3571,-1005,702,0
3534,-1038,713,0
3500,-1078,725,0
3470,-1120,744,0
3444,-1160,762,0
3425,-1198,776,0
3406,-1231,790,0
3397,-1259,796,0
3396,-1288,801,0
3400,-1314,805,0
3407,-1337,810,0
3421,-1360,801,0
3444,-1367,797,0
3468,-1372,808,0
3495,-1392,821,0
3526,-1399,833,0
3552,-1398,852,0
3573,-1390,875,0
3593,-1374,891,0
3610,-1359,910,0
3626,-1350,926,0
3641,-1353,942,0
3660,-1360,958,0
3676,-1369,972,0
3682,-1376,974,0
3682,-1386,957,0
3668,-1397,926,0
3647,-1394,902,0
3622,-1382,870,0
3593,-1362,856,0
3566,-1341,852,0
3541,-1322,853,0
3512,-1309,853,0
3485,-1300,857,0
3454,-1291,858,0
3418,-1278,854,0
3377,-1262,849,0
3338,-1244,851,0
3292,-1212,870,0
3255,-1184,900,0
3229,-1154,931,0
3217,-1142,963,0
3212,-1140,985,0
3214,-1149,995,0
3213,-1162,996,0
3220,-1184,985,0
3231,-1209,974,0
3243,-1226,959,0
3272,-1245,949,0
3305,-1257,954,0
3349,-1263,974,0
3398,-1273,1000,0
3454,-1289,1028,0
3506,-1318,1039,0
3552,-1351,1031,0
3582,-1386,1011,0
3596,-1419,978,0
3594,-1446,937,0
3573,-1470,905,0
3533,-1480,884,0
3484,-1486,892,0
3431,-1490,914,0
3376,-1519,938,0
3319,-1548,961,0
3261,-1570,996,0
3209,-1604,1039,0
3157,-1629,1065,0
3105,-1657,1085,0
3050,-1679,1099,0
3011,-1719,1112,0
2975,-1763,1103,0
2951,-1806,1074,0
2936,-1833,1045,0
2948,-1852,1041,0
2986,-1871,1052,0
3034,-1886,1059,0
3103,-1903,1071,0
3178,-1919,1073,0
3260,-1935,1088,0
3335,-1923,1131,0
3418,-1937,1176,0
3494,-1966,1206,0
3554,-1995,1235,0
3606,-2035,1244,0
3649,-2075,1241,0
3670,-2107,1227,0
3686,-2137,1208,0
3697,-2178,1182,0
3687,-2180,1164,0
3663,-2170,1158,0
3640,-2180,1143,0
3600,-2166,1133,0
3565,-2162,1127,0
3527,-2166,1114,0
3489,-2195,1096,0
3439,-2205,1077,0
3388,-2232,1061,0
3336,-2226,1047,0
3290,-2234,1034,0
3257,-2241,1023,0
3221,-2212,1028,0
3207,-2183,1047,0
3202,-2167,1064,0
3212,-2166,1084,0
3216,-2153,1093,0
3209,-2110,1106,0
3214,-2095,1122,0
3217,-2088,1147,0
3205,-2065,1172,0
3205,-2061,1206,0
3208,-2074,1240,0
3220,-2118,1272,0
3211,-2101,1310,0
3212,-2107,1359,0
3206,-2100,1415,0
3197,-2099,1445,0
3190,-2133,1447,0
3179,-2170,1427,0
3174,-2207,1404,0
3164,-2205,1379,0
3177,-2230,1378,0
3194,-2257,1368,0
3225,-2303,1361,0
3237,-2317,1329,0
3237,-2330,1311,0
3219,-2322,1288,0
3205,-2334,1264,0
3176,-2313,1233,0
3137,-2250,1222,0
3118,-2249,1211,0
3086,-2192,1191,0
3061,-2096,1211,0
3053,-2041,1251,0
3039,-1987,1270,0
3045,-1963,1301,0
3047,-1917,1345,0
3060,-1897,1418,0
3074,-1909,1481,0
3079,-1913,1549,0
3069,-1917,1598,0
3044,-1933,1621,0
3011,-1942,1628,0
2970,-1939,1622,0
2931,-1947,1616,0
2897,-1976,1577,0
2888,-2051,1533,0
2892,-2125,1478,0
2901,-2146,1452,0
2940,-2201,1445,0
2977,-2232,1436,0
3006,-2221,1457,0
3037,-2192,1498,0
3079,-2245,1506,0
3105,-2275,1504,0
3134,-2297,1514,0
3168,-2298,1538,0
3207,-2296,1574,0
3252,-2295,1613,0
3286,-2270,1645,0
3312,-2266,1653,0
3311,-2222,1656,0
3298,-2201,1652,0
3277,-2173,1640,0
3242,-2153,1625,0
3205,-2135,1618,0
3173,-2138,1609,0
3137,-2129,1607,0
3099,-2105,1626,0
3073,-2090,1638,0
3049,-2070,1649,0
3036,-2063,1665,0
3033,-2055,1690,0
3049,-2041,1719,0
3085,-2039,1733,0
3132,-2034,1750,0
3191,-2011,1782,0
3278,-1983,1817,0
3373,-1949,1858,0
3468,-1927,1892,0
3560,-1932,1884,0
3627,-1892,1881,0
3679,-1826,1888,0
3728,-1777,1893,0
3757,-1772,1850,0
3774,-1771,1814,0
3772,-1743,1809,0
3791,-1692,1802,0
3815,-1554,1879,0
3802,-1419,2010,0
3798,-1386,2149,0
3765,-1622,2187,0
3728,-2099,1958,0
3729,-2342,1650,0
3670,-2216,1580,0
3568,-2001,1736,0
3499,-1913,1855,0
3496,-1867,1887,0
3553,-1794,1947,0
3629,-1682,2059,0
3686,-1556,2160,0
3702,-1440,2217,0
3679,-1366,2231,0
3639,-1329,2213,0
3598,-1308,2183,0
3564,-1277,2154,0
3531,-1214,2123,0
3501,-1132,2106,0
3482,-1025,2110,0
3463,-910,2146,0
3448,-824,2187,0
3426,-770,2201,0
3399,-748,2206,0
3371,-726,2195,0
3356,-694,2191,0
3372,-674,2209,0
3371,-684,2226,0
3378,-692,2238,0
3410,-690,2253,0
3453,-701,2261,0
3496,-723,2279,0
3544,-756,2294,0
3595,-790,2296,0
3660,-808,2310,0
3720,-813,2355,0
3777,-820,2427,0
3830,-846,2467,0
3878,-880,2472,0
3921,-918,2477,0
3978,-946,2479,0
4011,-944,2496,0
4044,-959,2511,0
4069,-1005,2503,0
4087,-1031,2474,0
4086,-1020,2443,0
4078,-1012,2391,0
4058,-999,2351,0
4029,-973,2307,0
3992,-939,2271,0
3944,-900,2226,0
3894,-862,2185,0
3834,-825,2149,0
3778,-795,2107,0
3716,-768,2070,0
3649,-742,2037,0
3587,-715,1999,0
3524,-676,1960,0
3463,-628,1927,0
3402,-585,1888,0
3356,-549,1859,0
3315,-517,1833,0
3282,-483,1810,0
3254,-443,1799,0
3233,-402,1797,0
3221,-378,1788,0
3214,-360,1781,0
3210,-337,1778,0
3211,-328,1769,0
3221,-307,1751,0
3234,-288,1748,0
3253,-274,1748,0
3286,-272,1744,0
3315,-262,1731,0
3341,-257,1720,0
3365,-263,1704,0
3382,-295,1689,0
3373,-364,1664,0
3379,-523,1534,0
3421,-516,1406,0
3443,-316,1424,0
3472,-95,1541,0
3544,48,1655,0
3650,113,1715,0
3774,125,1761,0
3900,104,1798,0
4002,82,1823,0
4071,70,1829,0
4109,75,1812,0
4121,78,1799,0
4110,88,1772,0
4079,90,1739,0
4038,93,1737,0
3977,135,1765,0
3882,192,1797,0
3562,255,1710,0
3664,201,1853,0
3667,188,1616,0
3733,161,1464,0
3832,171,1529,0
3895,238,1640,0
3941,304,1751,0
3962,335,1805,0
3968,337,1858,0
3955,309,1848,0
3970,235,1782,0
3863,383,1856,0
3780,496,1902,0
3723,582,1852,0
3674,692,1881,0
3646,771,1908,0
3684,640,1862,0
3680,571,1821,0
3664,551,1811,0
3646,582,1748,0
3628,648,1763,0
3612,705,1765,0
3608,739,1764,0
3621,750,1771,0
3630,775,1766,0
3633,788,1751,0
3646,780,1750,0
3643,758,1761,0
3627,965,1857,0
3600,997,1862,0
3593,970,1802,0
3583,970,1741,0
3574,980,1728,0
3581,956,1714,0
3578,934,1711,0
3570,943,1717,0
3569,958,1716,0
3577,975,1717,0
3577,996,1731,0
3579,1030,1749,0
3571,1076,1757,0
3565,1114,1750,0
3561,1132,1735,0
3554,1155,1720,0
3555,1172,1709,0
3556,1206,1702,0
3552,1237,1700,0
3550,1253,1707,0
3542,1273,1706,0
3535,1290,1699,0
3530,1304,1701,0
3531,1299,1710,0
3531,1291,1724,0
3542,1269,1742,0
3553,1243,1751,0
3569,1216,1762,0
3583,1195,1769,0
3591,1167,1773,0
3596,1136,1782,0
3591,1102,1780,0
3581,1079,1772,0
3581,1057,1767,0
3582,1025,1774,0
3578,997,1771,0
3580,971,1767,0
3580,950,1762,0
3574,935,1749,0
3574,934,1741,0
3572,932,1747,0
3569,930,1746,0
3561,928,1739,0
3555,931,1735,0
3552,937,1737,0
3550,932,1737,0
3550,934,1736,0
3553,935,1734,0
3558,935,1732,0
3561,929,1736,0
3563,935,1739,0
3558,947,1745,0
3552,953,1746,0
3548,951,1754,0
3542,938,1761,0
3533,930,1766,0
3529,939,1767,0
3532,927,1767,0
3539,912,1772,0
3550,900,1773,0
3563,887,1774,0
3574,877,1771,0
3584,863,1762,0
3583,855,1745,0
3573,867,1731,0
3557,885,1716,0
3542,904,1701,0
3537,914,1693,0
3526,919,1683,0
3514,929,1685,0
3501,948,1683,0
3482,980,1678,0
3470,1007,1676,0
3459,1035,1666,0
3455,1047,1672,0
3460,1049,1675,0
3462,1046,1677,0
3461,1037,1680,0
3456,1032,1677,0
3454,1027,1670,0
3458,1018,1664,0
3458,1022,1668,0
3466,1020,1667,0
3470,1021,1673,0
3485,1014,1673,0
3497,1011,1681,0
3508,1009,1689,0
3519,999,1689,0
3522,991,1694,0
3526,985,1699,0
3531,975,1707,0
3536,970,1713,0
3535,962,1719,0
3536,954,1717,0
3547,947,1720,0
3551,942,1723,0
3552,939,1723,0
3544,935,1722,0
3534,932,1719,0
3517,932,1710,0
3503,925,1709,0
3489,921,1704,0
3474,926,1705,0
3457,932,1704,0
3447,938,1713,0
3440,939,1721,0
3441,941,1732,0
3447,942,1740,0
3465,945,1754,0
3485,945,1763,0
3508,951,1772,0
3531,950,1781,0
3551,951,1788,0
3565,955,1785,0
3577,958,1778,0
3577,964,1771,0
3574,968,1764,0
3568,968,1758,0
3559,973,1749,0
3546,977,1737,0
3534,977,1728,0
3523,982,1724,0
3512,984,1721,0
3506,984,1716,0
3499,988,1713,0
3490,989,1712,0
3484,988,1708,0
3478,988,1706,0
3473,988,1701,0
3471,992,1695,0
3465,999,1693,0
3466,1007,1691,0
3469,1011,1695,0
3476,1019,1692,0
3487,1017,1693,0
3493,1024,1690,0
3504,1027,1692,0
3512,1028,1692,0
3520,1033,1696,0
3520,1032,1696,0
3521,1032,1696,0
3524,1029,1695,0
3523,1030,1697,0
3520,1026,1698,0
3518,1024,1701,0
3513,1016,1701,0
3510,1007,1703,0
3504,1001,1705,0
3501,999,1704,0
3497,995,1706,0
3499,988,1714,0
3497,982,1719,0
3498,979,1723,0
3498,979,1729,0
3500,972,1725,0
3499,968,1726,0
3496,966,1732,0
3498,963,1731,0
3501,958,1736,0
3509,957,1741,0
3508,958,1741,0
3510,958,1741,0
3515,958,1742,0
3517,959,1740,0
3521,961,1740,0
3528,960,1738,0
3533,963,1738,0
3533,967,1736,0
3540,974,1735,0
3545,976,1732,0
3544,983,1727,0
3541,981,1725,0
3540,982,1722,0
3538,983,1722,0
3541,992,1718,0
3544,997,1713,0
3544,1002,1711,0
3541,1007,1704,0
3537,1008,1700,0
3534,1012,1696,0
3532,1010,1689,0
3530,1009,1686,0
3523,1009,1685,0
3516,1012,1683,0
3511,1012,1685,0
3508,1010,1681,0
3505,1009,1683,0
3503,1004,1686,0
3501,999,1687,0
3503,997,1689,0
3510,993,1697,0
3512,992,1697,0
3517,989,1699,0
3524,988,1706,0
3529,985,1704,0
3532,979,1705,0
3539,975,1703,0
3544,975,1705,0
3541,973,1703,0
3539,972,1704,0
3542,969,1704,0
3545,968,1704,0
3543,963,1708,0
3540,962,1705,0
3538,963,1708,0
3536,964,1706,0
3531,963,1707,0
3526,962,1704,0
3523,966,1707,0
3518,968,1707,0
3519,970,1703,0
3517,970,1699,0
3513,972,1701,0
3516,974,1692,0
3511,977,1691,0
3513,978,1693,0
3513,980,1694,0
3511,982,1694,0
3515,978,1693,0
3514,977,1696,0
3516,980,1699,0
3520,980,1702,0
3525,975,1707,0
3524,976,1710,0
3529,971,1712,0
3533,971,1710,0
3538,972,1713,0
3542,975,1713,0
3546,973,1714,0
3552,978,1713,0
3554,974,1713,0
3559,974,1708,0
3559,974,1708,0
3552,974,1709,0
3550,973,1707,0
3543,973,1704,0
3542,972,1701,0
3538,971,1700,0
3533,971,1698,0
3529,971,1696,0
3522,972,1698,0
3523,971,1699,0
3525,972,1698,0
3522,974,1700,0
3526,976,1704,0
3529,972,1706,0
3528,970,1705,0
3533,969,1707,0
3530,967,1709,0
3531,965,1711,0
3530,966,1714,0
3532,963,1712,0
3536,961,1715,0
3538,963,1715,0
3539,964,1711,0
3539,962,1709,0
3539,962,1704,0
3537,967,1704,0
3532,968,1700,0
3530,971,1696,0
3529,972,1694,0
3530,974,1692,0
3530,976,1691,0
3529,972,1688,0
3530,967,1683,0
3532,954,1673,0
3530,970,1681,0
3533,973,1686,0
3530,977,1692,0
3527,979,1700,0
3527,976,1704,0
3531,977,1705,0
3530,969,1706,0
3533,966,1704,0
3538,961,1700,0
3537,962,1701,0
3535,966,1702,0
3532,964,1702,0
3533,964,1703,0
3534,966,1702,0
3532,969,1701,0
3532,967,1701,0
3529,971,1701,0
3526,970,1702,0
3531,970,1699,0
3533,964,1701,0
3538,960,1697,0
3540,960,1696,0
3537,976,1706,0
3537,972,1707,0
3536,968,1709,0
3533,969,1716,0
3535,966,1718,0
3534,960,1718,0
3532,957,1720,0
3531,954,1718,0
3526,954,1712,0
3529,955,1705,0
3527,957,1704,0
3526,956,1700,0
3527,956,1699,0
3527,960,1700,0
3524,960,1702,0
3523,961,1700,0
3518,961,1697,0
3518,964,1700,0
3519,964,1699,0
3521,963,1699,0
3522,964,1700,0
3524,968,1705,0
3529,969,1709,0
3532,969,1707,0
3531,967,1707,0
3531,963,1709,0
3533,958,1703,0
3535,953,1699,0
3536,965,1705,0
3532,972,1708,0
3531,969,1706,0
3527,970,1702,0
3525,965,1702,0
3526,964,1705,0
3528,969,1709,0
3529,972,1706,0
3527,972,1708,0
3525,970,1703,0
3523,970,1699,0
3524,969,1698,0
3527,967,1699,0
3529,960,1691,0
3531,964,1694,0
3532,978,1706,0
3531,974,1705,0
3531,967,1701,0
3529,968,1702,0
3529,964,1704,0
3529,964,1706,0
3532,965,1702,0
3533,964,1702,0
3532,959,1698,0
3532,959,1703,0
3533,968,1713,0
3536,965,1715,0
3538,963,1715,0
3538,961,1716,0
3536,959,1717,0
3537,961,1717,0
3539,961,1718,0
3539,960,1714,0
3538,959,1710,0
3536,961,1709,0
3532,964,1704,0
3532,962,1703,0
3529,962,1699,0
3532,956,1691,0
3528,955,1688,0
3524,963,1702,0
3523,966,1707,0
3519,964,1707,0
3514,963,1705,0
3516,960,1704,0
3513,960,1701,0
3514,965,1698,0
3516,963,1702,0
3520,963,1701,0
3528,966,1700,0
3531,967,1703,0
3534,968,1700,0
3536,965,1698,0
3535,963,1701,0
3536,967,1702,0
3539,965,1699,0
3535,964,1699,0
3538,957,1694,0
3539,949,1685,0
3537,984,1709,0
3538,974,1712,0
3534,966,1709,0
3533,962,1712,0
3529,955,1709,0
3527,957,1706,0
3526,960,1706,0
3525,960,1702,0
3525,959,1704,0
3522,958,1705,0
3523,959,1708,0
3526,963,1707,0
3524,964,1707,0
3527,963,1708,0
3528,962,1709,0
3530,964,1707,0
3532,962,1709,0
3531,962,1708,0
3533,963,1707,0
3534,965,1706,0
3536,964,1705,0
3536,961,1706,0
3539,957,1703,0
3548,940,1683,0
3543,972,1706,0
3539,976,1716,0
3538,963,1717,0
3534,960,1712,0
3528,955,1711,0
3527,953,1708,0
3525,954,1703,0
3523,955,1702,0
3525,956,1702,0
3528,960,1703,0
3529,959,1704,0
3530,959,1704,0
3530,959,1704,0
3528,961,1705,0
3527,962,1705,0
3529,961,1702,0
3526,961,1703,0
3530,960,1704,0
3532,961,1703,0
3534,960,1706,0
3534,958,1710,0
3534,960,1713,0
3535,961,1715,0
3535,960,1715,0
3533,957,1714,0
3533,955,1706,0
3532,953,1700,0
3532,957,1699,0
3531,960,1694,0
3529,960,1692,0
3524,962,1691,0
3523,963,1695,0
3522,963,1695,0
3521,961,1693,0
3523,966,1696,0
3524,967,1695,0
3528,965,1695,0
3530,961,1697,0
3535,960,1697,0
3537,963,1700,0
3539,962,1701,0
3539,961,1703,0
3540,957,1704,0
3542,936,1677,0
3537,960,1696,0
3539,972,1714,0
3541,962,1714,0
3538,959,1718,0
3535,954,1714,0
3534,952,1712,0
3529,952,1711,0
3532,951,1710,0
3531,953,1708,0
3529,955,1708,0
3528,954,1709,0
3529,955,1710,0
3528,955,1707,0
3528,957,1704,0
3533,956,1708,0
3530,960,1706,0
3530,958,1707,0
3529,957,1704,0
3532,952,1705,0
3534,952,1704,0
3534,953,1704,0
3531,954,1706,0
3529,959,1706,0
3530,960,1708,0
3529,960,1709,0
3523,961,1708,0
3523,959,1710,0
3524,957,1709,0
3525,960,1713,0
3527,959,1712,0
3528,959,1713,0
3529,958,1713,0
3531,959,1711,0
3531,960,1712,0
3535,958,1711,0
3534,957,1708,0
3537,960,1707,0
3537,957,1705,0
3536,954,1706,0
3533,952,1710,0
3535,954,1708,0
3533,947,1704,0
3528,948,1704,0
3528,950,1705,0
3529,952,1704,0
3530,958,1705,0
3529,960,1700,0
3529,958,1701,0
3528,960,1702,0
3530,961,1699,0
3530,961,1697,0
3536,967,1697,0
3532,970,1696,0
3533,969,1697,0
3533,972,1696,0
3535,971,1699,0
3535,972,1698,0
3534,971,1700,0
3531,969,1701,0
3531,966,1700,0
3529,960,1701,0
3530,958,1703,0
3534,958,1703,0
3537,953,1706,0
3535,948,1709,0
3532,948,1711,0
3531,949,1714,0
3535,949,1714,0
3532,949,1714,0
3528,952,1713,0
3529,950,1714,0
3528,952,1712,0
3527,951,1713,0
3524,950,1711,0
3522,951,1711,0
3520,957,1709,0
3523,959,1711,0
3523,958,1706,0
3521,960,1706,0
3521,963,1706,0
3523,962,1706,0
3528,961,1706,0
3529,963,1707,0
3532,959,1709,0
3533,963,1708,0
3536,960,1706,0
3537,961,1707,0
3535,959,1707,0
3534,962,1706,0
3531,962,1710,0
3534,962,1711,0
3535,957,1709,0
3534,959,1708,0
3528,962,1710,0
3525,960,1708,0
3526,961,1707,0
3524,964,1703,0
3524,963,1702,0
3524,962,1703,0
3524,963,1705,0
3527,966,1705,0
3525,962,1710,0
3527,962,1708,0
3529,962,1707,0
3530,961,1707,0
3534,961,1708,0
3535,961,1709,0
3531,966,1709,0
3533,966,1711,0
3533,965,1711,0
3532,966,1713,0
3530,967,1718,0
3528,965,1717,0
3527,961,1719,0
3527,958,1720,0
3525,949,1720,0
3527,946,1716,0
3526,945,1709,0
3526,946,1708,0
3526,947,1711,0
3526,946,1713,0
3526,950,1713,0
3525,952,1714,0
3521,952,1712,0
3522,954,1711,0
3522,956,1709,0
3517,956,1712,0
3521,958,1711,0
3522,956,1712,0
3524,959,1707,0
3525,957,1709,0
3528,958,1710,0
3534,961,1713,0
3531,963,1712,0
3527,964,1709,0
3528,965,1707,0
3527,968,1709,0
3527,967,1710,0
3526,965,1712,0
3528,963,1712,0
3527,963,1710,0
3526,963,1710,0
3529,961,1710,0
3531,962,1704,0
3531,960,1707,0
3532,961,1707,0
3532,963,1707,0
3532,962,1708,0
3534,959,1707,0
3534,958,1706,0
3534,961,1706,0
3532,962,1704,0
3533,965,1699,0
3530,967,1692,0
3524,968,1695,0
3523,965,1696,0
3522,967,1694,0
3522,968,1699,0
3523,968,1702,0
3523,969,1704,0
3521,971,1704,0
3523,967,1706,0
3526,969,1705,0
3527,969,1709,0
3531,966,1713,0
3531,959,1713,0
3532,959,1712,0
3531,960,1715,0
3528,958,1717,0
3529,955,1719,0
3528,956,1720,0
3528,960,1720,0
3528,957,1720,0
3526,956,1716,0
3525,956,1719,0
3526,958,1719,0
3525,959,1714,0
3526,960,1711,0
3525,961,1712,0
3525,961,1710,0
3520,962,1710,0
3518,956,1706,0
3523,955,1705,0
3522,957,1703,0
3524,960,1703,0
3525,961,1703,0
3528,963,1707,0
3526,963,1705,0
3526,961,1707,0
3527,965,1707,0
3529,963,1707,0
3533,962,1703,0
3532,962,1707,0
3531,963,1708,0
3532,964,1708,0
3534,962,1709,0
3533,963,1708,0
3535,963,1709,0
3534,960,1708,0
3533,961,1710,0
3532,961,1712,0
3532,961,1709,0
3531,961,1706,0
3530,963,1708,0
3528,960,1709,0
3529,958,1708,0
3528,960,1710,0
3526,958,1712,0
3530,960,1713,0
3525,960,1711,0
3524,962,1709,0
3527,962,1707,0
3527,961,1705,0
3528,967,1708,0
3529,966,1709,0
3530,967,1709,0
3534,966,1709,0
3534,968,1714,0
3533,965,1712,0
3533,960,1711,0
3530,960,1714,0
3529,958,1714,0
3530,958,1717,0
3531,956,1714,0
3527,956,1711,0
3527,956,1712,0
3530,960,1712,0
3528,960,1708,0
3529,965,1707,0
3526,965,1705,0
3524,969,1700,0
3525,970,1700,0
3525,967,1698,0
3518,969,1698,0
3519,968,1702,0
3519,965,1703,0
3525,966,1700,0
3523,967,1704,0
3521,963,1708,0
3524,960,1711,0
3526,963,1710,0
3528,960,1710,0
3530,958,1713,0
3530,960,1713,0
3532,960,1714,0
3529,960,1712,0
3530,961,1708,0
3530,963,1707,0
3530,963,1704,0
3531,964,1705,0
3531,965,1706,0
3532,964,1707,0
3531,964,1703,0
3531,962,1702,0
3529,964,1703,0
3530,964,1704,0
3521,966,1709,0
3523,967,1708,0
3524,969,1708,0
3525,968,1706,0
3528,968,1708,0
3528,970,1710,0
3529,968,1708,0
3531,967,1707,0
3531,973,1707,0
3530,974,1708,0
3533,974,1710,0
3532,970,1708,0
3532,966,1713,0
3536,964,1711,0
3535,965,1709,0
3533,965,1708,0
3534,962,1704,0
3533,964,1705,0
3530,963,1701,0
3530,963,1702,0
3530,965,1703,0
3532,966,1701,0
3527,966,1703,0
3527,966,1703,0
3528,966,1703,0
3524,965,1704,0
3521,966,1703,0
3523,967,1702,0
3525,970,1702,0
3528,971,1703,0
3528,974,1705,0
3530,973,1707,0
3530,969,1706,0
3531,965,1707,0
3529,967,1709,0
3531,962,1705,0
3528,964,1706,0
3528,964,1709,0
3525,965,1713,0
3530,968,1715,0
3525,969,1711,0
3525,967,1713,0
3523,965,1714,0
3520,963,1714,0
3521,963,1714,0
3519,966,1716,0
3521,968,1716,0
3521,969,1710,0
3523,970,1708,0
3527,970,1704,0
3529,974,1697,0
3529,975,1692,0
3526,975,1688,0
3529,979,1689,0
3530,977,1687,0
3529,979,1685,0
3528,978,1686,0
3527,981,1681,0
3531,985,1684,0
3532,986,1686,0
3536,980,1689,0
3536,983,1689,0
3537,984,1690,0
3536,979,1693,0
3534,976,1696,0
3532,977,1696,0
3535,979,1696,0
3535,975,1699,0
3531,973,1700,0
3530,974,1698,0
3530,978,1698,0
3529,978,1696,0
3533,977,1693,0
3534,979,1693,0
3533,980,1693,0
3536,982,1689,0
3533,984,1691,0
3533,983,1693,0
3529,984,1693,0
3530,980,1688,0
3534,978,1688,0
3532,977,1689,0
3532,976,1692,0
3533,975,1694,0
3534,975,1694,0
3534,972,1697,0
3532,971,1702,0
3533,966,1706,0
3529,961,1711,0
3528,959,1711,0
3528,956,1714,0
3528,956,1716,0
3529,955,1713,0
3529,955,1719,0
3529,953,1715,0
3527,956,1717,0
3527,956,1716,0
3527,957,1714,0
3526,958,1716,0
3524,962,1716,0
3519,966,1717,0
3518,968,1717,0
3515,971,1714,0
3513,971,1711,0
3518,969,1712,0
3518,970,1709,0
3519,970,1708,0
3524,970,1707,0
3522,970,1705,0
3525,971,1705,0
3529,970,1704,0
3529,970,1702,0
3529,971,1699,0
3529,974,1698,0
3532,975,1697,0
3533,977,1689,0
3536,982,1685,0
3538,986,1686,0
3536,988,1681,0
3538,991,1676,0
3538,993,1673,0
3536,992,1675,0
3536,994,1675,0
3536,993,1675,0
3536,990,1674,0
3537,991,1676,0
3537,989,1675,0
3536,988,1679,0
3536,989,1683,0
3535,984,1685,0
3537,982,1686,0
3535,980,1684,0
3536,978,1687,0
3535,977,1691,0
3536,978,1692,0
3538,978,1690,0
3536,977,1691,0
3533,982,1691,0
3533,983,1688,0
3528,987,1687,0
3531,982,1694,0
3527,982,1697,0
3528,981,1696,0
3527,978,1699,0
3528,976,1696,0
3529,972,1697,0
3528,975,1697,0
3530,976,1698,0
3531,976,1701,0
3531,976,1699,0
3529,974,1700,0
3526,973,1698,0
3525,974,1699,0
3530,973,1700,0
3527,973,1697,0
3532,974,1696,0
3532,977,1695,0
3533,973,1699,0
3529,973,1702,0
3529,972,1700,0
3527,974,1701,0
3526,973,1699,0
3523,976,1696,0
3522,978,1691,0
3526,980,1694,0
3527,982,1693,0
3528,983,1696,0
3533,981,1695,0
3532,985,1693,0
3533,983,1690,0
3538,983,1692,0
3538,984,1691,0
3538,987,1693,0
3536,986,1691,0
3538,988,1693,0
3537,984,1696,0
3538,977,1693,0
3541,976,1694,0
3540,971,1693,0
3540,973,1689,0
3536,973,1684,0
3535,974,1681,0
3533,978,1679,0
3534,983,1676,0
3534,985,1676,0
3530,985,1675,0
3531,986,1676,0
3529,984,1678,0
3526,983,1679,0
3526,983,1680,0
3529,984,1680,0
3530,984,1685,0
3530,987,1684,0
3534,981,1680,0
3538,978,1683,0
3541,985,1686,0
3541,983,1688,0
3542,985,1690,0
3538,985,1691,0
3536,981,1694,0
3532,984,1690,0
3534,983,1689,0
3534,985,1689,0
3528,983,1691,0
3529,983,1695,0
3530,984,1697,0
3532,982,1695,0
3532,983,1691,0
3533,983,1694,0
3532,982,1696,0
3534,984,1693,0
3532,986,1694,0
3533,987,1691,0
3537,984,1691,0
3535,983,1689,0
3534,984,1689,0
3537,985,1685,0
3532,986,1685,0
3530,983,1685,0
3529,984,1686,0
3526,986,1688,0
3529,985,1689,0
3530,985,1689,0
3529,982,1688,0
3528,982,1687,0
3526,986,1687,0
3529,985,1688,0
3526,987,1690,0
3527,983,1694,0
3528,987,1694,0
3525,983,1695,0
3524,984,1694,0
3524,982,1696,0
3526,983,1694,0
3529,981,1697,0
3531,981,1697,0
3530,980,1696,0
3533,979,1696,0
3532,981,1695,0
3532,979,1694,0
3531,983,1692,0
3530,981,1690,0
3531,980,1694,0
3529,979,1693,0
3526,984,1691,0
3528,986,1689,0
3527,989,1688,0
3530,988,1690,0
3532,984,1690,0
3532,987,1692,0
3533,988,1693,0
3531,986,1691,0
3533,987,1687,0
3534,985,1690,0
3532,983,1688,0
3533,984,1690,0
3534,986,1690,0
3535,980,1687,0
3535,980,1688,0
3534,982,1686,0
3532,982,1687,0
3532,983,1690,0
3532,985,1689,0
3531,985,1688,0
3531,990,1687,0
3531,987,1690,0
3530,986,1687,0
3531,982,1690,0
3530,984,1689,0
3528,985,1690,0
3533,987,1690,0
3531,989,1691,0
3531,987,1690,0
3532,988,1691,0
3533,987,1692,0
3534,984,1691,0
3536,981,1692,0
3533,982,1693,0
3534,985,1692,0
3533,985,1694,0
3533,987,1694,0
3530,985,1694,0
3531,985,1695,0
3531,982,1695,0
3527,985,1694,0
3525,981,1692,0
3527,979,1694,0
3526,979,1697,0
3526,979,1694,0
3525,979,1697,0
3520,977,1697,0
3521,975,1697,0
3525,975,1698,0
3524,974,1698,0
3524,974,1695,0
3525,974,1695,0
3528,973,1695,0
3530,973,1693,0
3529,972,1694,0
3527,971,1697,0
3526,975,1697,0
3529,978,1699,0
3528,975,1698,0
3528,976,1699,0
3531,977,1702,0
3532,978,1702,0
3529,978,1698,0
3526,978,1696,0
3527,979,1696,0
3529,980,1695,0
3529,977,1693,0
3529,979,1691,0
3531,979,1694,0
3533,980,1697,0
3531,980,1696,0
3529,978,1697,0
3528,980,1696,0
3530,979,1699,0
3531,981,1698,0
3531,981,1697,0
3533,980,1694,0
3532,983,1694,0
3532,983,1694,0
3530,989,1694,0
3532,989,1690,0
3531,990,1692,0
3525,990,1693,0
3529,988,1694,0
3529,984,1697,0
3527,986,1695,0
3531,987,1697,0
3532,985,1697,0
3531,982,1698,0
3531,979,1700,0
3533,978,1705,0
3531,978,1707,0
3530,972,1706,0
3533,968,1706,0
3534,964,1708,0
3533,965,1708,0
3532,968,1702,0
3530,970,1699,0
3528,973,1694,0
3529,974,1691,0
3527,977,1686,0
3525,977,1686,0
3528,979,1687,0
3524,979,1687,0
3521,981,1687,0
3517,980,1689,0
3520,980,1688,0
3523,984,1695,0
3527,981,1697,0
3530,982,1698,0
3535,981,1701,0
3535,980,1701,0
3534,979,1699,0
3536,979,1700,0
3535,980,1701,0
3533,979,1703,0
3531,977,1701,0
3526,976,1701,0
3527,976,1701,0
3526,977,1700,0
3528,978,1702,0
3525,981,1703,0
3524,978,1701,0
3524,976,1701,0
3522,975,1703,0
3524,970,1705,0
3523,969,1708,0
3522,972,1706,0
3526,972,1704,0
3529,972,1702,0
3528,971,1703,0
3529,970,1703,0
3530,973,1706,0
3531,974,1705,0
3530,974,1704,0
3529,974,1703,0
3527,978,1696,0
3525,976,1696,0
3526,975,1697,0
3527,977,1698,0
3525,978,1699,0
3525,978,1701,0
3524,977,1701,0
3525,980,1702,0
3526,977,1707,0
3524,980,1708,0
3526,982,1708,0
3529,979,1708,0
3533,978,1704,0
3535,976,1705,0
3532,977,1704,0
3530,977,1698,0
3530,978,1699,0
3531,978,1700,0
3528,977,1698,0
3527,977,1694,0
3528,977,1693,0
3527,981,1693,0
3526,980,1695,0
3526,980,1695,0
3527,977,1695,0
3527,980,1697,0
3528,978,1698,0
3527,977,1700,0
3527,980,1698,0
3528,979,1698,0
3526,979,1698,0
3529,979,1697,0
3532,976,1694,0
3532,975,1698,0
3531,976,1697,0
3531,974,1697,0
3533,976,1698,0
3533,974,1694,0
3531,974,1697,0
3533,974,1698,0
3530,977,1698,0
3531,975,1701,0
3531,976,1703,0
3531,975,1703,0
3532,974,1701,0
3529,976,1700,0
3528,975,1700,0
3527,972,1702,0
3523,971,1699,0
3525,975,1698,0
3526,974,1698,0
3525,975,1699,0
3525,973,1698,0
3524,976,1700,0
3525,975,1698,0
3527,975,1698,0
3528,969,1700,0
3530,972,1702,0
3531,971,1701,0
3533,970,1703,0
3532,973,1703,0
3530,969,1700,0
3529,969,1702,0
3531,969,1704,0
3529,967,1707,0
3529,969,1711,0
3527,966,1714,0
3528,966,1713,0
3526,964,1710,0
3521,964,1708,0
3524,965,1708,0
3524,966,1708,0
3525,972,1708,0
3527,968,1706,0
3524,967,1709,0
3528,968,1708,0
3525,967,1706,0
3527,969,1705,0
3528,967,1702,0
3535,955,1688,0
3533,963,1691,0
3533,983,1708,0
3533,977,1713,0
3532,972,1713,0
3531,967,1711,0
3530,966,1709,0
3529,968,1710,0
3527,967,1709,0
3526,972,1705,0
3529,972,1700,0
3529,971,1701,0
3532,968,1701,0
3530,969,1700,0
3527,971,1700,0
3525,971,1702,0
3522,972,1704,0
3523,975,1701,0
3524,978,1700,0
3524,975,1703,0
3523,975,1703,0
3526,973,1701,0
3528,972,1701,0
3532,972,1701,0
3535,965,1701,0
3544,946,1683,0
3544,982,1703,0
3546,990,1713,0
3536,976,1709,0
3531,975,1711,0
3532,970,1712,0
3529,966,1713,0
3531,960,1708,0
3534,968,1712,0
3534,968,1711,0
3533,968,1708,0
3531,969,1703,0
3531,969,1698,0
3530,974,1696,0
3526,975,1692,0
3525,975,1693,0
3523,975,1696,0
3522,975,1696,0
3523,975,1697,0
3521,974,1692,0
3523,973,1694,0
3526,969,1693,0
3535,950,1678,0
3534,977,1695,0
3536,980,1706,0
3539,972,1707,0
3538,972,1709,0
3538,982,1717,0
3534,979,1719,0
3532,968,1718,0
3530,966,1715,0
3529,967,1710,0
3530,965,1709,0
3530,970,1709,0
3528,967,1706,0
3525,966,1706,0
3525,969,1706,0
3527,967,1707,0
3526,965,1707,0
3527,964,1705,0
3524,964,1704,0
3526,966,1707,0
3529,971,1713,0
3528,968,1713,0
3525,964,1710,0
3526,965,1710,0
3526,964,1707,0
3523,965,1709,0
3524,965,1708,0
3525,969,1710,0
3528,968,1709,0
3527,968,1709,0
3526,968,1708,0
3527,968,1711,0
3527,969,1713,0
3527,971,1716,0
3526,971,1714,0
3528,967,1715,0
3526,966,1718,0
3528,964,1716,0
3527,960,1713,0
3527,957,1711,0
3529,960,1709,0
3530,959,1707,0
3527,963,1706,0
3525,963,1708,0
3527,959,1709,0
3527,960,1709,0
3526,958,1707,0
3522,961,1707,0
3523,964,1700,0
3528,965,1702,0
3530,968,1703,0
3529,965,1703,0
3529,965,1703,0
3527,967,1701,0
3528,970,1698,0
3530,969,1696,0
3531,971,1697,0
3532,971,1697,0
3529,973,1699,0
3532,974,1699,0
3537,971,1701,0
3535,970,1700,0
3535,974,1702,0
3533,973,1699,0
3534,970,1701,0
3533,973,1700,0
3532,971,1701,0
3531,970,1702,0
3530,968,1701,0
3531,969,1703,0
3533,967,1705,0
3531,970,1704,0
3529,969,1704,0
3528,966,1704,0
3530,967,1708,0
3531,968,1707,0
3528,967,1707,0
3530,968,1708,0
3531,967,1707,0
3528,968,1706,0
3526,968,1708,0
3528,964,1707,0
3529,962,1707,0
3526,962,1710,0
3524,964,1708,0
3523,966,1708,0
3522,967,1709,0
3524,967,1709,0
3525,967,1711,0
3523,965,1712,0
3525,964,1715,0
3529,963,1715,0
3528,966,1715,0
3527,967,1716,0
3529,969,1710,0
3530,971,1709,0
3529,970,1709,0
3526,972,1710,0
3524,968,1709,0
3523,967,1707,0
3526,965,1709,0
3525,969,1709,0
3525,970,1708,0
3523,971,1706,0
3524,968,1707,0
3527,966,1706,0
3526,969,1702,0
3523,971,1705,0
3525,973,1704,0
3526,973,1704,0
3523,974,1706,0
3523,972,1703,0
3520,972,1704,0
3524,974,1700,0
3529,973,1702,0
3530,973,1699,0
3534,975,1699,0
3535,973,1701,0
3535,973,1704,0
3538,974,1706,0
3538,974,1707,0
3534,973,1708,0
3531,973,1711,0
3529,968,1717,0
3528,963,1718,0
3528,962,1716,0
3530,961,1714,0
3531,960,1712,0
3530,962,1707,0
3529,965,1704,0
3528,968,1702,0
3531,970,1699,0
3525,970,1696,0
3523,975,1693,0
3525,979,1693,0
3524,977,1693,0
3524,977,1697,0
3524,977,1695,0
3525,978,1696,0
3528,977,1694,0
3530,977,1694,0
3531,975,1697,0
3533,969,1699,0
3537,970,1702,0
3535,969,1704,0
3535,966,1703,0
3534,973,1706,0
3534,972,1706,0
3533,970,1706,0
3529,971,1708,0
3526,974,1710,0
3523,973,1708,0
3521,973,1706,0
3520,972,1713,0
3518,973,1711,0
3517,974,1709,0
3523,974,1706,0
3525,975,1707,0
3530,972,1707,0
3529,971,1707,0
3532,970,1705,0
3528,968,1708,0
3528,969,1705,0
3520,969,1706,0
3522,970,1706,0
3522,971,1708,0
3523,972,1705,0
3527,971,1707,0
3528,971,1707,0
3528,972,1706,0
3531,972,1706,0
3529,974,1708,0
3526,975,1708,0
3526,976,1708,0
3523,973,1710,0
3522,971,1710,0
3521,970,1711,0
3525,969,1710,0
3528,971,1711,0
3532,972,1711,0
3532,971,1711,0
3532,971,1708,0
3530,972,1708,0
3530,974,1699,0
3531,974,1699,0
3528,972,1699,0
3527,974,1698,0
3526,975,1700,0
3527,975,1697,0
3526,977,1695,0
3526,976,1697,0
3529,975,1698,0
3529,975,1698,0
3530,974,1695,0
3531,972,1697,0
3527,974,1698,0
3529,974,1699,0
3532,975,1703,0
3532,974,1706,0
3532,977,1707,0
3534,975,1707,0
3533,978,1705,0
3534,976,1705,0
3532,976,1705,0
3534,975,1703,0
3529,974,1702,0
3528,976,1703,0
3526,978,1701,0
3526,981,1701,0
3528,984,1699,0
3527,985,1700,0
3527,980,1699,0
3529,974,1698,0
3529,973,1701,0
3530,973,1701,0
3529,977,1703,0
3529,976,1702,0
3529,974,1703,0
3527,973,1707,0
3525,972,1706,0
3526,970,1707,0
3525,973,1707,0
3526,970,1706,0
3528,971,1700,0
3524,971,1698,0
3529,973,1700,0
3531,974,1699,0
3526,979,1700,0
3526,976,1705,0
3524,978,1704,0
3520,978,1702,0
3521,978,1704,0
3525,977,1705,0
3526,978,1704,0
3531,974,1704,0
3532,974,1704,0
3528,974,1704,0
3527,973,1701,0
3528,975,1702,0
3527,974,1702,0
3528,974,1705,0
3526,974,1702,0
3523,977,1705,0
3523,975,1704,0
3522,973,1703,0
3522,973,1702,0
3524,974,1701,0
3525,976,1703,0
3526,973,1701,0
3524,975,1703,0
3527,974,1700,0
3529,972,1699,0
3531,972,1701,0
3532,975,1702,0
3530,981,1704,0
3532,980,1702,0
3531,980,1704,0
3532,985,1701,0
3532,986,1702,0
3533,988,1702,0
3529,980,1701,0
3530,976,1699,0
3534,974,1700,0
3537,975,1703,0
3535,974,1702,0
3533,975,1700,0
3533,976,1694,0
3534,978,1692,0
3530,981,1689,0
3530,979,1690,0
3529,980,1688,0
3527,983,1688,0
3526,983,1688,0
3524,981,1686,0
3525,984,1686,0
3525,981,1690,0
3525,984,1689,0
3529,985,1690,0
3529,986,1691,0
3533,983,1695,0
3537,980,1697,0
3535,979,1697,0
3534,980,1699,0
3528,980,1701,0
3528,979,1698,0
3530,976,1697,0
3529,976,1701,0
3530,976,1698,0
3530,976,1700,0
3529,978,1698,0
3532,977,1697,0
3531,978,1698,0
3528,978,1702,0
3527,979,1703,0
3526,980,1704,0
3524,977,1700,0
3525,978,1698,0
3527,975,1697,0
3524,975,1697,0
3526,975,1695,0
3526,975,1695,0
3528,976,1700,0
3527,976,1697,0
3526,978,1691,0
3526,979,1693,0
3526,981,1695,0
3526,977,1698,0
3525,978,1698,0
3528,979,1700,0
3526,976,1699,0
3524,982,1698,0
3524,983,1701,0
3525,987,1699,0
3530,983,1699,0
3532,984,1697,0
3529,986,1698,0
3535,981,1698,0
3536,980,1698,0
3532,979,1695,0
3535,978,1697,0
3534,980,1696,0
3531,978,1695,0
3527,978,1691,0
3530,979,1691,0
3528,978,1694,0
3528,981,1692,0
3532,982,1689,0
3531,984,1690,0
3530,985,1689,0
3533,984,1689,0
3532,987,1692,0
3529,986,1688,0
3531,988,1691,0
3534,983,1694,0
3534,984,1692,0
3534,980,1691,0
3534,982,1690,0
3529,982,1691,0
3529,981,1689,0
3530,986,1689,0
3531,989,1693,0
3531,988,1695,0
3532,988,1694,0
3532,987,1693,0
3532,986,1691,0
3533,985,1694,0
3534,988,1691,0
3532,990,1692,0
3532,993,1691,0
3533,994,1688,0
3533,988,1687,0
3532,983,1689,0
3537,982,1693,0
3536,985,1693,0
3533,982,1693,0
3527,983,1697,0
3526,982,1696,0
3527,982,1696,0
3526,982,1696,0
3529,983,1696,0
3533,986,1694,0
3531,983,1697,0
3533,982,1693,0
3530,983,1695,0
3525,986,1694,0
3527,986,1694,0
3528,987,1693,0
3527,984,1694,0
3525,984,1699,0
3524,984,1698,0
3524,986,1696,0
3527,984,1698,0
3532,982,1698,0
3533,983,1698,0
3533,982,1700,0
3532,983,1701,0
3534,983,1697,0
3537,980,1700,0
3534,982,1698,0
3532,981,1696,0
3530,979,1694,0
3526,982,1694,0
3523,983,1692,0
3523,983,1693,0
3521,987,1692,0
3519,987,1693,0
3523,987,1693,0
3524,989,1693,0
3526,987,1692,0
3529,985,1694,0
3532,988,1692,0
3533,984,1693,0
3532,988,1691,0
3531,989,1691,0
3529,984,1689,0
3529,984,1695,0
3529,983,1698,0
3531,978,1700,0
3534,974,1698,0
3533,974,1699,0
3532,975,1700,0
3530,975,1697,0
3529,978,1690,0
3531,979,1688,0
3532,978,1687,0
3530,987,1689,0
3527,986,1688,0
3524,988,1684,0
3525,989,1686,0
3523,993,1684,0
3520,992,1683,0
3525,993,1683,0
3530,992,1685,0
3532,990,1685,0
3532,990,1688,0
3536,988,1691,0
3538,985,1693,0
3536,982,1694,0
3536,984,1693,0
3534,982,1692,0
3534,982,1695,0
3531,982,1694,0
3529,982,1694,0
3532,984,1692,0
3530,988,1688,0
3524,985,1691,0
3526,987,1694,0
3523,987,1694,0
3523,984,1694,0
3523,986,1689,0
3522,985,1692,0
3526,987,1690,0
3527,987,1689,0
3531,983,1694,0
3534,984,1695,0
3532,983,1693,0
3532,979,1693,0
3530,979,1691,0
3526,982,1690,0
3525,985,1688,0
3525,987,1688,0
3526,986,1689,0
3528,985,1688,0
3530,986,1688,0
3531,986,1693,0
3528,989,1693,0
3532,989,1692,0
3531,988,1691,0
3533,986,1690,0
3534,988,1692,0
3531,986,1694,0
3531,986,1697,0
3532,982,1694,0
3533,980,1694,0
3536,981,1693,0
3532,984,1692,0
3530,981,1691,0
3533,982,1689,0
3532,982,1689,0
3529,986,1688,0
3527,987,1687,0
3531,988,1687,0
3529,988,1688,0
3529,988,1687,0
3528,991,1687,0
3529,994,1686,0
3531,992,1687,0
3532,986,1690,0
3533,985,1688,0
3533,986,1691,0
3534,989,1693,0
3532,988,1689,0
3532,989,1688,0
3532,986,1688,0
3531,986,1687,0
3534,986,1690,0
3535,986,1688,0
3533,987,1690,0
3532,988,1691,0
3530,985,1690,0
3528,987,1692,0
3532,985,1691,0
3532,986,1688,0
3532,984,1687,0
3530,985,1688,0
3529,985,1685,0
3527,988,1687,0
3529,989,1686,0
3528,989,1684,0
3528,989,1686,0
3531,986,1688,0
3532,984,1694,0
3534,983,1691,0
3529,983,1690,0
3530,983,1692,0
3531,983,1691,0
3532,985,1688,0
3531,983,1690,0
3529,986,1689,0
3529,987,1691,0
3529,988,1691,0
3528,986,1693,0
3529,982,1692,0
3529,983,1693,0
3531,983,1694,0
3529,984,1695,0
3527,981,1694,0
3530,981,1691,0
3529,980,1694,0
3529,985,1694,0
3530,983,1695,0
3529,981,1691,0
3530,984,1693,0
3529,983,1695,0
3531,985,1694,0
3531,985,1693,0
3533,984,1692,0
3531,984,1695,0
3529,983,1696,0
3529,980,1695,0
3530,980,1697,0
3529,982,1697,0
3528,982,1695,0
3525,984,1696,0
3525,986,1697,0
3526,987,1694,0
3524,989,1691,0
3527,990,1692,0
3529,990,1695,0
3532,992,1693,0
3534,993,1692,0
3532,997,1696,0
3533,995,1695,0
3527,989,1695,0
3528,983,1695,0
3532,978,1698,0
3532,977,1695,0
3532,975,1695,0
3536,976,1691,0
3536,978,1688,0
3536,981,1688,0
3532,981,1685,0
3530,984,1682,0
3526,984,1684,0
3524,984,1682,0
3524,984,1684,0
3525,987,1683,0
3526,987,1683,0
3527,991,1685,0
3529,991,1685,0
3528,987,1688,0
3531,989,1690,0
3530,987,1690,0
3531,986,1692,0
3531,984,1697,0
3532,982,1698,0
3532,979,1696,0
3531,982,1697,0
3534,981,1699,0
3533,979,1697,0
3531,981,1698,0
3528,977,1699,0
3528,976,1701,0
3527,974,1700,0
3525,977,1704,0
3530,979,1707,0
3531,978,1706,0
3530,977,1702,0
3531,979,1702,0
3532,982,1702,0
3528,983,1700,0
3527,980,1699,0
3528,981,1698,0
3528,982,1695,0
3525,981,1697,0
3521,983,1700,0
3521,982,1698,0
3521,984,1698,0
3520,985,1702,0
3520,989,1702,0
3523,990,1705,0
3527,990,1702,0
3528,987,1703,0
3531,987,1700,0
3533,987,1703,0
3534,986,1697,0
3535,984,1696,0
3534,987,1694,0
3533,984,1693,0
3532,985,1693,0
3530,986,1695,0
3530,986,1696,0
3530,986,1696,0
3526,988,1694,0
3527,987,1694,0
3526,981,1695,0
3526,980,1692,0
3524,980,1698,0
3528,978,1697,0
3532,979,1699,0
3531,978,1697,0
3531,978,1696,0
3529,981,1696,0
3529,987,1697,0
3530,983,1696,0
3530,982,1697,0
3528,984,1697,0
3526,982,1695,0
3529,980,1697,0
3526,981,1694,0
3527,987,1694,0
3526,984,1694,0
3526,981,1698,0
3527,981,1696,0
3531,982,1695,0
3533,976,1699,0
3529,975,1700,0
3530,976,1699,0
3530,978,1702,0
3528,978,1703,0
3528,976,1704,0
3524,976,1703,0
3528,975,1704,0
3526,973,1702,0
3526,975,1703,0
3525,976,1703,0
3524,975,1702,0
3527,979,1703,0
3528,979,1705,0
3526,982,1702,0
3525,982,1700,0
3526,981,1703,0
3527,981,1704,0
3526,982,1706,0
3524,981,1703,0
3520,979,1706,0
3523,976,1708,0
3523,974,1709,0
3524,974,1706,0
3525,973,1710,0
3525,972,1710,0
3525,971,1712,0
3527,970,1712,0
3527,972,1710,0
3523,970,1709,0
3522,971,1706,0
3524,972,1702,0
3522,969,1703,0
3520,969,1703,0
3519,967,1703,0
3521,971,1705,0
3524,971,1704,0
3523,971,1705,0
3522,972,1707,0
3524,979,1707,0
3525,976,1706,0
3527,971,1703,0
3527,975,1704,0
3530,980,1701,0
3531,981,1704,0
3532,981,1706,0
3534,980,1706,0
3532,979,1707,0
3534,977,1708,0
3533,982,1708,0
3530,981,1706,0
3531,981,1709,0
3529,976,1707,0
3525,968,1710,0
3525,966,1708,0
3528,964,1703,0
3532,964,1704,0
3530,967,1700,0
3532,972,1698,0
3531,974,1694,0
3533,977,1687,0
3532,980,1688,0
3529,979,1690,0
3524,979,1691,0
3519,977,1691,0
3521,978,1688,0
3520,976,1690,0
3519,978,1691,0
3522,976,1696,0
3527,980,1698,0
3531,978,1697,0
3533,977,1702,0
3537,975,1704,0
3536,974,1703,0
3535,975,1705,0
3538,974,1702,0
3536,974,1704,0
3534,973,1705,0
3532,972,1703,0
3528,975,1700,0
3527,974,1704,0
3525,975,1705,0
3523,978,1705,0
3531,974,1705,0
3528,975,1706,0
3526,973,1707,0
3524,972,1707,0
3522,972,1709,0
3521,968,1707,0
3522,969,1705,0
3526,971,1706,0
3527,975,1706,0
3529,971,1706,0
3529,970,1706,0
3530,974,1704,0
3526,976,1705,0
3526,979,1703,0
3526,978,1706,0
3525,976,1711,0
3525,977,1713,0
3528,978,1709,0
3528,973,1708,0
3526,970,1710,0
3525,967,1711,0
3524,968,1711,0
3525,968,1711,0
3528,968,1707,0
3526,968,1708,0
3527,970,1708,0
3526,967,1707,0
3526,965,1709,0
3526,967,1703,0
3527,968,1705,0
3526,971,1703,0
3524,970,1704,0
3524,969,1700,0
3527,971,1702,0
3529,971,1702,0
3531,972,1706,0
3530,974,1706,0
3531,971,1703,0
3531,975,1706,0
3527,975,1702,0
3528,972,1702,0
3525,975,1699,0
3527,979,1694,0
3530,978,1697,0
3531,975,1699,0
3533,973,1698,0
3532,958,1683,0
3531,972,1690,0
3535,988,1707,0
3533,986,1713,0
3527,980,1710,0
3526,975,1708,0
3526,974,1704,0
3524,975,1702,0
3526,974,1700,0
3525,975,1700,0
3528,976,1698,0
3529,976,1701,0
3529,975,1702,0
3527,975,1705,0
3525,975,1707,0
3529,974,1705,0
3527,972,1705,0
3529,976,1708,0
3531,973,1707,0
3529,971,1710,0
3529,972,1711,0
3529,969,1710,0
3532,967,1709,0
3531,966,1708,0
3528,967,1705,0
3526,965,1707,0
3526,964,1709,0
3525,964,1707,0
3525,964,1709,0
3522,962,1708,0
3524,963,1708,0
3522,961,1707,0
3523,964,1707,0
3522,962,1706,0
3523,964,1706,0
3525,965,1708,0
3526,965,1707,0
3525,966,1708,0
3523,969,1709,0
3521,969,1709,0
3523,974,1706,0
3526,971,1705,0
3529,972,1705,0
3533,972,1705,0
3535,973,1707,0
3534,975,1712,0
3534,974,1711,0
3530,977,1707,0
3527,975,1710,0
3526,974,1712,0
3527,973,1710,0
3525,967,1708,0
3528,963,1710,0
3531,965,1707,0
3530,968,1705,0
3531,968,1699,0
3532,971,1698,0
3533,975,1699,0
3534,977,1696,0
3527,975,1697,0
3528,974,1698,0
3527,975,1695,0
3527,977,1697,0
3526,973,1697,0
3529,972,1694,0
3529,977,1695,0
3530,974,1694,0
3532,971,1698,0
3530,971,1701,0
3531,971,1707,0
3532,966,1710,0
3535,967,1707,0
3536,968,1708,0
3532,970,1707,0
3533,972,1700,0
3534,973,1699,0
3530,974,1700,0
3528,976,1700,0
3530,974,1700,0
3527,975,1701,0
3526,973,1701,0
3526,974,1701,0
3525,972,1702,0
3527,970,1703,0
3529,971,1706,0
3530,973,1705,0
3531,969,1708,0
3530,971,1709,0
3527,969,1705,0
3528,971,1704,0
3529,971,1706,0
3528,972,1707,0
3530,974,1708,0
3526,971,1709,0
3529,969,1713,0
3527,970,1711,0
3527,967,1709,0
3529,970,1707,0
3527,971,1710,0
3528,970,1713,0
3527,971,1711,0
3531,974,1708,0
3532,971,1706,0
3531,968,1707,0
3528,970,1707,0
3527,969,1707,0
3528,971,1708,0
3528,974,1709,0
3528,973,1705,0
3526,972,1706,0
3526,971,1707,0
3526,969,1706,0
3529,972,1705,0
3529,973,1702,0
3528,975,1701,0
3528,971,1699,0
3528,974,1700,0
3531,978,1698,0
3531,981,1698,0
3532,980,1698,0
3533,980,1696,0
3529,978,1696,0
3532,980,1699,0
3532,979,1699,0
3531,976,1699,0
3530,975,1698,0
3530,972,1701,0
3532,970,1701,0
3533,972,1704,0
3538,971,1700,0
3536,973,1705,0
3533,974,1704,0
3533,977,1704,0
3529,978,1700,0
3526,975,1705,0
3531,976,1704,0
3527,974,1699,0
3526,974,1705,0
3526,973,1706,0
3524,969,1707,0
3527,971,1707,0
3528,973,1705,0
3528,975,1704,0
3528,978,1703,0
3524,977,1705,0
3527,976,1704,0
3529,975,1705,0
3529,971,1709,0
3529,969,1711,0
3531,970,1712,0
3533,967,1711,0
3536,964,1713,0
3540,964,1711,0
3542,967,1707,0
3537,966,1706,0
3533,971,1705,0
3532,968,1705,0
3529,968,1705,0
3522,970,1707,0
3514,971,1712,0
3511,969,1718,0
3513,967,1722,0
3519,965,1725,0
3521,966,1726,0
3522,965,1721,0
3522,962,1721,0
3517,966,1716,0
3514,967,1717,0
3508,968,1718,0
3504,970,1722,0
3500,969,1721,0
3504,971,1716,0
3503,974,1715,0
3503,978,1718,0
3505,978,1721,0
3515,977,1726,0
3521,975,1729,0
3525,971,1731,0
3527,970,1733,0
3528,964,1736,0
3529,959,1735,0
3534,957,1736,0
3533,958,1733,0
3531,956,1726,0
3526,959,1722,0
3525,965,1711,0
3517,972,1703,0
3519,976,1702,0
3517,980,1703,0
3519,978,1702,0
3517,976,1701,0
3514,975,1699,0
3515,973,1697,0
3513,972,1699,0
3515,970,1702,0
3519,968,1701,0
3520,966,1700,0
3526,960,1700,0
3525,962,1702,0
3523,962,1706,0
3519,957,1705,0
3516,954,1704,0
3510,955,1706,0
3517,959,1707,0
3515,961,1708,0
3519,961,1710,0
3524,962,1711,0
3528,962,1710,0
3532,964,1713,0
3533,972,1711,0
3535,975,1711,0
3532,976,1716,0
3526,979,1719,0
3524,983,1716,0
3521,982,1715,0
3517,980,1718,0
3518,977,1722,0
3521,975,1722,0
3526,971,1722,0
3528,969,1722,0
3528,967,1722,0
3526,966,1725,0
3528,959,1725,0
3528,956,1728,0
3528,952,1731,0
3524,951,1734,0
3521,948,1734,0
3519,948,1733,0
3513,943,1733,0
3512,940,1733,0
3510,938,1732,0
3509,936,1732,0
3514,933,1733,0
3517,930,1737,0
3513,929,1737,0
3515,929,1740,0
3516,928,1736,0
3520,928,1736,0
3521,929,1732,0
3520,925,1736,0
3517,926,1737,0
3517,926,1732,0
3516,925,1727,0
3516,925,1727,0
3515,928,1725,0
3517,932,1720,0
3515,940,1717,0
3519,943,1716,0
3522,946,1713,0
